#N E U 
-55.56 124.80 376.80 
177.47 -43.38 375.01 
-21.71 77.01 376.35 
91.81  -80.57 375.76 
153.70 -259.93 376.48 
-67.58 -22.36 376.18 
-118.04 -39.87 376.06 
-87.52 125.20 377.03 
-195.98 189.80 377.17 
-198.19 95.15 377.03 
-284.46 -196.18 374.91 
-388.15 -44.02 375.38 
-452.69 -15.93 375.13 
-468.82 185.19 374.77 
-364.52 183.10 375.75 
-369.61 266.48 375.26 
-518.05 632.50 372.66 
-489.94 604.57 372.96 
-575.56 415.01 373.41 
-585.68 -101.53 375.24 
-653.47 142.26 374.50 
-685.03 212.17 374.28 
-1079.60 87.02 377.10 
-1026.07 574.53 374.15 
-333.76 1660.73 371.29 
-227.15 898.13 373.76 
-173.72 781.64 374.27 
-256.95 892.01 373.56 
-195.02 762.89 374.14 
-249.65 731.71 373.84 
-300.70 704.33 373.56 
-889.47 1088.14 370.54 
716.39 1405.26 374.80 
288.07 618.27 375.17 
238.31 768.41 375.86 
227.88 819.72 375.81 
61.44 815.26 376.05 
-58.87 810.53 375.22 
35.22 950.24 376.35 
1.02 1412.36 373.84 
839.94 990.23 372.83 
1177.29 858.63 372.29 
"1 313.61" 553.37 370.51 
556.12 244.49 372.31 
571.54 359.21 372.55 
488.86 424.98 373.00 
528.60 539.19 372.83 
381.07 652.86 374.30 
1100.94 151.76 369.16 
1201.13 -443.25 368.46 
498.63 -264.59 373.25 
301.19 -48.95 374.63 
370.65 -38.42 374.35 
544.32 -91.15 372.84 
506.79 -3.22 372.82 
523.73 75.49 372.64 
653.77 -1037.75 371.19 
442.99 -835.31 372.32 
-58.80 -505.33 372.93 
37.07 -405.05 374.05 
232.84 -357.89 375.28 
257.98 -366.45 375.24 
325.69 -318.51 375.05 
326.10 -306.31 375.14 
-412.46 -409.06 374.00 
-141.90 -420.26 373.52 
-480.27 -817.32 375.79 
-575.53 -863.78 375.61 
-674.02 -638.87 375.41 
-631.40 -245.11 375.58 
-633.24 -169.36 375.65 
-568.54 -257.66 375.28 
168.15 -1018.99 375.90 
794.28 -806.81 373.80 
1197.78 -683.80 373.20 
1674.75 -467.63 371.00 
1471.12 172.88 373.40 
-328.53 2834.52 378.00 
876.13 2182.22 382.90 
672.53 2797.73 382.60 
1361.98 2462.00 386.60 
1677.34 2159.95 386.80 
892.87 1691.16 382.30 
1636.91 1498.35 382.00 
1880.69 -104.30 373.40 
2288.18 -255.02 373.10 
2408.46 26.80 374.70 
2240.68 412.00 375.50 
2702.84 934.85 378.50 
3030.81 1098.17 377.20 
3104.75 1641.83 380.60 
1987.81 -927.05 370.10 
1648.22 -1367.27 371.20 
1111.15 -1147.79 374.50 
819.27 -1398.74 373.70 
1329.02 -1854.26 370.90 
324.11 -2070.87 369.20 
517.91 -1485.11 373.80 
-1762.13 58.07 378.90 
-1596.08 -68.11 381.10 
-1475.94 -188.98 382.00 
-1358.07 -452.50 380.80 
-1170.78 -564.93 380.10 
-1098.76 -688.37 380.90 
-886.39 -775.26 379.80 
1642.14 851.35 377.40 
1922.54 1265.61 381.00 
2327.60 1024.86 378.30 
2669.92 583.17 376.70 
1992.91 622.24 379.00 
1563.41 -929.25 372.20 
-809.94 2564.34 374.20 
208.19 2670.47 382.20 
499.62 2357.47 381.50 
331.51 1959.63 379.20 
-51.47 2189.22 378.30 
-432.90 2050.64 375.80 
2054.31 1772.60 383.70 
2410.91 2213.58 386.10 
2857.35 1959.41 384.00 
2878.44 1445.63 381.20 
2344.69 1364.67 381.00 
2447.23 1789.49 382.20 
379.46 1543.31 378.60 
1225.22 1378.66 382.00 
1360.01 1857.33 383.70 
942.32 -1979.32 370.40 
-1932.08 183.67 378.00 