Ant061 6.437 4.975 61 6.43 4.962
Ant063 -0.29 -0.256 63 -0.3 -0.25
Ant064 6.804 1.32 64 6.812 1.308
Ant083 5.331 1.075 83 5.335 1.085
Ant136 -0.363 3.256 136 -0.355 3.254
Ant124 1.86 9.002 124 1.85 9.0
Ant123 0.923 6.104 123 0.905 6.103
Ant122 1.772 4.249 122 1.755 4.251
Ant084 4.3 3.282 84 4.31 3.295
Ant085 4.264 5.952 85 4.26 5.955
Ant086 5.668 6.391 86 5.672 6.397
Ant097 2.832 6.377 97 2.848 6.386
Ant121 1.122 2.964 121 1.105 2.962
Ant120 0.465 1.694 120 0.467 1.702
Ant099 2.546 1.643 99 2.54 1.642
Ant098 3.669 4.665 98 3.671 4.645
Ant134 -0.521 8.213 134 -0.502 8.217
Ant135 -1.115 6.463 135 -1.105 6.469
Ant152 -2.806 0.997 152 -2.8 1.001
Ant153 -2.829 3.659 153 -2.835 3.644
Ant201 -8.592 3.065 201 -8.585 3.049
Ant200 -9.235 4.437 200 -9.245 4.442
Ant199 -8.371 6.292 199 -8.358 6.294
Ant188 -6.389 6.799 188 -6.388 6.794
Ant154 -4.006 5.484 154 -3.992 5.494
Ant155 -2.164 5.559 155 -2.148 5.556
Ant156 -2.633 8.285 156 -2.643 8.304
Ant167 -5.292 8.106 167 -5.288 8.101
Ant187 -7.067 5.394 187 -7.051 5.4
Ant186 -6.682 2.538 186 -6.684 2.548
Ant169 -5.817 0.328 169 -5.833 0.338
Ant168 -4.416 2.63 168 -4.412 2.641
Ant118 0.096 -4.251 118 0.1 -4.243
Ant137 -1.077 -1.503 137 -1.058 -1.511
Ant138 -1.561 -4.804 138 -1.545 -4.8
Ant147 -2.159 -7.715 147 -2.152 -7.71
Ant204 -8.203 -4.107 204 -8.202 -4.096
Ant203 -9.162 -1.818 203 -9.162 -1.814
Ant185 -7.451 -0.822 185 -7.447 -0.821
Ant184 -6.412 -1.87 184 -6.411 -1.868
Ant148 -3.965 -7.691 148 -3.959 -7.707
Ant149 -2.891 -5.783 149 -2.897 -5.801
Ant150 -2.474 -3.156 150 -2.469 -3.145
Ant151 -3.184 -1.347 151 -3.199 -1.347
Ant183 -6.902 -5.162 183 -6.899 -5.163
Ant172 -4.753 -4.806 172 -4.727 -4.804
Ant171 -5.758 -3.317 171 -5.754 -3.326
Ant170 -4.786 -0.803 170 -4.789 -0.795
Ant065 6.986 -1.068 65 6.971 -1.048
Ant066 6.598 -2.775 66 6.595 -2.761
Ant079 4.95 -6.78 79 4.938 -6.785
Ant080 5.296 -5.349 80 5.279 -5.354
Ant139 -0.957 -6.503 139 -0.963 -6.501
Ant119 0.833 -2.608 119 0.84 -2.595
Ant117 0.996 -5.502 117 0.99 -5.501
Ant116 0.093 -7.806 116 0.101 -7.803
Ant081 4.958 -1.847 81 4.962 -1.851
Ant082 4.423 -0.144 82 4.404 -0.144
Ant100 2.204 -0.654 100 2.194 -0.649
Ant101 2.398 -2.458 101 2.396 -2.471
Ant105 2.734 -8.869 105 2.744 -8.864
Ant104 2.593 -7.404 104 2.604 -7.401
Ant103 2.38 -5.841 103 2.38 -5.842
Ant102 2.953 -4.096 102 2.957 -4.083
Ant006 14.604 8.192 6 14.608 8.211
Ant007 14.729 6.197 7 14.716 6.196
Ant008 15.694 4.799 8 15.705 4.789
Ant021 12.157 2.232 21 12.154 2.245
Ant062 7.79 4.892 62 7.792 4.903
Ant053 9.892 7.151 53 9.881 7.153
Ant052 8.311 6.642 52 8.304 6.612
Ant051 9.094 5.38 51 9.085 5.353
Ant023 13.773 4.843 23 13.764 4.841
Ant024 12.801 8.294 24 12.816 8.259
Ant025 13.79 10.863 25 13.789 10.852
Ant026 12.009 11.961 26 12.036 11.949
Ant032 10.252 3.567 32 10.252 3.551
Ant031 11.289 4.599 31 11.309 4.596
Ant030 11.243 6.708 30 11.264 6.701
Ant029 11.333 9.036 29 11.344 9.023
Ant027 11.502 13.196 27 11.513 13.2
Ant028 10.458 12.212 28 10.45 12.217
Ant054 8.796 9.25 54 8.784 9.238
Ant055 10.001 10.685 55 10.01 10.661
Ant096 3.316 8.612 96 3.311 8.612
Ant095 3.081 10.214 95 3.087 10.217
Ant091 5.744 14.64 91 5.753 14.638
Ant090 4.09 14.279 90 4.112 14.292
Ant056 8.635 12.256 56 8.656 12.258
Ant057 8.545 13.838 57 8.561 13.846
Ant058 6.93 16.071 58 6.93 16.054
Ant059 6.184 10.003 59 6.197 9.993
Ant089 6.002 12.159 89 5.993 12.157
Ant088 4.794 10.948 88 4.804 10.952
Ant087 5.082 8.318 87 5.095 8.319
Ant060 6.744 7.393 60 6.752 7.399
Ant092 4.352 17.054 92 4.366 17.057
Ant093 2.495 15.334 93 2.504 15.328
Ant094 2.889 12.925 94 2.913 12.931
Ant125 0.6 9.509 125 0.591 9.513
Ant162 -2.859 17.405 162 -2.862 17.403
Ant161 -2.165 15.282 161 -2.183 15.282
Ant160 -3.636 14.274 160 -3.654 14.285
Ant159 -2.128 13.196 159 -2.133 13.182
Ant126 1.387 11.821 126 1.41 11.835
Ant127 -0.01 12.536 127 0.004 12.543
Ant128 1.283 13.583 128 1.293 13.587
Ant129 1.646 16.931 129 1.642 16.927
Ant133 -0.861 9.515 133 -0.854 9.531
Ant132 -0.137 10.905 132 -0.156 10.907
Ant131 -0.727 13.72 131 -0.74 13.725
Ant130 -0.316 16.08 130 -0.325 16.093
Ant157 -2.033 10.655 157 -2.05 10.651
Ant158 -3.168 12.108 158 -3.187 12.103
Ant163 -4.758 16.072 163 -4.774 16.063
Ant164 -5.508 12.198 164 -5.492 12.189
Ant223 -11.239 11.255 223 -11.253 11.288
Ant197 -8.19 8.083 197 -8.199 8.095
Ant196 -9.917 8.893 196 -9.905 8.9
Ant195 -9.272 10.281 195 -9.254 10.288
Ant165 -5.397 10.693 165 -5.384 10.707
Ant166 -4.481 9.394 166 -4.489 9.392
Ant189 -6.532 9.288 189 -6.541 9.288
Ant190 -7.541 10.401 190 -7.532 10.397
Ant194 -8.343 11.682 194 -8.358 11.699
Ant193 -9.742 12.932 193 -9.756 12.952
Ant192 -7.917 14.996 192 -7.917 14.994
Ant191 -6.767 13.842 191 -6.792 13.849
Ant198 -9.462 7.281 198 -9.453 7.297
Ant220 -11.908 3.791 220 -11.908 3.801
Ant221 -10.96 6.078 221 -10.942 6.063
Ant222 -10.827 9.947 222 -10.829 9.952
Ant252 -17.345 3.104 252 -17.351 3.087
Ant251 -16.081 6.977 251 -16.091 6.981
Ant250 -14.881 9.472 250 -14.874 9.453
Ant249 -14.287 6.431 249 -14.296 6.441
Ant224 -12.238 12.349 224 -12.253 12.363
Ant225 -13.345 11.344 225 -13.352 11.355
Ant226 -12.502 9.779 226 -12.507 9.77
Ant227 -12.13 8.091 227 -12.116 8.103
Ant248 -15.854 5.159 248 -15.856 5.157
Ant247 -14.912 3.975 247 -14.912 3.987
Ant246 -15.692 2.723 246 -15.698 2.733
Ant228 -13.072 4.618 228 -13.061 4.605
Ant202 -9.253 0.897 202 -9.261 0.886
Ant217 -11.219 -2.175 217 -11.216 -2.176
Ant218 -10.998 1.059 218 -11.003 1.05
Ant219 -10.528 2.941 219 -10.547 2.946
Ant255 -16.12 -3.157 255 -16.111 -3.168
Ant254 -16.958 -0.291 254 -16.951 -0.293
Ant253 -17.011 1.29 253 -17.001 1.286
Ant245 -15.487 1.304 245 -15.497 1.285
Ant229 -12.963 2.788 229 -12.946 2.799
Ant230 -13.654 0.576 230 -13.669 0.581
Ant231 -12.378 -0.773 231 -12.389 -0.759
Ant240 -15.151 -4.601 240 -15.17 -4.606
Ant244 -15.256 -0.404 244 -15.246 -0.414
Ant243 -14.105 -1.391 243 -14.1 -1.397
Ant242 -15.911 -1.749 242 -15.917 -1.758
Ant241 -14.205 -3.402 241 -14.209 -3.415
Ant205 -8.348 -5.613 205 -8.337 -5.609
Ant206 -8.909 -7.645 206 -8.914 -7.639
Ant212 -11.725 -10.768 212 -11.71 -10.743
Ant213 -10.808 -9.328 213 -10.825 -9.302
Ant256 -16.353 -5.907 256 -16.362 -5.906
Ant239 -14.17 -5.84 239 -14.164 -5.852
Ant238 -14.817 -7.644 238 -14.807 -7.635
Ant237 -14.229 -8.962 237 -14.217 -8.943
Ant214 -10.658 -6.94 214 -10.659 -6.96
Ant215 -11.922 -5.501 215 -11.915 -5.518
Ant216 -10.025 -3.676 216 -10.031 -3.662
Ant232 -13.023 -4.381 232 -13.036 -4.385
Ant236 -12.365 -12.505 236 -12.376 -12.504
Ant235 -13.914 -10.645 235 -13.916 -10.641
Ant234 -12.584 -8.743 234 -12.589 -8.739
Ant233 -12.903 -7.197 233 -12.915 -7.2
Ant140 -1.431 -10.002 140 -1.428 -10.007
Ant145 -3.093 -11.075 145 -3.089 -11.059
Ant146 -2.489 -9.087 146 -2.497 -9.105
Ant173 -4.494 -9.103 173 -4.491 -9.096
Ant211 -10.249 -11.693 211 -10.235 -11.699
Ant210 -10.161 -13.664 210 -10.167 -13.662
Ant209 -8.993 -12.888 209 -8.988 -12.891
Ant208 -8.812 -10.788 208 -8.816 -10.801
Ant174 -4.841 -11.454 174 -4.842 -11.461
Ant175 -5.489 -12.836 175 -5.486 -12.852
Ant178 -6.413 -15.192 178 -6.433 -15.194
Ant179 -7.788 -14.449 179 -7.816 -14.459
Ant207 -9.269 -9.281 207 -9.304 -9.294
Ant182 -5.992 -8.978 182 -5.988 -8.997
Ant181 -7.465 -9.757 181 -7.476 -9.758
Ant180 -6.793 -11.872 180 -6.786 -11.855
Ant073 4.653 -16.851 73 4.655 -16.851
Ant107 2.901 -14.38 107 2.904 -14.392
Ant108 2.622 -15.922 108 2.636 -15.901
Ant109 2.864 -17.295 109 2.857 -17.29
Ant177 -4.154 -16.401 177 -4.145 -16.397
Ant176 -4.144 -13.986 176 -4.14 -13.982
Ant144 -3.448 -12.712 144 -3.463 -12.712
Ant143 -2.284 -14.023 143 -2.289 -14.021
Ant110 1.261 -17.549 110 1.263 -17.552
Ant111 0.503 -15.756 111 0.514 -15.749
Ant112 1.409 -13.889 112 1.392 -13.896
Ant113 0.022 -13.472 113 0.043 -13.484
Ant142 -2.778 -15.669 142 -2.793 -15.662
Ant141 -1.437 -17.063 141 -1.431 -17.048
Ant115 1.894 -11.231 115 1.901 -11.239
Ant114 0.297 -11.446 114 0.298 -11.452
Ant040 10.081 -12.436 40 10.084 -12.449
Ant041 9.683 -14.644 41 9.697 -14.654
Ant042 8.451 -12.479 42 8.457 -12.485
Ant043 9.461 -10.845 43 9.453 -10.85
Ant106 3.621 -11.93 106 3.636 -11.936
Ant078 4.5 -8.239 78 4.492 -8.252
Ant077 5.156 -9.882 77 5.147 -9.886
Ant076 4.946 -11.443 76 4.963 -11.44
Ant045 8.395 -8.347 45 8.404 -8.345
Ant068 6.099 -8.25 68 6.087 -8.256
Ant069 7.845 -9.898 69 7.844 -9.897
Ant070 7.755 -11.293 70 7.736 -11.288
Ant075 4.015 -13.262 75 4.037 -13.253
Ant074 5.711 -15.634 74 5.717 -15.612
Ant072 7.455 -14.797 72 7.468 -14.803
Ant071 6.771 -12.75 71 6.789 -12.76
Ant001 16.202 -6.317 1 16.192 -6.311
Ant012 14.161 -5.077 12 14.149 -5.088
Ant013 14.233 -7.227 13 14.218 -7.234
Ant014 12.316 -11.039 14 12.308 -11.036
Ant067 7.301 -5.672 67 7.297 -5.688
Ant048 9.345 -2.736 48 9.341 -2.754
Ant047 8.201 -4.62 47 8.206 -4.626
Ant046 9.913 -7.819 46 9.904 -7.818
Ant015 13.605 -9.468 15 13.594 -9.471
Ant016 12.548 -7.184 16 12.549 -7.195
Ant017 12.56 -4.078 17 12.552 -4.083
Ant036 11.145 -2.181 36 11.141 -2.168
Ant044 9.675 -9.42 44 9.7 -9.414
Ant039 11.105 -9.682 39 11.088 -9.689
Ant038 10.95 -6.491 38 10.947 -6.484
Ant037 11.046 -3.639 37 11.045 -3.639
Ant002 16.448 -3.671 2 16.444 -3.658
Ant003 17.517 -1.114 3 17.52 -1.107
Ant004 16.81 0.961 4 16.803 0.954
Ant005 16.658 3.036 5 16.656 3.05
Ant050 8.131 1.038 50 8.143 1.041
Ant049 9.155 -0.467 49 9.145 -0.447
Ant035 10.64 -0.779 35 10.646 -0.766
Ant034 11.507 1.024 34 11.491 1.015
Ant009 14.096 -0.643 9 14.114 -0.647
Ant010 15.053 -1.837 10 15.063 -1.841
Ant011 14.706 -3.576 11 14.692 -3.579
Ant018 12.66 -1.845 18 12.648 -1.83
Ant033 10.136 1.94 33 10.143 1.95
Ant022 13.759 3.242 22 13.758 3.244
Ant020 13.901 0.835 20 13.904 0.828
Ant019 12.608 0.097 19 12.608 0.091
