4.3445 17.0720     0.0
2.4961 15.3444     0.0  
2.9223 12.9283     0.0  
0.5887 9.5060      0.0  
1.4247 11.8288     0.0  
0.0007 12.5445     0.0  
1.3051 13.6068     0.0 
1.6435 16.9369     0.0  
-0.3162 16.1116    0.0 
-0.7595 13.7452    0.0 
-0.1443 10.9166    0.0 
-0.8417 9.5505     0.0 
-2.1520 13.1774    0.0
-3.6663 14.2785    0.0
-2.2170 15.3144    0.0
-2.8659 17.3951    0.0
-8.3743 -5.6096    0.0
-8.8932 -7.6513    0.0
-11.7120 -10.7410  0.0
-10.7878 -9.3238   0.0
-10.6364 -6.9565   0.0
-11.8965 -5.4983   0.0
-10.0460 -3.6411   0.0
-13.0516 -4.3921   0.0
-12.8901 -7.2079   0.0
-12.5751 -8.7413   0.0
-13.9215 -10.6486  0.0 
-12.3317 -12.5095  0.0 
-14.2029 -8.9538   0.0 
-14.7804 -7.6571   0.0 
-14.1523 -5.8717   0.0 
-16.3282 -5.9127   0.0 
16.4284 -3.6582    0.0 
17.5250 -1.1232    0.0 
16.8068 0.9433     0.0 
16.6263 3.0436     0.0 
14.0763 -0.6413    0.0 
15.0255 -1.8476    0.0 
14.7125 -3.5754    0.0 
12.6690 -1.8381    0.0 
12.6019 0.1219     0.0 
13.8768 0.8312     0.0 
13.7699 3.2684     0.0 
10.1614 1.9406     0.0 
11.5182 0.9907     0.0 
10.6486 -0.7714    0.0 
9.1510 -0.4544     0.0 
8.1745 1.0603      0.0 
