1.7395069610000000e+001   -2.8658954560000001e+000   0.000
1.5314435160000000e+001   -2.2170218100000003e+000   0.000
1.6027581560000002e+001   -4.7478593689999995e+000   0.000
1.6111556920000002e+001   -3.1618899520000004e-001   0.000
1.4278538339999999e+001   -3.6663010330000003e+000   0.000
1.3745187809999999e+001   -7.5949632960000002e-001   0.000
1.3177416460000000e+001   -2.1520391850000000e+000   0.000
1.6936934359999999e+001   1.6434543309999998e+000   0.000
1.2095369150000000e+001   -3.2148631300000003e+000   0.000
1.3831881650000000e+001   -6.8062990490000006e+000   0.000
1.5018803519999999e+001   -7.8794895699999996e+000   0.000
1.2544491660000000e+001   7.4638493900000004e-004   0.000
1.3606811850000000e+001   1.3051054209999999e+000   0.000
1.5344368890000000e+001   2.4960876050000000e+000   0.000
1.2214188270000001e+001   -5.4936982099999998e+000   0.000
1.0669355720000000e+001   -2.0492729599999997e+000   0.000
9.4443698989999998e+000   -1.4882272600000000e+001   0.000
9.7610659769999994e+000   -1.2508897419999998e+001   0.000
1.1332085760000000e+001   -1.3374133870000000e+001   0.000
6.9833061690000005e+000   -1.6075398150000002e+001   0.000
6.4607130669999995e+000   -1.4288060880000002e+001   0.000
8.1093157549999990e+000   -1.2101534520000000e+001   0.000
1.2352600730000001e+001   -1.2252504750000000e+001   0.000
9.9520681779999993e+000   -1.0845436299999999e+001   0.000
1.1324964459999999e+001   -1.1236013269999999e+001   0.000
5.1704949649999996e+000   -1.5854972900000000e+001   0.000
8.8870195350000003e+000   -9.9108593430000003e+000   0.000
4.6153465159999998e+000   -1.3048984630000001e+001   0.000
6.0362053649999998e+000   -1.0845669290000000e+001   0.000
3.9806651400000002e+000   -1.4924603990000000e+001   0.000
1.0278456830000000e+001   -9.2323746979999992e+000   0.000
7.3087367419999998e+000   -9.4278807199999992e+000   0.000
1.7072031169999999e+001   4.3444679019999999e+000   0.000
1.4311138960000001e+001   4.1006670519999995e+000   0.000
1.4665151260000000e+001   5.7263321920000001e+000   0.000
1.6051001780000000e+001   6.9677010179999996e+000   0.000
1.2928310240000000e+001   2.9223078660000001e+000   0.000
1.2152256020000001e+001   5.9971233570000004e+000   0.000
1.3831235230000001e+001   8.5701095519999999e+000   0.000
1.1828838260000001e+001   1.4247176079999999e+000   0.000
1.0961951760000000e+001   4.7830702650000001e+000   0.000
1.2269082650000000e+001   8.6624304800000012e+000   0.000
1.0183008910000000e+001   3.0838688050000003e+000   0.000
9.9864742279999987e+000   6.1755212989999997e+000   0.000
1.0916605280000001e+001   -1.4427223150000001e-001   0.000
1.2206799940000002e+001   1.0460296710000000e+001   0.000
1.3202564389999999e+001   1.1502112370000001e+001   0.000
9.5059967880000009e+000   5.8865389400000001e-001   0.000
3.1206444360000001e+000   -1.7327415920000000e+001   0.000
2.7421263359999997e+000   -1.5708095310000001e+001   0.000
1.3102421320000002e+000   -1.6991473180000000e+001   0.000
1.3096105240000000e+000   -1.5519152159999999e+001   0.000
-3.0590937619999997e-001   -1.6943262090000001e+001   0.000
-4.1848907559999998e-001   -1.5256715560000000e+001   0.000
2.7804213820000001e+000   -1.2952479300000000e+001   0.000
6.2058165980000002e-001   -1.3626809030000000e+001   0.000
-1.7681731640000000e+000   -1.5899492360000000e+001   0.000
3.8228324190000000e+000   -1.1921162440000000e+001   0.000
-1.4171149569999999e+000   -1.4078498070000000e+001   0.000
-7.4403045589999994e-001   -1.2377202600000000e+001   0.000
-3.1337715500000001e+000   -1.6099103570000000e+001   0.000
1.0582190889999998e+000   -1.1013990710000000e+001   0.000
2.9355353329999998e+000   -1.0543408370000000e+001   0.000
-3.4044365710000002e+000   -1.4198334290000000e+001   0.000
-1.7554271229999998e+001   1.2633453760000000e+000   0.000
-1.7291274710000003e+001   2.8322965860000000e+000   0.000
-1.5735097919999999e+001   5.0734009059999996e-001   0.000
-1.5919591969999999e+001   2.6706539180000002e+000   0.000
-1.7040956959999999e+001   -1.4502315080000001e+000   0.000
-1.6867783490000001e+001   4.6385929800000003e+000   0.000
-1.4417845549999999e+001   2.8975773279999997e+000   0.000
-1.3917899310000001e+001   1.4210853870000000e+000   0.000
-1.3507449119999999e+001   5.5904834350000002e-002   0.000
-1.5638102180000001e+001   -2.7922495450000002e+000   0.000
-1.5620429550000001e+001   5.6846242380000005e+000   0.000
-1.4016200039999999e+001   -2.3153814600000002e+000   0.000
-1.3255940270000000e+001   4.0717227380000001e+000   0.000
-1.6383159910000000e+001   -4.1385960109999997e+000   0.000
-1.1937362360000000e+001   3.6265343390000000e+000   0.000
-1.1440366210000001e+001   3.0386503440000001e-001   0.000
1.0853307270000000e+001   1.3822821050000000e+001   0.000
1.1940587649999999e+001   1.2073323060000000e+001   0.000
8.2095950650000002e+000   1.4610282000000000e+001   0.000
8.2656633980000009e+000   1.2806114460000000e+001   0.000
8.9837634929999997e+000   1.1359039910000000e+001   0.000
1.0660086649999998e+001   9.9939346750000002e+000   0.000
6.1959693189999996e+000   1.4704676380000000e+001   0.000
6.6881668099999994e+000   1.1249686929999999e+001   0.000
9.2729274000000004e+000   8.8239764940000001e+000   0.000
7.1538677310000001e+000   9.8971115530000002e+000   0.000
4.8470635130000002e+000   1.3740551380000001e+001   0.000
4.8028267290000004e+000   1.5721146120000000e+001   0.000
4.5761091540000001e+000   1.1297868510000001e+001   0.000
6.5906251730000003e+000   8.2756345939999996e+000   0.000
5.3366347640000003e+000   9.1093851749999999e+000   0.000
3.2683518560000002e+000   1.3769861860000001e+001   0.000
-1.2509497009999999e+001   -1.2331695690000000e+001   0.000
-1.0741026079999999e+001   -1.1711997439999999e+001   0.000
-1.1675912420000001e+001   -1.0243932640000001e+001   0.000
-1.0648609710000001e+001   -1.3921523690000001e+001   0.000
-1.3669363520000001e+001   -1.0174740840000000e+001   0.000
-1.2888475469999999e+001   -9.0237215730000013e+000   0.000
-9.3238244529999985e+000   -1.0787774369999999e+001   0.000
-8.7412805799999997e+000   -1.2575108070000001e+001   0.000
-1.0815267980000000e+001   -8.7778613239999999e+000   0.000
-8.9537955949999990e+000   -1.4202865100000000e+001   0.000
-9.2784120669999997e+000   -9.3112499800000013e+000   0.000
-1.4465992290000001e+001   -7.8035322180000000e+000   0.000
-7.2078915590000001e+000   -1.2890064130000001e+001   0.000
-7.6571451509999999e+000   -1.4780374669999999e+001   0.000
-1.1829947530000000e+001   -6.8141268490000000e+000   0.000
-9.7458545450000003e+000   -7.4819031269999998e+000   0.000
-1.1231680330000000e+000   1.7524964409999999e+001   0.000
9.4325736500000001e-001   1.6806779510000002e+001   0.000
-1.8476055080000000e+000   1.5025546050000001e+001   0.000
-3.6582065950000002e+000   1.6428448970000002e+001   0.000
-6.4133241529999996e-001   1.4076275279999999e+001   0.000
-3.5753640390000001e+000   1.4712496260000000e+001   0.000
8.3119948490000006e-001   1.3876832940000000e+001   0.000
3.0436095839999999e+000   1.6626277360000000e+001   0.000
-1.8381224010000001e+000   1.2668992790000001e+001   0.000
1.2185331429999999e-001   1.2601899320000001e+001   0.000
-5.1096245289999995e+000   1.4170523610000000e+001   0.000
-6.3201541030000001e+000   1.6207757470000001e+001   0.000
-4.0884106669999998e+000   1.2559642510000000e+001   0.000
2.2727851890000004e+000   1.2171462649999999e+001   0.000
9.9074427290000000e-001   1.1518188300000000e+001   0.000
-2.1273386460000001e+000   1.1173551059999999e+001   0.000
-1.4626857229999999e+001   9.7004862940000010e+000   0.000
-1.2474587710000000e+001   1.0105975210000000e+001   0.000
-1.4780031899999999e+001   7.4405378689999999e+000   0.000
-1.2505309649999999e+001   8.4530252089999998e+000   0.000
-1.2766674549999999e+001   6.8105630589999997e+000   0.000
-1.0839434830000000e+001   9.4381722240000006e+000   0.000
-1.1310655150000001e+001   7.7284874959999996e+000   0.000
-1.1071826320000000e+001   1.2315590420000001e+001   0.000
-9.8767938190000013e+000   7.8398895230000001e+000   0.000
-9.6775737320000008e+000   1.1112192680000000e+001   0.000
-9.3856334239999999e+000   9.7091994030000013e+000   0.000
-1.1430260190000000e+001   4.9518634940000004e+000   0.000
-8.3498164780000010e+000   8.4112661499999994e+000   0.000
-9.4582422719999997e+000   1.3577975950000001e+001   0.000
-9.8765247980000002e+000   5.1640877889999999e+000   0.000
-7.7936328059999997e+000   9.9151250290000004e+000   0.000
-5.9126714209999998e+000   -1.6328203290000001e+001   0.000
-4.6195806739999998e+000   -1.5164551650000000e+001   0.000
-5.8717319029999997e+000   -1.4152274160000001e+001   0.000
-4.3921411660000000e+000   -1.3051620880000000e+001   0.000
-5.4982761490000005e+000   -1.1896513250000000e+001   0.000
-6.9565008959999997e+000   -1.0636410809999999e+001   0.000
-2.1736422759999998e+000   -1.1186408860000000e+001   0.000
-3.6410894579999997e+000   -1.0046024939999999e+001   0.000
-7.6513368389999998e+000   -8.8931904169999996e+000   0.000
-5.6096065729999998e+000   -8.3742910459999997e+000   0.000
-1.8239737740000002e+000   -9.1658846890000003e+000   0.000
-4.0846362259999998e+000   -8.2103757149999996e+000   0.000
-5.1748387800000000e+000   -6.8893422289999995e+000   0.000
9.1210364089999996e-001   -9.2728379780000001e+000   0.000
-8.0146015500000001e-001   -7.4372643219999999e+000   0.000
-1.8628947080000000e+000   -6.4165742190000001e+000   0.000
-1.5201147070000001e+001   -6.4593741389999995e+000   0.000
-1.2844864570000000e+001   -5.4993898300000001e+000   0.000
-1.3977946030000000e+001   -4.1384529030000001e+000   0.000
-1.2697795820000000e+001   -3.4746770869999999e+000   0.000
-1.1452871300000000e+001   -4.8335070430000000e+000   0.000
-1.1045343430000001e+001   -3.0797194829999999e+000   0.000
-9.0205396340000004e+000   -6.0053382840000005e+000   0.000
-9.0852798170000000e+000   -4.4826135109999994e+000   0.000
-1.0001443100000001e+001   -1.4309098260000002e+000   0.000
-9.0914878979999987e+000   -2.4852139870000003e+000   0.000
-7.6758505619999999e+000   -3.9301467160000003e+000   0.000
-7.7128562079999998e+000   -2.1259780359999998e+000   0.000
-1.1243222250000001e+001   1.9022167420000000e+000   0.000
-7.7784846100000005e+000   1.2135547780000000e-001   0.000
-5.7845956679999997e+000   -2.9050803000000003e+000   0.000
-6.5050865320000000e+000   -9.6443178950000008e-001   0.000
1.2971179859999999e+001   -9.7509923729999990e+000   0.000
1.1722467030000001e+001   -8.3459557049999997e+000   0.000
1.0389200639999999e+001   -7.5626174090000005e+000   0.000
9.3242746700000012e+000   -6.5713319290000003e+000   0.000
1.0712765220000000e+001   -5.3866714599999996e+000   0.000
8.1175006659999998e+000   -8.1760446540000000e+000   0.000
9.3779000759999995e+000   -4.4815149700000001e+000   0.000
8.1108725000000010e+000   -5.3133152330000000e+000   0.000
6.2867883050000000e+000   -8.3315769149999994e+000   0.000
6.7785306819999995e+000   -6.4013578550000005e+000   0.000
5.4004338799999996e+000   -7.0336347689999998e+000   0.000
8.3148608609999997e+000   -2.6417019780000000e+000   0.000
4.4677956500000002e+000   -9.2516232639999991e+000   0.000
5.5154998199999996e+000   -3.9902709880000002e+000   0.000
9.5504519160000001e+000   -8.4165821080000003e-001   0.000
3.0280128650000000e+000   -8.5859089660000016e+000   0.000
-7.2674965270000005e+000   1.4216602160000001e+001   0.000
-7.2089795470000002e+000   1.2551055570000001e+001   0.000
-6.5111492850000001e+000   1.0971659949999999e+001   0.000
-3.6343219479999997e+000   1.1070545940000001e+001   0.000
-4.6056891020000004e+000   8.1951564410000000e+000   0.000
-2.7293837520000004e+000   9.3336389969999995e+000   0.000
-5.7245319690000001e+000   7.3213586880000001e+000   0.000
-7.7135033250000007e-001   1.0648552900000000e+001   0.000
-8.2429201790000004e+000   6.1219287839999996e+000   0.000
-4.5438174789999997e-001   9.1510469219999990e+000   0.000
-2.7281357580000001e+000   6.6137306989999995e+000   0.000
-5.3653326899999998e+000   5.2903751220000004e+000   0.000
-6.8036854980000001e+000   4.9332359319999997e+000   0.000
-1.0436619480000000e+000   6.9351791719999998e+000   0.000
-8.2337796200000000e+000   4.5151880899999997e+000   0.000
1.9405649320000000e+000   1.0161441099999999e+001   0.000
3.5287752950000000e+000   1.0251849159999999e+001   0.000
4.8867137779999998e+000   7.8092632069999999e+000   0.000
1.0602630850000001e+000   8.1744904070000004e+000   0.000
4.9454746299999996e+000   6.4314598370000002e+000   0.000
1.2801830700000001e+000   6.7924959950000003e+000   0.000
7.4225194119999998e+000   6.7676576739999996e+000   0.000
6.3953739379999996e+000   5.6460281649999997e+000   0.000
1.0775156539999999e+000   5.3558682399999995e+000   0.000
3.3239190000000001e+000   4.3457502180000001e+000   0.000
5.9665270730000000e+000   4.2303901069999998e+000   0.000
4.6644842440000005e+000   3.6443246549999997e+000   0.000
-1.3210303300000001e-001   4.3896512110000003e+000   0.000
8.3119260809999993e+000   5.0832576859999996e+000   0.000
-1.8329808900000000e+000   4.9566351530000006e+000   0.000
6.3842137929999998e+000   2.8379058850000001e+000   0.000
1.6435819540000001e+000   2.5309777819999999e+000   0.000
-8.8557402750000005e+000   2.7634880859999997e+000   0.000
-7.4054602020000004e+000   2.6081510410000002e+000   0.000
-5.8726080239999998e+000   2.4045116549999999e+000   0.000
-5.5024330170000004e+000   9.8682082270000004e-001   0.000
-4.1165020539999997e+000   2.9464975009999996e+000   0.000
-4.2695584300000000e+000   8.3758579260000007e-002   0.000
-4.7981738979999999e+000   -1.5419169500000001e+000   0.000
-2.4294480450000000e+000   2.4173184120000002e+000   0.000
-2.5875583190000002e+000   8.6517596490000004e-001   0.000
-3.1711575020000002e+000   -2.4281532189999999e+000   0.000
-6.5931553110000007e-001   2.1779877839999999e+000   0.000
-1.5032325069999999e+000   -1.0250433290000001e+000   0.000
-4.8083555480000006e+000   -4.7301962489999996e+000   0.000
-2.5371892730000001e-001   -3.0036019030000000e-001   0.000
-1.3641832930000000e+000   -3.1946608070000000e+000   0.000
-3.3078299680000001e+000   -5.7676627490000003e+000   0.000
5.5329489690000004e+000   -2.1251899239999998e+000   0.000
6.0911567629999999e+000   9.0559833150000002e-001   0.000
6.4650778889999998e+000   -1.0791774210000000e+000   0.000
8.2026668430000012e+000   -5.1198889349999999e-001   0.000
3.2782159680000000e-001   -5.8388571530000002e+000   0.000
1.7012470760000000e+000   4.4326776030000004e-001   0.000
2.9632635089999999e+000   1.0776380830000001e+000   0.000
3.6354836110000002e+000   -2.8331090919999999e+000   0.000
2.6472727140000001e+000   -4.3895015599999994e+000   0.000
2.5288355530000000e+000   -6.7208586400000003e+000   0.000
1.0114097320000000e+000   -2.8059611229999999e+000   0.000
8.5995491210000008e+000   3.3022073869999997e+000   0.000
3.2614751179999999e+000   -3.5895986940000002e-001   0.000
4.2666705149999995e+000   1.7267130760000000e+000   0.000
-8.1494012360000001e-001   -4.7761655820000000e+000   0.000
8.9916928130000002e+000   1.8656150230000001e+000   0.000
