   1.0000000e+00   1.6192000e+01  -6.3110000e+00
   2.0000000e+00   1.6444000e+01  -3.6580000e+00
   3.0000000e+00   1.7520000e+01  -1.1070000e+00
   4.0000000e+00   1.6803000e+01   9.5400000e-01
   5.0000000e+00   1.6656000e+01   3.0500000e+00
   6.0000000e+00   1.4608000e+01   8.2110000e+00
   7.0000000e+00   1.4716000e+01   6.1960000e+00
   8.0000000e+00   1.5705000e+01   4.7890000e+00
   9.0000000e+00   1.4114000e+01  -6.4700000e-01
   1.0000000e+01   1.5063000e+01  -1.8410000e+00
   1.1000000e+01   1.4692000e+01  -3.5790000e+00
   1.2000000e+01   1.4149000e+01  -5.0880000e+00
   1.3000000e+01   1.4218000e+01  -7.2340000e+00
   1.4000000e+01   1.2308000e+01  -1.1036000e+01
   1.5000000e+01   1.3594000e+01  -9.4710000e+00
   1.6000000e+01   1.2549000e+01  -7.1950000e+00
   1.7000000e+01   1.2552000e+01  -4.0830000e+00
   1.8000000e+01   1.2648000e+01  -1.8300000e+00
   1.9000000e+01   1.2608000e+01   9.1000000e-02
   2.0000000e+01   1.3904000e+01   8.2800000e-01
   2.1000000e+01   1.2154000e+01   2.2450000e+00
   2.2000000e+01   1.3758000e+01   3.2440000e+00
   2.3000000e+01   1.3764000e+01   4.8410000e+00
   2.4000000e+01   1.2816000e+01   8.2590000e+00
   2.5000000e+01   1.3789000e+01   1.0852000e+01
   2.6000000e+01   1.2036000e+01   1.1949000e+01
   2.7000000e+01   1.1513000e+01   1.3200000e+01
   2.8000000e+01   1.0450000e+01   1.2217000e+01
   2.9000000e+01   1.1344000e+01   9.0230000e+00
   3.0000000e+01   1.1264000e+01   6.7010000e+00
   3.1000000e+01   1.1309000e+01   4.5960000e+00
   3.2000000e+01   1.0252000e+01   3.5510000e+00
   3.3000000e+01   1.0143000e+01   1.9500000e+00
   3.4000000e+01   1.1491000e+01   1.0150000e+00
   3.5000000e+01   1.0646000e+01  -7.6600000e-01
   3.6000000e+01   1.1141000e+01  -2.1680000e+00
   3.7000000e+01   1.1045000e+01  -3.6390000e+00
   3.8000000e+01   1.0947000e+01  -6.4840000e+00
   3.9000000e+01   1.1088000e+01  -9.6890000e+00
   4.0000000e+01   1.0084000e+01  -1.2449000e+01
   4.1000000e+01   9.6970000e+00  -1.4654000e+01
   4.2000000e+01   8.4570000e+00  -1.2485000e+01
   4.3000000e+01   9.4530000e+00  -1.0850000e+01
   4.4000000e+01   9.7000000e+00  -9.4140000e+00
   4.5000000e+01   8.4040000e+00  -8.3450000e+00
   4.6000000e+01   9.9040000e+00  -7.8180000e+00
   4.7000000e+01   8.2060000e+00  -4.6260000e+00
   4.8000000e+01   9.3410000e+00  -2.7540000e+00
   4.9000000e+01   9.1450000e+00  -4.4700000e-01
   5.0000000e+01   8.1430000e+00   1.0410000e+00
   5.1000000e+01   9.0850000e+00   5.3530000e+00
   5.2000000e+01   8.3040000e+00   6.6120000e+00
   5.3000000e+01   9.8810000e+00   7.1530000e+00
   5.4000000e+01   8.7840000e+00   9.2380000e+00
   5.5000000e+01   1.0010000e+01   1.0661000e+01
   5.6000000e+01   8.6560000e+00   1.2258000e+01
   5.7000000e+01   8.5610000e+00   1.3846000e+01
   5.8000000e+01   6.9300000e+00   1.6054000e+01
   5.9000000e+01   6.1970000e+00   9.9930000e+00
   6.0000000e+01   6.7520000e+00   7.3990000e+00
   6.1000000e+01   6.4300000e+00   4.9620000e+00
   6.2000000e+01   7.7920000e+00   4.9030000e+00
   6.3000000e+01  -3.0000000e-01  -2.5000000e-01
   6.4000000e+01   6.8120000e+00   1.3080000e+00
   6.5000000e+01   6.9710000e+00  -1.0480000e+00
   6.6000000e+01   6.5950000e+00  -2.7610000e+00
   6.7000000e+01   7.2970000e+00  -5.6880000e+00
   6.8000000e+01   6.0870000e+00  -8.2560000e+00
   6.9000000e+01   7.8440000e+00  -9.8970000e+00
   7.0000000e+01   7.7360000e+00  -1.1288000e+01
   7.1000000e+01   6.7890000e+00  -1.2760000e+01
   7.2000000e+01   7.4680000e+00  -1.4803000e+01
   7.3000000e+01   4.6550000e+00  -1.6851000e+01
   7.4000000e+01   5.7170000e+00  -1.5612000e+01
   7.5000000e+01   4.0370000e+00  -1.3253000e+01
   7.6000000e+01   4.9630000e+00  -1.1440000e+01
   7.7000000e+01   5.1470000e+00  -9.8860000e+00
   7.8000000e+01   4.4920000e+00  -8.2520000e+00
   7.9000000e+01   4.9380000e+00  -6.7850000e+00
   8.0000000e+01   5.2790000e+00  -5.3540000e+00
   8.1000000e+01   4.9620000e+00  -1.8510000e+00
   8.2000000e+01   4.4040000e+00  -1.4400000e-01
   8.3000000e+01   5.3350000e+00   1.0850000e+00
   8.4000000e+01   4.3100000e+00   3.2950000e+00
   8.5000000e+01   4.2600000e+00   5.9550000e+00
   8.6000000e+01   5.6720000e+00   6.3970000e+00
   8.7000000e+01   5.0950000e+00   8.3190000e+00
   8.8000000e+01   4.8040000e+00   1.0952000e+01
   8.9000000e+01   5.9930000e+00   1.2157000e+01
   9.0000000e+01   4.1120000e+00   1.4292000e+01
   9.1000000e+01   5.7530000e+00   1.4638000e+01
   9.2000000e+01   4.3660000e+00   1.7057000e+01
   9.3000000e+01   2.5040000e+00   1.5328000e+01
   9.4000000e+01   2.9130000e+00   1.2931000e+01
   9.5000000e+01   3.0870000e+00   1.0217000e+01
   9.6000000e+01   3.3110000e+00   8.6120000e+00
   9.7000000e+01   2.8480000e+00   6.3860000e+00
   9.8000000e+01   3.6710000e+00   4.6450000e+00
   9.9000000e+01   2.5400000e+00   1.6420000e+00
   1.0000000e+02   2.1940000e+00  -6.4900000e-01
   1.0100000e+02   2.3960000e+00  -2.4710000e+00
   1.0200000e+02   2.9570000e+00  -4.0830000e+00
   1.0300000e+02   2.3800000e+00  -5.8420000e+00
   1.0400000e+02   2.6040000e+00  -7.4010000e+00
   1.0500000e+02   2.7440000e+00  -8.8640000e+00
   1.0600000e+02   3.6360000e+00  -1.1936000e+01
   1.0700000e+02   2.9040000e+00  -1.4392000e+01
   1.0800000e+02   2.6360000e+00  -1.5901000e+01
   1.0900000e+02   2.8570000e+00  -1.7290000e+01
   1.1000000e+02   1.2630000e+00  -1.7552000e+01
   1.1100000e+02   5.1400000e-01  -1.5749000e+01
   1.1200000e+02   1.3920000e+00  -1.3896000e+01
   1.1300000e+02   4.3000000e-02  -1.3484000e+01
   1.1400000e+02   2.9800000e-01  -1.1452000e+01
   1.1500000e+02   1.9010000e+00  -1.1239000e+01
   1.1600000e+02   1.0100000e-01  -7.8030000e+00
   1.1700000e+02   9.9000000e-01  -5.5010000e+00
   1.1800000e+02   1.0000000e-01  -4.2430000e+00
   1.1900000e+02   8.4000000e-01  -2.5950000e+00
   1.2000000e+02   4.6700000e-01   1.7020000e+00
   1.2100000e+02   1.1050000e+00   2.9620000e+00
   1.2200000e+02   1.7550000e+00   4.2510000e+00
   1.2300000e+02   9.0500000e-01   6.1030000e+00
   1.2400000e+02   1.8500000e+00   9.0000000e+00
   1.2500000e+02   5.9100000e-01   9.5130000e+00
   1.2600000e+02   1.4100000e+00   1.1835000e+01
   1.2700000e+02   4.0000000e-03   1.2543000e+01
   1.2800000e+02   1.2930000e+00   1.3587000e+01
   1.2900000e+02   1.6420000e+00   1.6927000e+01
   1.3000000e+02  -3.2500000e-01   1.6093000e+01
   1.3100000e+02  -7.4000000e-01   1.3725000e+01
   1.3200000e+02  -1.5600000e-01   1.0907000e+01
   1.3300000e+02  -8.5400000e-01   9.5310000e+00
   1.3400000e+02  -5.0200000e-01   8.2170000e+00
   1.3500000e+02  -1.1050000e+00   6.4690000e+00
   1.3600000e+02  -3.5500000e-01   3.2540000e+00
   1.3700000e+02  -1.0580000e+00  -1.5110000e+00
   1.3800000e+02  -1.5450000e+00  -4.8000000e+00
   1.3900000e+02  -9.6300000e-01  -6.5010000e+00
   1.4000000e+02  -1.4280000e+00  -1.0007000e+01
   1.4100000e+02  -1.4310000e+00  -1.7048000e+01
   1.4200000e+02  -2.7930000e+00  -1.5662000e+01
   1.4300000e+02  -2.2890000e+00  -1.4021000e+01
   1.4400000e+02  -3.4630000e+00  -1.2712000e+01
   1.4500000e+02  -3.0890000e+00  -1.1059000e+01
   1.4600000e+02  -2.4970000e+00  -9.1050000e+00
   1.4700000e+02  -2.1520000e+00  -7.7100000e+00
   1.4800000e+02  -3.9590000e+00  -7.7070000e+00
   1.4900000e+02  -2.8970000e+00  -5.8010000e+00
   1.5000000e+02  -2.4690000e+00  -3.1450000e+00
   1.5100000e+02  -3.1990000e+00  -1.3470000e+00
   1.5200000e+02  -2.8000000e+00   1.0010000e+00
   1.5300000e+02  -2.8350000e+00   3.6440000e+00
   1.5400000e+02  -3.9920000e+00   5.4940000e+00
   1.5500000e+02  -2.1480000e+00   5.5560000e+00
   1.5600000e+02  -2.6430000e+00   8.3040000e+00
   1.5700000e+02  -2.0500000e+00   1.0651000e+01
   1.5800000e+02  -3.1870000e+00   1.2103000e+01
   1.5900000e+02  -2.1330000e+00   1.3182000e+01
   1.6000000e+02  -3.6540000e+00   1.4285000e+01
   1.6100000e+02  -2.1830000e+00   1.5282000e+01
   1.6200000e+02  -2.8620000e+00   1.7403000e+01
   1.6300000e+02  -4.7740000e+00   1.6063000e+01
   1.6400000e+02  -5.4920000e+00   1.2189000e+01
   1.6500000e+02  -5.3840000e+00   1.0707000e+01
   1.6600000e+02  -4.4890000e+00   9.3920000e+00
   1.6700000e+02  -5.2880000e+00   8.1010000e+00
   1.6800000e+02  -4.4120000e+00   2.6410000e+00
   1.6900000e+02  -5.8330000e+00   3.3800000e-01
   1.7000000e+02  -4.7890000e+00  -7.9500000e-01
   1.7100000e+02  -5.7540000e+00  -3.3260000e+00
   1.7200000e+02  -4.7270000e+00  -4.8040000e+00
   1.7300000e+02  -4.4910000e+00  -9.0960000e+00
   1.7400000e+02  -4.8420000e+00  -1.1461000e+01
   1.7500000e+02  -5.4860000e+00  -1.2852000e+01
   1.7600000e+02  -4.1400000e+00  -1.3982000e+01
   1.7700000e+02  -4.1450000e+00  -1.6397000e+01
   1.7800000e+02  -6.4330000e+00  -1.5194000e+01
   1.7900000e+02  -7.8160000e+00  -1.4459000e+01
   1.8000000e+02  -6.7860000e+00  -1.1855000e+01
   1.8100000e+02  -7.4760000e+00  -9.7580000e+00
   1.8200000e+02  -5.9880000e+00  -8.9970000e+00
   1.8300000e+02  -6.8990000e+00  -5.1630000e+00
   1.8400000e+02  -6.4110000e+00  -1.8680000e+00
   1.8500000e+02  -7.4470000e+00  -8.2100000e-01
   1.8600000e+02  -6.6840000e+00   2.5480000e+00
   1.8700000e+02  -7.0510000e+00   5.4000000e+00
   1.8800000e+02  -6.3880000e+00   6.7940000e+00
   1.8900000e+02  -6.5410000e+00   9.2880000e+00
   1.9000000e+02  -7.5320000e+00   1.0397000e+01
   1.9100000e+02  -6.7920000e+00   1.3849000e+01
   1.9200000e+02  -7.9170000e+00   1.4994000e+01
   1.9300000e+02  -9.7560000e+00   1.2952000e+01
   1.9400000e+02  -8.3580000e+00   1.1699000e+01
   1.9500000e+02  -9.2540000e+00   1.0288000e+01
   1.9600000e+02  -9.9050000e+00   8.9000000e+00
   1.9700000e+02  -8.1990000e+00   8.0950000e+00
   1.9800000e+02  -9.4530000e+00   7.2970000e+00
   1.9900000e+02  -8.3580000e+00   6.2940000e+00
   2.0000000e+02  -9.2450000e+00   4.4420000e+00
   2.0100000e+02  -8.5850000e+00   3.0490000e+00
   2.0200000e+02  -9.2610000e+00   8.8600000e-01
   2.0300000e+02  -9.1620000e+00  -1.8140000e+00
   2.0400000e+02  -8.2020000e+00  -4.0960000e+00
   2.0500000e+02  -8.3370000e+00  -5.6090000e+00
   2.0600000e+02  -8.9140000e+00  -7.6390000e+00
   2.0700000e+02  -9.3040000e+00  -9.2940000e+00
   2.0800000e+02  -8.8160000e+00  -1.0801000e+01
   2.0900000e+02  -8.9880000e+00  -1.2891000e+01
   2.1000000e+02  -1.0167000e+01  -1.3662000e+01
   2.1100000e+02  -1.0235000e+01  -1.1699000e+01
   2.1200000e+02  -1.1710000e+01  -1.0743000e+01
   2.1300000e+02  -1.0825000e+01  -9.3020000e+00
   2.1400000e+02  -1.0659000e+01  -6.9600000e+00
   2.1500000e+02  -1.1915000e+01  -5.5180000e+00
   2.1600000e+02  -1.0031000e+01  -3.6620000e+00
   2.1700000e+02  -1.1216000e+01  -2.1760000e+00
   2.1800000e+02  -1.1003000e+01   1.0500000e+00
   2.1900000e+02  -1.0547000e+01   2.9460000e+00
   2.2000000e+02  -1.1908000e+01   3.8010000e+00
   2.2100000e+02  -1.0942000e+01   6.0630000e+00
   2.2200000e+02  -1.0829000e+01   9.9520000e+00
   2.2300000e+02  -1.1253000e+01   1.1288000e+01
   2.2400000e+02  -1.2253000e+01   1.2363000e+01
   2.2500000e+02  -1.3352000e+01   1.1355000e+01
   2.2600000e+02  -1.2507000e+01   9.7700000e+00
   2.2700000e+02  -1.2116000e+01   8.1030000e+00
   2.2800000e+02  -1.3061000e+01   4.6050000e+00
   2.2900000e+02  -1.2946000e+01   2.7990000e+00
   2.3000000e+02  -1.3669000e+01   5.8100000e-01
   2.3100000e+02  -1.2389000e+01  -7.5900000e-01
   2.3200000e+02  -1.3036000e+01  -4.3850000e+00
   2.3300000e+02  -1.2915000e+01  -7.2000000e+00
   2.3400000e+02  -1.2589000e+01  -8.7390000e+00
   2.3500000e+02  -1.3916000e+01  -1.0641000e+01
   2.3600000e+02  -1.2376000e+01  -1.2504000e+01
   2.3700000e+02  -1.4217000e+01  -8.9430000e+00
   2.3800000e+02  -1.4807000e+01  -7.6350000e+00
   2.3900000e+02  -1.4164000e+01  -5.8520000e+00
   2.4000000e+02  -1.5170000e+01  -4.6060000e+00
   2.4100000e+02  -1.4209000e+01  -3.4150000e+00
   2.4200000e+02  -1.5917000e+01  -1.7580000e+00
   2.4300000e+02  -1.4100000e+01  -1.3970000e+00
   2.4400000e+02  -1.5246000e+01  -4.1400000e-01
   2.4500000e+02  -1.5497000e+01   1.2850000e+00
   2.4600000e+02  -1.5698000e+01   2.7330000e+00
   2.4700000e+02  -1.4912000e+01   3.9870000e+00
   2.4800000e+02  -1.5856000e+01   5.1570000e+00
   2.4900000e+02  -1.4296000e+01   6.4410000e+00
   2.5000000e+02  -1.4874000e+01   9.4530000e+00
   2.5100000e+02  -1.6091000e+01   6.9810000e+00
   2.5200000e+02  -1.7351000e+01   3.0870000e+00
   2.5300000e+02  -1.7001000e+01   1.2860000e+00
   2.5400000e+02  -1.6951000e+01  -2.9300000e-01
   2.5500000e+02  -1.6111000e+01  -3.1680000e+00
   2.5600000e+02  -1.6362000e+01  -5.9060000e+00
