001    16.2078    -6.3202
002    16.4284    -3.6582
003    17.525    -1.1232
004    16.8068    0.9433
005    16.6263    3.0436
006    14.6103    8.2096
007    14.7047    6.196
008    15.7211    4.8028
009    14.0763    -0.6413
010    15.0255    -1.8476
011    14.7125    -3.5754
012    14.1705    -5.1096
013    14.2166    -7.2675
014    12.3156    -11.0718
015    13.578    -9.4582
016    12.5511    -7.209
017    12.5596    -4.0884
018    12.669    -1.8381
019    12.6019    0.1219
020    13.8768    0.8312
021    12.1715    2.2728
022    13.7699    3.2684
023    13.7406    4.8471
024    12.8061    8.2657
025    13.8228    10.8533
026    12.0733    11.9406
027    11.5021    13.2026
028    10.4603    12.2068
029    11.359    8.9838
030    11.2497    6.6882
031    11.2979    4.5761
032    10.2518    3.5288
033    10.1614    1.9406
034    11.5182    0.9907
035    10.6486    -0.7714
036    11.1736    -2.1273
037    11.0705    -3.6343
038    10.9717    -6.5111
039    11.1122    -9.6776
040    10.106    -12.4746
041    9.7005    -14.6269
042    8.453    -12.5053
043    9.4382    -10.8394
044    9.7092    -9.3856
045    8.4113    -8.3498
046    9.9151    -7.7936
047    8.1952    -4.6057
048    9.3336    -2.7294
049    9.151    -0.4544
050    8.1745    1.0603
051    9.1094    5.3366
052    8.2756    6.5906
053    9.8971    7.1539
054    8.824    9.2729
055    9.9939    10.6601
056    8.6624    12.2691
057    8.5701    13.8312
058    6.9677    16.051
059    6.1755    9.9865
060    6.7677    7.4225
061    6.4315    4.9455
062    7.8093    4.8867
063    7    3
064    6.7925    1.2802
065    6.9352    -1.0437
066    6.6137    -2.7281
067    7.3214    -5.7245
068    6.1219    -8.2429
069    7.8399    -9.8768
070    7.7285    -11.3107
071    6.8106    -12.7667
072    7.4405    -14.78
073    4.6386    -16.8678
074    5.6846    -15.6204
075    4.0717    -13.2559
076    4.9519    -11.4303
077    5.1641    -9.8765
078    4.5152    -8.2338
079    4.9332    -6.8037
080    5.2904    -5.3653
081    4.9566    -1.833
082    4.3897    -0.1321
083    5.3559    1.0775
084    4.3458    3.3239
085    4.2304    5.9665
086    5.646    6.3954
087    5.0833    8.3119
088    4.7831    10.962
089    5.9971    12.1523
090    4.1007    14.3111
091    5.7263    14.6652
092    4.3445    17.072
093    2.4961    15.3444
094    2.9223    12.9283
095    3.0839    10.183
096    3.3022    8.5995
097    2.8379    6.3842
098    3.6443    4.6645
099    2.531    1.6436
100    2.178    -0.6593
101    2.4173    -2.4294
102    2.9465    -4.1165
103    2.4045    -5.8726
104    2.6082    -7.4055
105    2.7635    -8.8557
106    3.6265    -11.9374
107    2.8976    -14.4178
108    2.6707    -15.9196
109    2.8323    -17.2913
110    1.2633    -17.5543
111    0.5073    -15.7351
112    1.4211    -13.9179
113    0.0559    -13.5074
114    0.3039    -11.4404
115    1.9022    -11.2432
116    0.1214    -7.7785
117    0.9868    -5.5024
118    0.0838    -4.2696
119    0.8652    -2.5876
120    0.4433    1.7012
121    1.0776    2.9633
122    1.7267    4.2667
123    0.9056    6.0912
124    1.8656    8.9917
125    0.5887    9.506
126    1.4247    11.8288
127    0.0007    12.5445
128    1.3051    13.6068
129    1.6435    16.9369
130    -0.3162    16.1116
131    -0.7595    13.7452
132    -0.1443    10.9166
133    -0.8417    9.5505
134    -0.512    8.2027
135    -1.0792    6.4651
136    -0.359    3.2615
137    -1.025    -1.5032
138    -1.5419    -4.7982
139    -0.9644    -6.5051
140    -1.4309    -10.0014
141    -1.4502    -17.041
142    -2.7922    -15.6381
143    -2.3154    -14.0162
144    -3.4747    -12.6978
145    -3.0797    -11.0453
146    -2.4852    -9.0915
147    -2.126    -7.7129
148    -3.9301    -7.6759
149    -2.9051    -5.7846
150    -2.4282    -3.1712
151    -3.1947    -1.3642
152    -2.806    1.0114
153    -2.8331    3.6355
154    -3.9903    5.5155
155    -2.1252    5.5329
156    -2.6417    8.3149
157    -2.0493    10.6694
158    -3.2149    12.0954
159    -2.152    13.1774
160    -3.6663    14.2785
161    -2.217    15.3144
162    -2.8659    17.3951
163    -4.7479    16.0276
164    -5.4937    12.2142
165    -5.3867    10.7128
166    -4.4815    9.3779
167    -5.3133    8.1109
168    -4.3895    2.6473
169    -5.8389    0.3278
170    -4.7762    -0.8149
171    -5.7677    -3.3078
172    -4.7302    -4.8084
173    -4.4826    -9.0853
174    -4.8335    -11.4529
175    -5.4994    -12.8449
176    -4.1385    -13.9779
177    -4.1386    -16.3832
178    -6.4594    -15.2011
179    -7.8035    -14.466
180    -6.8141    -11.8299
181    -7.4819    -9.7459
182    -6.0053    -9.0205
183    -6.8893    -5.1748
184    -6.4166    -1.8629
185    -7.4373    -0.8015
186    -6.7209    2.5288
187    -7.0336    5.4004
188    -6.4014    6.7785
189    -6.5713    9.3243
190    -7.5626    10.3892
191    -6.8063    13.8319
192    -7.8795    15.0188
193    -9.751    12.9712
194    -8.346    11.7225
195    -9.2324    10.2785
196    -9.9109    8.887
197    -8.176    8.1175
198    -9.4279    7.3087
199    -8.3316    6.2868
200    -9.2516    4.4678
201    -8.5859    3.028
202    -9.2728    0.9121
203    -9.1659    -1.824
204    -8.2104    -4.0846
205    -8.3743    -5.6096
206    -8.8932    -7.6513
207    -9.3112    -9.2784
208    -8.7779    -10.8153
209    -9.0237    -12.8885
210    -10.1747    -13.6694
211    -10.2439    -11.6759
212    -11.712    -10.741
213    -10.7878    -9.3238
214    -10.6364    -6.9565
215    -11.8965    -5.4983
216    -10.046    -3.6411
217    -11.1864    -2.1736
218    -11.014    1.0582
219    -10.5434    2.9355
220    -11.9212    3.8228
221    -10.8457    6.0362
222    -10.8454    9.9521
223    -11.236    11.325
224    -12.2525    12.3526
225    -13.3741    11.3321
226    -12.5089    9.7611
227    -12.1015    8.1093
228    -13.049    4.6153
229    -12.9525    2.7804
230    -13.6268    0.6206
231    -12.3772    -0.744
232    -13.0516    -4.3921
233    -12.8901    -7.2079
234    -12.5751    -8.7413
235    -13.9215    -10.6486
236    -12.3317    -12.5095
237    -14.2029    -8.9538
238    -14.7804    -7.6571
239    -14.1523    -5.8717
240    -15.1646    -4.6196
241    -14.1983    -3.4044
242    -15.8995    -1.7682
243    -14.0785    -1.4171
244    -15.2567    -0.4185
245    -15.5192    1.3096
246    -15.7081    2.7421
247    -14.9246    3.9807
248    -15.855    5.1705
249    -14.2881    6.4607
250    -14.8823    9.4444
251    -16.0754    6.9833
252    -17.3274    3.1206
253    -16.9915    1.3102
254    -16.9433    -0.3059
255    -16.0991    -3.1338
256    -16.3282    -5.9127
