   5.0000000e+01   1.9042881e+01   6.1591900e+01
   5.1000000e+01   1.8254387e+01   6.4700605e+01
   5.2000000e+01   1.7578507e+01   6.7590849e+01
   5.3000000e+01   1.7047356e+01   7.0415113e+01
   5.4000000e+01   1.6538503e+01   7.3373368e+01
   5.5000000e+01   1.5965993e+01   7.6205066e+01
   5.6000000e+01   1.5493178e+01   7.8971934e+01
   5.7000000e+01   1.5202397e+01   8.1880365e+01
   5.8000000e+01   1.4854767e+01   8.4829148e+01
   5.9000000e+01   1.4769581e+01   8.7779686e+01
   6.0000000e+01   1.4442041e+01   9.0583861e+01
   6.1000000e+01   1.4358733e+01   9.3437604e+01
   6.2000000e+01   1.4249503e+01   9.6169295e+01
   6.3000000e+01   1.4143912e+01   9.9017577e+01
   6.4000000e+01   1.4096789e+01   1.0186348e+02
   6.5000000e+01   1.4098861e+01   1.0486116e+02
   6.6000000e+01   1.3989501e+01   1.0784691e+02
   6.7000000e+01   1.4147510e+01   1.1088884e+02
   6.8000000e+01   1.4298276e+01   1.1389061e+02
   6.9000000e+01   1.4389451e+01   1.1693238e+02
   7.0000000e+01   1.4487660e+01   1.2014492e+02
   7.1000000e+01   1.4602286e+01   1.2325757e+02
   7.2000000e+01   1.4758688e+01   1.2641770e+02
   7.3000000e+01   1.5030217e+01   1.2962868e+02
   7.4000000e+01   1.5034413e+01   1.3273794e+02
   7.5000000e+01   1.5186900e+01   1.3601396e+02
   7.6000000e+01   1.5307835e+01   1.3937486e+02
   7.7000000e+01   1.5478115e+01   1.4298728e+02
   7.8000000e+01   1.5931393e+01   1.4661263e+02
   7.9000000e+01   1.6259786e+01   1.5039599e+02
   8.0000000e+01   1.6727995e+01   1.5405579e+02
   8.1000000e+01   1.7305082e+01   1.5774801e+02
   8.2000000e+01   1.7933614e+01   1.6153579e+02
   8.3000000e+01   1.8446139e+01   1.6548401e+02
   8.4000000e+01   1.8936695e+01   1.6942173e+02
   8.5000000e+01   1.8923224e+01   1.7356349e+02
   8.6000000e+01   1.9403720e+01   1.7791751e+02
   8.7000000e+01   2.0101958e+01   1.8240332e+02
   8.8000000e+01   2.0661234e+01   1.8715679e+02
   8.9000000e+01   2.0949093e+01   1.9156665e+02
   9.0000000e+01   2.1655359e+01   1.9644653e+02
   9.1000000e+01   2.2321186e+01   2.0178527e+02
   9.2000000e+01   2.3365319e+01   2.0677667e+02
   9.3000000e+01   2.4487049e+01   2.1197395e+02
   9.4000000e+01   2.5357973e+01   2.1751162e+02
   9.5000000e+01   2.6704661e+01   2.2287304e+02
   9.6000000e+01   2.8183440e+01   2.2877757e+02
   9.7000000e+01   2.9795571e+01   2.3460370e+02
   9.8000000e+01   3.0932457e+01   2.4098198e+02
   9.9000000e+01   3.2249110e+01   2.4785922e+02
   1.0000000e+02   3.3958510e+01   2.5419483e+02
   1.0100000e+02   3.6358785e+01   2.6118135e+02
   1.0200000e+02   3.8082511e+01   2.6807873e+02
   1.0300000e+02   4.0335352e+01   2.7518524e+02
   1.0400000e+02   4.2999762e+01   2.8308062e+02
   1.0500000e+02   4.5833823e+01   2.9122880e+02
   1.0600000e+02   4.8767048e+01   2.9963887e+02
   1.0700000e+02   5.2452826e+01   3.0859970e+02
   1.0800000e+02   5.6101255e+01   3.1805392e+02
   1.0900000e+02   6.0401141e+01   3.2757916e+02
   1.1000000e+02   6.4983084e+01   3.3726945e+02
   1.1100000e+02   7.0059423e+01   3.4733765e+02
   1.1200000e+02   7.4910802e+01   3.5728352e+02
   1.1300000e+02   8.0040840e+01   3.6881709e+02
   1.1400000e+02   8.6532747e+01   3.8024502e+02
   1.1500000e+02   9.3929810e+01   3.9303944e+02
   1.1600000e+02   1.0230874e+02   4.0634045e+02
   1.1700000e+02   1.1263984e+02   4.1827569e+02
   1.1800000e+02   1.2198783e+02   4.3163045e+02
   1.1900000e+02   1.3445638e+02   4.4455361e+02
   1.2000000e+02   1.4701552e+02   4.5783525e+02
   1.2100000e+02   1.6125758e+02   4.7272702e+02
   1.2200000e+02   1.7777618e+02   4.8817193e+02
   1.2300000e+02   1.9607034e+02   5.0341660e+02
   1.2400000e+02   2.1661677e+02   5.1930380e+02
   1.2500000e+02   2.3903432e+02   5.3344241e+02
   1.2600000e+02   2.6375073e+02   5.4716507e+02
   1.2700000e+02   2.9125922e+02   5.5955405e+02
   1.2800000e+02   3.2270527e+02   5.7157981e+02
   1.2900000e+02   3.5677626e+02   5.8193528e+02
   1.3000000e+02   3.9481776e+02   5.8829863e+02
   1.3100000e+02   4.3775416e+02   5.9375873e+02
   1.3200000e+02   4.7837935e+02   5.9463951e+02
   1.3300000e+02   5.2170983e+02   5.8835812e+02
   1.3400000e+02   5.7070238e+02   5.7806236e+02
   1.3500000e+02   6.1517428e+02   5.6249538e+02
   1.3600000e+02   6.6747582e+02   5.4207683e+02
   1.3700000e+02   7.1366654e+02   5.1413226e+02
   1.3800000e+02   7.6202650e+02   4.7899681e+02
   1.3900000e+02   7.9910309e+02   4.3305212e+02
   1.4000000e+02   8.2782820e+02   3.8127301e+02
   1.4100000e+02   8.5156270e+02   3.2205905e+02
   1.4200000e+02   8.6256111e+02   2.6366780e+02
   1.4300000e+02   8.7124989e+02   2.0878902e+02
   1.4400000e+02   8.7060607e+02   1.5909068e+02
   1.4500000e+02   8.6299902e+02   1.0247957e+02
   1.4600000e+02   8.5568086e+02   5.6529324e+01
   1.4700000e+02   8.3848470e+02   5.5081739e+00
   1.4800000e+02   8.1663166e+02  -3.5588393e+01
   1.4900000e+02   7.8708869e+02  -6.7850892e+01
   1.5000000e+02   7.6035182e+02  -1.0088364e+02
   1.5100000e+02   7.3081418e+02  -1.2626655e+02
   1.5200000e+02   7.0330674e+02  -1.5108481e+02
   1.5300000e+02   6.7727156e+02  -1.6689386e+02
   1.5400000e+02   6.5111549e+02  -1.8410355e+02
   1.5500000e+02   6.2926121e+02  -1.9337971e+02
   1.5600000e+02   6.0766284e+02  -2.0465063e+02
   1.5700000e+02   5.8375591e+02  -2.1270551e+02
   1.5800000e+02   5.6180758e+02  -2.1544493e+02
   1.5900000e+02   5.4113095e+02  -2.1897932e+02
   1.6000000e+02   5.1924283e+02  -2.1848059e+02
   1.6100000e+02   4.9917285e+02  -2.2056704e+02
   1.6200000e+02   4.8437241e+02  -2.2047924e+02
   1.6300000e+02   4.7048179e+02  -2.1815641e+02
   1.6400000e+02   4.5706174e+02  -2.1853344e+02
   1.6500000e+02   4.4438166e+02  -2.1649264e+02
   1.6600000e+02   4.2994177e+02  -2.1752793e+02
   1.6700000e+02   4.1896859e+02  -2.1546335e+02
   1.6800000e+02   4.0840836e+02  -2.1161982e+02
   1.6900000e+02   3.9689131e+02  -2.0842945e+02
   1.7000000e+02   3.8787934e+02  -2.0628632e+02
   1.7100000e+02   3.7911056e+02  -2.0423234e+02
   1.7200000e+02   3.7137060e+02  -2.0117389e+02
   1.7300000e+02   3.6392345e+02  -1.9801145e+02
   1.7400000e+02   3.5680064e+02  -1.9599771e+02
   1.7500000e+02   3.5074881e+02  -1.9228303e+02
   1.7600000e+02   3.4446114e+02  -1.9042274e+02
   1.7700000e+02   3.3847837e+02  -1.8787663e+02
   1.7800000e+02   3.3418372e+02  -1.8435007e+02
   1.7900000e+02   3.2968292e+02  -1.8281434e+02
   1.8000000e+02   3.2524236e+02  -1.7942766e+02
   1.8100000e+02   3.1992394e+02  -1.7596744e+02
   1.8200000e+02   3.1561124e+02  -1.7462016e+02
   1.8300000e+02   3.1276824e+02  -1.7254381e+02
   1.8400000e+02   3.0934266e+02  -1.7040671e+02
   1.8500000e+02   3.0710730e+02  -1.6882496e+02
   1.8600000e+02   3.0360486e+02  -1.6524534e+02
   1.8700000e+02   3.0090553e+02  -1.6373562e+02
   1.8800000e+02   2.9793940e+02  -1.6049603e+02
   1.8900000e+02   2.9613064e+02  -1.5905744e+02
   1.9000000e+02   2.9389275e+02  -1.5755972e+02
   1.9100000e+02   2.9176542e+02  -1.5568346e+02
   1.9200000e+02   2.8931363e+02  -1.5424057e+02
   1.9300000e+02   2.8785189e+02  -1.5350276e+02
   1.9400000e+02   2.8630836e+02  -1.5248792e+02
   1.9500000e+02   2.8476095e+02  -1.5129515e+02
   1.9600000e+02   2.8330510e+02  -1.5038358e+02
   1.9700000e+02   2.8251035e+02  -1.4916429e+02
   1.9800000e+02   2.8107788e+02  -1.4885299e+02
   1.9900000e+02   2.8111275e+02  -1.4818730e+02
   2.0000000e+02   2.8043734e+02  -1.4804272e+02
   2.0100000e+02   2.8012555e+02  -1.4741195e+02
   2.0200000e+02   2.7959064e+02  -1.4676664e+02
   2.0300000e+02   2.7849167e+02  -1.4609500e+02
   2.0400000e+02   2.7757158e+02  -1.4621843e+02
   2.0500000e+02   2.7723731e+02  -1.4671352e+02
   2.0600000e+02   2.7696517e+02  -1.4735704e+02
   2.0700000e+02   2.7737091e+02  -1.4891887e+02
   2.0800000e+02   2.7697381e+02  -1.4958780e+02
   2.0900000e+02   2.7665011e+02  -1.5023479e+02
   2.1000000e+02   2.7569987e+02  -1.5046236e+02
   2.1100000e+02   2.7529143e+02  -1.5009821e+02
   2.1200000e+02   2.7393334e+02  -1.5076670e+02
   2.1300000e+02   2.7345432e+02  -1.5244807e+02
   2.1400000e+02   2.7225650e+02  -1.5396449e+02
   2.1500000e+02   2.7251355e+02  -1.5518315e+02
   2.1600000e+02   2.7250051e+02  -1.5692131e+02
   2.1700000e+02   2.7225422e+02  -1.5785776e+02
   2.1800000e+02   2.7187093e+02  -1.6029400e+02
   2.1900000e+02   2.7005835e+02  -1.6165108e+02
   2.2000000e+02   2.6870063e+02  -1.6295513e+02
   2.2100000e+02   2.6814483e+02  -1.6558438e+02
   2.2200000e+02   2.6837974e+02  -1.6801236e+02
   2.2300000e+02   2.6752060e+02  -1.6989890e+02
   2.2400000e+02   2.6532216e+02  -1.7352672e+02
   2.2500000e+02   2.6334845e+02  -1.7521060e+02
   2.2600000e+02   2.6179932e+02  -1.7765601e+02
   2.2700000e+02   2.6032548e+02  -1.7858720e+02
   2.2800000e+02   2.5770352e+02  -1.7970880e+02
   2.2900000e+02   2.5539825e+02  -1.8150226e+02
   2.3000000e+02   2.5285376e+02  -1.8389949e+02
   2.3100000e+02   2.5066875e+02  -1.8580803e+02
   2.3200000e+02   2.4873942e+02  -1.8805848e+02
   2.3300000e+02   2.4671529e+02  -1.9052339e+02
   2.3400000e+02   2.4430442e+02  -1.9248023e+02
   2.3500000e+02   2.4218760e+02  -1.9462985e+02
   2.3600000e+02   2.4019934e+02  -1.9564566e+02
   2.3700000e+02   2.3681583e+02  -1.9799194e+02
   2.3800000e+02   2.3406784e+02  -1.9995659e+02
   2.3900000e+02   2.3186403e+02  -1.9995581e+02
   2.4000000e+02   2.2810769e+02  -2.0087767e+02
   2.4100000e+02   2.2492354e+02  -2.0177711e+02
   2.4200000e+02   2.2217245e+02  -2.0366727e+02
   2.4300000e+02   2.1779729e+02  -2.0553855e+02
   2.4400000e+02   2.1340032e+02  -2.0763867e+02
   2.4500000e+02   2.1011036e+02  -2.0738347e+02
   2.4600000e+02   2.0670043e+02  -2.0794087e+02
   2.4700000e+02   2.0510607e+02  -2.0873346e+02
   2.4800000e+02   2.0096276e+02  -2.0955695e+02
   2.4900000e+02   1.9630852e+02  -2.0970439e+02
   2.5000000e+02   1.9220350e+02  -2.1084243e+02
   2.5100000e+02   1.8800666e+02  -2.0987836e+02
   2.5200000e+02   1.8728853e+02  -2.1026429e+02
   2.5300000e+02   1.8458699e+02  -2.0927934e+02
   2.5400000e+02   1.8017165e+02  -2.0981525e+02
   2.5500000e+02   1.7599998e+02  -2.0937362e+02
   2.5600000e+02   1.7153532e+02  -2.1089184e+02
   2.5700000e+02   1.6867932e+02  -2.0908908e+02
   2.5800000e+02   1.6648783e+02  -2.0828952e+02
   2.5900000e+02   1.6365291e+02  -2.0622061e+02
   2.6000000e+02   1.6006894e+02  -2.0672488e+02
   2.6100000e+02   1.5606559e+02  -2.0647186e+02
   2.6200000e+02   1.5403937e+02  -2.0514644e+02
   2.6300000e+02   1.5055721e+02  -2.0637380e+02
   2.6400000e+02   1.4749132e+02  -2.0486716e+02
   2.6500000e+02   1.4497153e+02  -2.0116179e+02
   2.6600000e+02   1.4215460e+02  -2.0025812e+02
   2.6700000e+02   1.3888900e+02  -1.9808499e+02
   2.6800000e+02   1.3646989e+02  -1.9703061e+02
   2.6900000e+02   1.3446683e+02  -1.9628478e+02
   2.7000000e+02   1.3084552e+02  -1.9480231e+02
   2.7100000e+02   1.2833301e+02  -1.9275670e+02
   2.7200000e+02   1.2472446e+02  -1.9086680e+02
   2.7300000e+02   1.2289510e+02  -1.8986305e+02
   2.7400000e+02   1.2157313e+02  -1.8875391e+02
   2.7500000e+02   1.1989500e+02  -1.8708888e+02
   2.7600000e+02   1.1925101e+02  -1.8479669e+02
   2.7700000e+02   1.1707353e+02  -1.8319057e+02
   2.7800000e+02   1.1499960e+02  -1.8211578e+02
   2.7900000e+02   1.1229820e+02  -1.8066367e+02
   2.8000000e+02   1.0894617e+02  -1.8046865e+02
   2.8100000e+02   1.0812045e+02  -1.7898023e+02
   2.8200000e+02   1.0610066e+02  -1.7771249e+02
   2.8300000e+02   1.0492969e+02  -1.7611271e+02
   2.8400000e+02   1.0334484e+02  -1.7423840e+02
   2.8500000e+02   1.0167480e+02  -1.7276080e+02
   2.8600000e+02   1.0017417e+02  -1.7098572e+02
   2.8700000e+02   9.8751917e+01  -1.6946678e+02
   2.8800000e+02   9.6842936e+01  -1.6764616e+02
   2.8900000e+02   9.5130528e+01  -1.6580587e+02
   2.9000000e+02   9.4273283e+01  -1.6386460e+02
   2.9100000e+02   9.2626778e+01  -1.6242359e+02
   2.9200000e+02   9.2226948e+01  -1.6095495e+02
   2.9300000e+02   9.1146957e+01  -1.5900255e+02
   2.9400000e+02   8.9935825e+01  -1.5760376e+02
   2.9500000e+02   8.8809398e+01  -1.5585176e+02
   2.9600000e+02   8.7422179e+01  -1.5452401e+02
   2.9700000e+02   8.6234310e+01  -1.5322843e+02
   2.9800000e+02   8.5434272e+01  -1.5118275e+02
   2.9900000e+02   8.4891124e+01  -1.4991365e+02
   3.0000000e+02   8.4160420e+01  -1.4818325e+02
   3.0100000e+02   8.2885872e+01  -1.4646262e+02
   3.0200000e+02   8.2361876e+01  -1.4483817e+02
   3.0300000e+02   8.1385100e+01  -1.4306820e+02
   3.0400000e+02   8.0730657e+01  -1.4201386e+02
   3.0500000e+02   7.9452990e+01  -1.4089318e+02
   3.0600000e+02   7.8586465e+01  -1.3989756e+02
   3.0700000e+02   7.8067149e+01  -1.3823573e+02
   3.0800000e+02   7.7718309e+01  -1.3635122e+02
   3.0900000e+02   7.7488768e+01  -1.3514900e+02
   3.1000000e+02   7.7110306e+01  -1.3384463e+02
   3.1100000e+02   7.6539875e+01  -1.3274331e+02
   3.1200000e+02   7.6455576e+01  -1.3143437e+02
   3.1300000e+02   7.5840526e+01  -1.2958583e+02
   3.1400000e+02   7.5181808e+01  -1.2817717e+02
   3.1500000e+02   7.4663774e+01  -1.2700038e+02
   3.1600000e+02   7.3526652e+01  -1.2585622e+02
   3.1700000e+02   7.3404113e+01  -1.2479242e+02
   3.1800000e+02   7.3063972e+01  -1.2337997e+02
   3.1900000e+02   7.2290764e+01  -1.2215723e+02
   3.2000000e+02   7.2219055e+01  -1.2127142e+02
   3.2100000e+02   7.1544659e+01  -1.1993772e+02
   3.2200000e+02   7.1467073e+01  -1.1853030e+02
   3.2300000e+02   7.1115849e+01  -1.1746916e+02
   3.2400000e+02   7.0692269e+01  -1.1651450e+02
   3.2500000e+02   7.0190039e+01  -1.1563962e+02
   3.2600000e+02   6.9879979e+01  -1.1467026e+02
   3.2700000e+02   6.9543753e+01  -1.1382799e+02
   3.2800000e+02   6.9072275e+01  -1.1279266e+02
   3.2900000e+02   6.8787519e+01  -1.1183822e+02
   3.3000000e+02   6.8067359e+01  -1.1097587e+02
   3.3100000e+02   6.7497208e+01  -1.0966196e+02
   3.3200000e+02   6.7513179e+01  -1.0860667e+02
   3.3300000e+02   6.6982553e+01  -1.0706537e+02
   3.3400000e+02   6.7143188e+01  -1.0619090e+02
   3.3500000e+02   6.6822763e+01  -1.0508458e+02
   3.3600000e+02   6.6506037e+01  -1.0409979e+02
   3.3700000e+02   6.6651000e+01  -1.0305165e+02
   3.3800000e+02   6.6275469e+01  -1.0187855e+02
   3.3900000e+02   6.6476419e+01  -1.0116169e+02
   3.4000000e+02   6.6653480e+01  -1.0021566e+02
   3.4100000e+02   6.6410388e+01  -9.9316633e+01
   3.4200000e+02   6.6199724e+01  -9.8454247e+01
   3.4300000e+02   6.5837465e+01  -9.7652980e+01
   3.4400000e+02   6.5550625e+01  -9.6691477e+01
   3.4500000e+02   6.5383819e+01  -9.5727917e+01
   3.4600000e+02   6.5308305e+01  -9.4673899e+01
   3.4700000e+02   6.5140997e+01  -9.3329681e+01
   3.4800000e+02   6.4896510e+01  -9.2622211e+01
   3.4900000e+02   6.4904043e+01  -9.1668439e+01
   3.5000000e+02   6.4559366e+01  -9.1204178e+01
