1 25115U 97084D   15001.97667169  .00000684  00000-0  27369-3 0  9998,2 25115 045.0159 161.5436 0006466 115.0036 245.1484 14.37421592891154
1 25115U 97084D   15003.01919612  .00000708  00000-0  28190-3 0  9998,2 25115 045.0161 156.6067 0006517 120.9123 239.2367 14.37424205891306
1 25115U 97084D   15004.47872707  .00000824  00000-0  32017-3 0  9994,2 25115 045.0163 149.6950 0006617 128.7844 231.3596 14.37426393891518
1 25115U 97084D   15005.79925125  .00001022  00000-0  38567-3 0  9990,2 25115 045.0163 143.4417 0006654 136.2531 223.8846 14.37428449891705
1 25115U 97084D   15007.46727800  .00001038  00000-0  39103-3 0  9990,2 25115 045.0165 135.5426 0006744 145.4343 214.6944 14.37436014891942
1 25115U 97084D   15008.50979096  .00001209  00000-0  44751-3 0  9997,2 25115 045.0165 130.6056 0006799 151.0641 209.0586 14.37440591892093
1 25115U 97084D   15009.89980242  .00001093  00000-0  40896-3 0  9992,2 25115 045.0166 124.0232 0006918 157.7667 202.3483 14.37444209892295
1 25115U 97084D   15011.28981151  .00001021  00000-0  38533-3 0  9994,2 25115 045.0167 117.4404 0007024 164.9219 195.1839 14.37450621892496
1 25115U 97084D   15012.47131406  .00001042  00000-0  39210-3 0  9992,2 25115 045.0168 111.8452 0007117 170.8150 189.2830 14.37454857892660
1 25115U 97084D   15013.51381280  .00001018  00000-0  38419-3 0  9998,2 25115 045.0169 106.9083 0007183 176.1009 183.9896 14.37458043892812
1 25115U 97084D   15014.55630921  .00001189  00000-0  44071-3 0  9992,2 25115 045.0169 101.9712 0007249 181.2734 178.8097 14.37461461892961
1 25115U 97084D   15015.80730179  .00000886  00000-0  34032-3 0  9996,2 25115 045.0169 096.0467 0007331 187.5805 172.4933 14.37465836893142
1 25115U 97084D   15017.33628909  .00000989  00000-0  37428-3 0  9999,2 25115 045.0169 088.8055 0007424 194.7518 165.3115 14.37469766893361
1 25115U 97084D   15018.79577305  .00000529  00000-0  22211-3 0  9997,2 25115 045.0170 081.8935 0007522 201.5347 158.5186 14.37472302893574
1 25115U 97084D   15020.25525313  .00000728  00000-0  28808-3 0  9992,2 25115 045.0170 074.9813 0007590 208.3948 151.6487 14.37474201893780
1 25115U 97084D   15021.71473083  .00000722  00000-0  28589-3 0  9990,2 25115 045.0171 068.0693 0007637 215.2522 144.7821 14.37476981893993
1 25115U 97084D   15023.17420670  .00000680  00000-0  27205-3 0  9993,2 25115 045.0172 061.1571 0007675 222.0155 138.0105 14.37480372894208
1 25115U 97084D   15024.49468193  .00000647  00000-0  26112-3 0  9990,2 25115 045.0173 054.9034 0007697 228.0396 131.9797 14.37482133894396
1 25115U 97084D   15026.09314903  .00000608  00000-0  24817-3 0  9994,2 25115 045.0175 047.3330 0007716 235.3738 124.6383 14.37484716894621
1 25115U 97084D   15027.13562625  .00000764  00000-0  29971-3 0  9995,2 25115 045.0175 042.3958 0007712 240.1724 119.8358 14.37488004894775
1 25115U 97084D   15028.17810175  .00000800  00000-0  31173-3 0  9994,2 25115 045.0176 037.4587 0007699 244.8906 115.1144 14.37491310894929
1 25115U 97084D   15029.49856802  .00001233  00000-0  45497-3 0  9992,2 25115 045.0177 031.2050 0007683 250.7509 109.2508 14.37494876895115
1 25115U 97084D   15031.16652057  .00001175  00000-0  43571-3 0  9991,2 25115 045.0179 023.3055 0007624 258.4351 101.5641 14.37502150895353
1 25115U 97084D   15032.41747969  .00001168  00000-0  43322-3 0  9993,2 25115 045.0179 017.3810 0007568 264.2146 095.7840 14.37506411895538
1 25115U 97084D   15033.94642461  .00001228  00000-0  45298-3 0  9994,2 25115 045.0179 010.1398 0007520 270.8107 089.1879 14.37513937895752
1 25115U 97084D   15035.19737490  .00001218  00000-0  44971-3 0  9996,2 25115 045.0179 004.2154 0007453 276.4664 083.5336 14.37519224895932
1 25115U 97084D   15036.30932461  .00001939  00000-0  68800-3 0  9992,2 25115 045.0177 358.9448 0007504 282.4361 077.5647 14.37520846896091
1 25115U 97084D   15037.35177690  .00001793  00000-0  63965-3 0  9998,2 25115 045.0175 354.0077 0007442 287.2149 072.7885 14.37526116896246
1 25115U 97084D   15038.32472064  .00001618  00000-0  58157-3 0  9992,2 25115 045.0174 349.3999 0007427 290.7493 069.2559 14.37554359896383
1 25115U 97084D   15039.36715053  .00001189  00000-0  43982-3 0  9998,2 25115 045.0176 344.4668 0007196 294.9543 065.0558 14.37561635896534
1 25115U 97084D   15040.89603663  .00001528  00000-0  55176-3 0  9996,2 25115 045.0171 337.2209 0007225 302.7833 057.2319 14.37564465896759
1 25115U 97084D   15042.21643564  .00001641  00000-0  58912-3 0  9995,2 25115 045.0171 330.9667 0007140 308.6784 051.3425 14.37569556896943
1 25115U 97084D   15042.70290221  .00003851  00000-0  12693-2 0  9997,2 25115 045.0182 328.6603 0007431 312.5041 047.5656 14.37578503897016
1 25115U 97084D   15043.25885488  .00000891  00000-0  34137-3 0  9992,2 25115 045.0170 326.0339 0006864 313.4231 046.6046 14.37574022897094
1 25115U 97084D   15047.15053076  .00000716  00000-0  28348-3 0  9998,2 25115 045.0161 307.6004 0006504 332.5597 027.4907 14.37581382897658
1 25115U 97084D   15049.86079319  .00000666  00000-0  26694-3 0  9992,2 25115 045.0157 294.7624 0006234 346.5263 013.5418 14.37586939898042
1 25115U 97084D   15051.11167913  .00000707  00000-0  28059-3 0  9994,2 25115 045.0155 288.8371 0006102 353.2411 006.8354 14.37588279898220
1 25115U 97084D   15052.50155149  .00000647  00000-0  26075-3 0  9995,2 25115 045.0154 282.2533 0005952 000.7048 359.3808 14.37591217898427
1 25115U 97084D   15053.82192803  .00000625  00000-0  25354-3 0  9994,2 25115 045.0153 275.9987 0005829 008.0826 352.0115 14.37592404898617
1 25115U 97084D   15055.00331688  .00000674  00000-0  26949-3 0  9997,2 25115 045.0152 270.4026 0005733 014.5214 345.5798 14.37595565898780
1 25115U 97084D   15056.94912811  .00000573  00000-0  23611-3 0  9995,2 25115 045.0153 261.1842 0005628 025.1473 334.9648 14.37597775899065
1 25115U 97084D   15058.54746995  .00000637  00000-0  25748-3 0  9995,2 25115 045.0158 253.6051 0005835 031.6894 328.4305 14.37599942899298
1 25115U 97084D   15059.93733109  .00000628  00000-0  25424-3 0  9993,2 25115 045.0158 247.0212 0005736 039.4704 320.6561 14.37601932899493
1 25115U 97084D   15061.53566726  .00000892  00000-0  34150-3 0  9990,2 25115 045.0159 239.4496 0005641 048.2788 311.8542 14.37606142899723
1 25115U 97084D   15063.48146260  .00000973  00000-0  36834-3 0  9994,2 25115 045.0161 230.2322 0005513 059.4925 300.6467 14.37610236900003
1 25115U 97084D   15064.52385015  .00000982  00000-0  37127-3 0  9999,2 25115 045.0161 225.2944 0005452 065.6580 294.4837 14.37612526900156
1 25115U 97084D   15065.84420523  .00000853  00000-0  32873-3 0  9999,2 25115 045.0161 219.0397 0005354 073.7634 286.3803 14.37614799900348
1 25115U 97084D   15067.44252531  .00000969  00000-0  36689-3 0  9996,2 25115 045.0160 211.4682 0005302 082.7561 277.3889 14.37619220900575
1 25115U 97084D   15068.48490565  .00001077  00000-0  40257-3 0  9999,2 25115 045.0161 206.5301 0005254 089.0269 271.1181 14.37622188900721
1 25115U 97084D   15069.73576017  .00000948  00000-0  35975-3 0  9992,2 25115 045.0162 200.6046 0005230 096.5719 263.5725 14.37624200900906
1 25115U 97084D   15071.12559583  .00000909  00000-0  34683-3 0  9999,2 25115 045.0163 194.0208 0005225 104.9554 255.1873 14.37626950901106
1 25115U 97084D   15072.16797015  .00000894  00000-0  34217-3 0  9994,2 25115 045.0164 189.0830 0005219 111.2077 248.9329 14.37629232901254
1 25115U 97084D   15073.48830842  .00000889  00000-0  34044-3 0  9998,2 25115 045.0165 182.8285 0005254 119.1087 241.0288 14.37632152901441
1 25115U 97084D   15074.73915307  .00000881  00000-0  33777-3 0  9991,2 25115 045.0165 176.9034 0005281 126.2777 233.8559 14.37634695901626
1 25115U 97084D   15076.12897789  .00000812  00000-0  31503-3 0  9998,2 25115 045.0164 170.3196 0005323 134.4345 225.6939 14.37637078901822
1 25115U 97084D   15077.37981366  .00001388  00000-0  50483-3 0  9998,2 25115 045.0163 164.3940 0005396 141.3653 218.7582 14.37643951902005
1 25115U 97084D   15078.70013825  .00001289  00000-0  47218-3 0  9994,2 25115 045.0163 158.1394 0005447 148.7599 211.3574 14.37647259902191
1 25115U 97084D   15080.15944274  .00001001  00000-0  37710-3 0  9995,2 25115 045.0163 151.2260 0005570 156.8145 203.2955 14.37649252902403
1 25115U 97084D   15081.20179994  .00000941  00000-0  35735-3 0  9998,2 25115 045.0163 146.2880 0005627 162.5786 197.5256 14.37651663902557
1 25115U 97084D   15082.45262567  .00000926  00000-0  35234-3 0  9992,2 25115 045.0164 140.3625 0005688 169.4613 190.6355 14.37654906902739
1 25115U 97084D   15083.14751743  .00001022  00000-0  38367-3 0  9996,2 25115 045.0167 137.0712 0005589 172.2057 187.8879 14.37688009902837
1 25115U 97084D   15084.46779954  .00001012  00000-0  38052-3 0  9996,2 25115 045.0162 130.8153 0005896 178.8490 181.2373 14.37692433903021
1 25115U 97084D   15085.51012580  .00001182  00000-0  43655-3 0  9991,2 25115 045.0162 125.8771 0005943 184.1525 175.9275 14.37695564903178
1 25115U 97084D   15086.89989767  .00005595  00000-0  18396-2 0  9998,2 25115 045.0168 119.2961 0006473 193.7449 166.3700 14.37705141903374
1 25115U 97084D   15087.10835535  .00001356  00000-0  49360-3 0  9993,2 25115 045.0161 118.3050 0006045 192.2011 167.8692 14.37700359903406
1 25115U 97084D   15088.15067551  .00001455  00000-0  52606-3 0  9991,2 25115 045.0160 113.3666 0006116 197.3432 162.7208 14.37703818903551
1 25115U 97084D   15089.47094537  .00001583  00000-0  56844-3 0  9991,2 25115 045.0160 107.1114 0006184 203.7614 156.2949 14.37708144903747
1 25115U 97084D   15091.41659893  .00001507  00000-0  54336-3 0  9990,2 25115 045.0162 097.8931 0006282 213.0299 147.0157 14.37713633904023
1 25115U 97084D   15092.80634585  .00001582  00000-0  56787-3 0  9990,2 25115 045.0164 091.3086 0006379 219.4850 140.5534 14.37718546904222
1 25115U 97084D   15094.05711507  .00001464  00000-0  52901-3 0  9992,2 25115 045.0165 085.3827 0006429 225.2006 134.8320 14.37721865904400
1 25115U 97084D   15095.16890693  .00001372  00000-0  49868-3 0  9995,2 25115 045.0165 080.1152 0006472 230.0813 129.9467 14.37724948904561
1 25115U 97084D   15096.41966968  .00001309  00000-0  47772-3 0  9995,2 25115 045.0166 074.1893 0006499 235.7486 124.2747 14.37728613904746
1 25115U 97084D   15098.36529528  .00001171  00000-0  43254-3 0  9996,2 25115 045.0169 064.9710 0006540 244.3195 115.6978 14.37733657905020
1 25115U 97084D   15099.68553758  .00001036  00000-0  38794-3 0  9997,2 25115 045.0171 058.7156 0006553 250.1105 109.9037 14.37736556905212
1 25115U 97084D   15101.14474828  .00001076  00000-0  40103-3 0  9993,2 25115 045.0174 051.8018 0006566 256.3169 103.6948 14.37740938905422
1 25115U 97084D   15102.18703918  .00001142  00000-0  42267-3 0  9990,2 25115 045.0176 046.8636 0006553 260.7971 099.2136 14.37744300905572
1 25115U 97084D   15103.29881410  .00001061  00000-0  39625-3 0  9991,2 25115 045.0177 041.5961 0006540 265.5482 094.4619 14.37747039905735
1 25115U 97084D   15104.82750051  .00001241  00000-0  45521-3 0  9999,2 25115 045.0178 034.3532 0006541 271.9267 088.0832 14.37752385905953
1 25115U 97084D   15106.14772539  .00001380  00000-0  50108-3 0  9992,2 25115 045.0178 028.0982 0006491 277.5048 082.5063 14.37757211906145
1 25115U 97084D   15107.25949015  .00001512  00000-0  54428-3 0  9996,2 25115 045.0178 022.8306 0006450 282.2667 077.7458 14.37761644906309
1 25115U 97084D   15108.78816256  .00001507  00000-0  54257-3 0  9999,2 25115 045.0179 015.5876 0006384 288.8084 071.2071 14.37766706906520
1 25115U 97084D   15109.83043619  .00001518  00000-0  54628-3 0  9995,2 25115 045.0180 010.6493 0006336 293.4826 066.5356 14.37770304906674
1 25115U 97084D   15111.15064443  .00001882  00000-0  66573-3 0  9997,2 25115 045.0181 004.3942 0006280 299.3279 060.6942 14.37777128906867
1 25115U 97084D   15112.19291094  .00001914  00000-0  67647-3 0  9995,2 25115 045.0181 359.4558 0006212 303.7158 056.3098 14.37781275907015
1 25115U 97084D   15113.72156290  .00001777  00000-0  63139-3 0  9992,2 25115 045.0181 352.2124 0006080 310.0031 050.0283 14.37786596907231
1 25115U 97084D   15114.83330618  .00001723  00000-0  61348-3 0  9994,2 25115 045.0179 346.9448 0005999 314.8288 045.2072 14.37790626907399
1 25115U 97084D   15116.08401427  .00001433  00000-0  51794-3 0  9992,2 25115 045.0178 341.0188 0005909 320.4983 039.5434 14.37793696907579
1 25115U 97084D   15117.82110396  .00001115  00000-0  41349-3 0  9999,2 25115 045.0176 332.7877 0005775 328.2131 031.8368 14.37797742907826
1 25115U 97084D   15119.76663831  .00000874  00000-0  33431-3 0  9995,2 25115 045.0175 323.5687 0005558 337.1109 022.9491 14.37801998908104
1 25115U 97084D   15121.01733660  .00000756  00000-0  29549-3 0  9998,2 25115 045.0174 317.6424 0005434 343.0210 017.0455 14.37804296908286
1 25115U 97084D   15122.54596522  .00000643  00000-0  25839-3 0  9994,2 25115 045.0174 310.3990 0005245 350.1094 009.9650 14.37806785908500
1 25115U 97084D   15123.79665956  .00000627  00000-0  25298-3 0  9991,2 25115 045.0174 304.4726 0005109 356.2055 003.8754 14.37808955908682
1 25115U 97084D   15124.83890329  .00000666  00000-0  26574-3 0  9992,2 25115 045.0173 299.5340 0005000 001.3822 358.7039 14.37811002908839
1 25115U 97084D   15126.50649040  .00000783  00000-0  30422-3 0  9997,2 25115 045.0171 291.6319 0004875 009.8127 350.2816 14.37814560909075
1 25115U 97084D   15127.89614323  .00000907  00000-0  34504-3 0  9999,2 25115 045.0170 285.0470 0004788 017.1170 342.9839 14.37817756909277
1 25115U 97084D   15129.49424057  .00000979  00000-0  36875-3 0  9992,2 25115 045.0170 277.4738 0004638 025.6217 334.4860 14.37821134909500
1 25115U 97084D   15130.81440388  .00001043  00000-0  38960-3 0  9995,2 25115 045.0170 271.2181 0004478 032.7403 327.3723 14.37824509909690
1 25115U 97084D   15132.48197290  .00001587  00000-0  56831-3 0  9991,2 25115 045.0170 263.3160 0004336 041.8385 318.2794 14.37831879909934
1 25115U 97084D   15133.87160796  .00001638  00000-0  58491-3 0  9997,2 25115 045.0170 256.7311 0004248 049.7457 310.3762 14.37836507910132
1 25115U 97084D   15135.12227544  .00001695  00000-0  60388-3 0  9993,2 25115 045.0169 250.8049 0004174 056.7632 303.3616 14.37841001910319
1 25115U 97084D   15136.51190234  .00001506  00000-0  54161-3 0  9995,2 25115 045.0167 244.2197 0004075 065.2570 294.8702 14.37844566910515
1 25115U 97084D   15137.83204322  .00001228  00000-0  45012-3 0  9991,2 25115 045.0165 237.9638 0004003 073.4163 286.7124 14.37847607910700
1 25115U 97084D   15139.08270049  .00001026  00000-0  38377-3 0  9991,2 25115 045.0165 232.0372 0003953 081.1343 278.9952 14.37850279910880
1 25115U 97084D   15140.12491249  .00000930  00000-0  35234-3 0  9997,2 25115 045.0165 227.0983 0003938 087.4304 272.6995 14.37852690911036
1 25115U 97084D   15141.37556509  .00000803  00000-0  31067-3 0  9995,2 25115 045.0165 221.1717 0003887 095.0533 265.0759 14.37855042911216
1 25115U 97084D   15142.48725452  .00000657  00000-0  26275-3 0  9995,2 25115 045.0164 215.9037 0003871 101.9440 258.1842 14.37856742911379
1 25115U 97084D   15143.66842313  .00000497  00000-0  21018-3 0  9994,2 25115 045.0162 210.3065 0003871 109.1329 250.9938 14.37858239911541
1 25115U 97084D   15144.71062951  .00000447  00000-0  19350-3 0  9994,2 25115 045.0161 205.3676 0003883 115.4266 244.6984 14.37859788911692
1 25115U 97084D   15146.16971748  .00000319  00000-0  15155-3 0  9995,2 25115 045.0158 198.4531 0003909 124.5040 235.6178 14.37860997911903
1 25115U 97084D   15147.48984332  .00000335  00000-0  15671-3 0  9995,2 25115 045.0156 192.1971 0003958 132.3933 227.7250 14.37862508912096
1 25115U 97084D   15148.53204694  .00000356  00000-0  16389-3 0  9998,2 25115 045.0155 187.2581 0004000 138.4854 221.6298 14.37863715912248
1 25115U 97084D   15150.13009088  .00000326  00000-0  15374-3 0  9997,2 25115 045.0154 179.6847 0004072 147.6886 212.4212 14.37865197912478
1 25115U 97084D   15151.45021286  .00000716  00000-0  28185-3 0  9994,2 25115 045.0154 173.4287 0004147 154.9151 205.1899 14.37868535912667
1 25115U 97084D   15240.10319861  .00000270  00000-0  13521-3 0  9997,2 25115 045.0167 113.2674 0004579 218.1329 141.9196 14.37970806925422
1 25115U 97084D   15241.21479838  .00000349  00000-0  16093-3 0  9995,2 25115 045.0167 107.9986 0004651 222.8712 137.1774 14.37972282925583
1 25115U 97084D   15242.46534742  .00000274  00000-0  13663-3 0  9996,2 25115 045.0168 102.0712 0004735 227.8500 132.1946 14.37973080925763
1 25115U 97084D   15243.50747094  .00000252  00000-0  12919-3 0  9997,2 25115 045.0168 097.1317 0004801 231.8291 128.2126 14.37973972925917
1 25115U 97084D   15243.92432017 +.00000237 +00000-0 +12450-3 0  9992,2 25115 045.0168 095.1559 0004823 233.3622 126.6784 14.37974302925743
1 25115U 97084D   15244.68854365  .00000213  00000-0  11665-3 0  9991,2 25115  45.0168  91.5336 0004872 236.4513 123.5871 14.37974840926081
1 25115U 97084D   15245.93909086 +.00000171 +00000-0 +10273-3 0  9998,2 25115 045.0168 085.6062 0004931 241.5692 118.4660 14.37975510926031
1 25115U 97084D   15246.63383907 +.00000159 +00000-0 +98829-4 0  9994,2 25115 045.0168 082.3132 0004968 244.1527 115.8809 14.37975884926130
1 25115U 97084D   15247.46753659  .00000158  00000-0  98567-4 0  9999,2 25115  45.0168  78.3616 0005013 247.1013 112.9307 14.37976395926484
1 25115U 97084D   15248.50965816  .00000160  00000-0  99057-4 0  9993,2 25115  45.0167  73.4219 0005045 251.3108 108.7193 14.37977055926632
1 25115U 97084D   15249.55177925  .00000152  00000-0  96436-4 0  9994,2 25115  45.0168  68.4823 0005068 255.3987 104.6300 14.37977710926781
1 25115U 97084D   15249.89915281 +.00000159 +00000-0 +98677-4 0  9992,2 25115 045.0169 066.8358 0005079 256.7327 103.2955 14.37977986926609
1 25115U 97084D   15250.87179857  .00000179  00000-0  10525-3 0  9990,2 25115  45.0170  62.2256 0005099 260.6072  99.4201 14.37978753926974
1 25115U 97084D   15251.91391834  .00000233  00000-0  12309-3 0  9990,2 25115  45.0171  57.2861 0005129 264.5866  95.4397 14.37979829927124
1 25115U 97084D   15253.51183439  .00000268  00000-0  13450-3 0  9994,2 25115  45.0175  49.7122 0005130 271.3765  88.6496 14.37981267927358
1 25115U 97084D   15253.85920703 +.00000255 +00000-0 +13028-3 0  9991,2 25115 045.0175 048.0658 0005141 272.4723 087.5536 14.37981556927176
1 25115U 97084D   15254.76237586  .00000282  00000-0  13916-3 0  9998,2 25115  45.0177  43.7849 0005146 275.9653  84.0608 14.37982580927537
1 25115U 97084D   15254.90132489 +.00000270 +00000-0 +13509-3 0  9995,2 25115 045.0177 043.1263 0005146 276.5337 083.4925 14.37982652927329
1 25115U 97084D   15255.80449325  .00000248  00000-0  12808-3 0  9991,2 25115  45.0178  38.8455 0005148 279.9798  80.0470 14.37983409927682
1 25115U 97084D   15255.87396768 +.00000243 +00000-0 +12617-3 0  9993,2 25115 045.0178 038.5162 0005149 280.2420 079.7847 14.37983461927469
1 25115U 97084D   15257.40240584  .00000221  00000-0  11926-3 0  9996,2 25115  45.0179  31.2716 0005147 286.2099  73.8183 14.37984587927919
1 25115U 97084D   15258.51399653  .00000237  00000-0  12435-3 0  9994,2 25115  45.0180  26.0029 0005134 290.6245  69.4053 14.37985529928070
1 25115U 97084D   15258.79189413 +.00000235 +00000-0 +12359-3 0  9998,2 25115 045.0180 024.6858 0005140 291.6996 068.3304 14.37985721927884
1 25115U 97084D   15259.76453551  .00000202  00000-0  11301-3 0  9993,2 25115  45.0181  20.0757 0005118 295.5892  64.4428 14.37986249928258
1 25115U 97084D   15260.80665061  .00000201  00000-0  11247-3 0  9999,2 25115  45.0182  15.1363 0005095 299.8182  60.2160 14.37987067928403
1 25115U 97084D   15262.47403369  .00000267  00000-0  13424-3 0  9996,2 25115  45.0183   7.2332 0005052 306.5638  53.4745 14.37988709928640
1 25115U 97084D   15263.51614724  .00000333  00000-0  15578-3 0  9997,2 25115  45.0184   2.2940 0005015 310.8972  49.1442 14.37989913928799
1 25115U 97084D   15263.79404403 +.00000353 +00000-0 +16224-3 0  9999,2 25115 045.0184 000.9769 0005000 312.1123 047.9300 14.37990271928608
1 25115U 97084D   15264.76668248  .00000345  00000-0  15979-3 0  9993,2 25115  45.0183 356.3670 0004966 316.1594  43.8860 14.37991117928978
1 25115U 97084D   15266.22563885  .00000340  00000-0  15808-3 0  9993,2 25115  45.0182 349.4518 0004903 322.2144  37.8359 14.37992553929186
1 25115U 97084D   15267.33722333  .00000369  00000-0  16749-3 0  9997,2 25115  45.0181 344.1831 0004848 326.9443  33.1101 14.37993988929341
1 25115U 97084D   15268.37933286  .00000391  00000-0  17473-3 0  9993,2 25115  45.0180 339.2436 0004791 331.4006  28.6580 14.37995308929493
1 25115U 97084D   15268.65722864 +.00000400 +00000-0 +17783-3 0  9997,2 25115 045.0180 337.9265 0004775 332.7604 027.2993 14.37995678929301
1 25115U 97084D   15269.49091544  .00000408  00000-0  18036-3 0  9994,2 25115  45.0179 333.9749 0004735 336.4082  23.6548 14.37996683929650
1 25115U 97084D   15269.69933706 +.00000408 +00000-0 +18045-3 0  9991,2 25115 045.0179 332.9870 0004722 337.3904 022.6735 14.37996934929457
1 25115U 97084D   15270.67197083  .00000434  00000-0  18892-3 0  9990,2 25115  45.0178 328.3768 0004664 341.7536  18.3145 14.37998200929822
1 25115U 97084D   15272.20039370  .00000425  00000-0  18578-3 0  9996,2 25115  45.0176 321.1321 0004578 348.6920  11.3825 14.38000015930046
1 25115U 97084D   15273.52039335  .00000459  00000-0  19701-3 0  9999,2 25115  45.0175 314.8755 0004503 354.9167   5.1635 14.38001933930237
1 25115U 97084D   15273.58986694 +.00000459 +00000-0 +19704-3 0  9997,2 25115 045.0174 314.5462 0004495 355.2796 004.8009 14.38002036930012
1 25115U 97084D   15274.56249724  .00000495  00000-0  20898-3 0  9998,2 25115  45.0173 309.9359 0004434 359.9546   0.1301 14.38003461930388
1 25115U 97084D   15276.16038753  .00000578  00000-0  23597-3 0  9995,2 25115  45.0171 302.3617 0004335   7.6961 352.3953 14.38006044930619
1 25115U 97084D   15277.48038218  .00000540  00000-0  22342-3 0  9993,2 25115  45.0168 296.1049 0004252  14.4903 345.6067 14.38007648930807
1 25115U 97084D   15278.52248180  .00000456  00000-0  19612-3 0  9992,2 25115  45.0167 291.1651 0004191  19.9300 340.1712 14.38008737930956
1 25115U 97084D   15280.18983939  .00000445  00000-0  19231-3 0  9990,2 25115  45.0167 283.2614 0004092  28.8320 331.2754 14.38010910931198
1 25115U 97084D   15281.50982867  .00000462  00000-0  19793-3 0  9998,2 25115  45.0167 277.0045 0004046  36.0224 324.0896 14.38012803931381
1 25115U 97084D   15281.85719402 +.00000446 +00000-0 +19272-3 0  9993,2 25115 045.0167 275.3580 0004018 037.9272 322.1859 14.38013163931207
1 25115U 97084D   15283.17718164  .00000370  00000-0  16799-3 0  9991,2 25115  45.0166 269.1010 0003959  45.5069 314.6103 14.38014419931626
1 25115U 97084D   15284.42769481  .00000333  00000-0  15577-3 0  9990,2 25115  45.0166 263.1735 0003935  52.6776 307.4431 14.38015792931801
1 25115U 97084D   15284.91400514 +.00000331 +00000-0 +15516-3 0  9994,2 25115 045.0166 260.8682 0003917 055.4563 304.6655 14.38016347931647
1 25115U 97084D   15285.67820666  .00000332  00000-0  15550-3 0  9991,2 25115  45.0166 257.2459 0003903  60.0532 300.0703 14.38017266931984
1 25115U 97084D   15285.95609794 +.00000342 +00000-0 +15872-3 0  9997,2 25115 045.0166 255.9285 0003898 061.6965 298.4277 14.38017640931797
1 25115U 97084D   15287.13713546  .00000361  00000-0  16501-3 0  9991,2 25115  45.0166 250.3303 0003881  68.7107 291.4155 14.38019044932198
1 25115U 97084D   15288.17922622  .00000450  00000-0  19404-3 0  9997,2 25115  45.0166 245.3906 0003880  74.9398 285.1880 14.38020691932343
1 25115U 97084D   15289.36026078  .00000531  00000-0  22045-3 0  9994,2 25115  45.0165 239.7923 0003885  82.0760 278.0529 14.38022657932510
1 25115U 97084D   15289.91604118 +.00000551 +00000-0 +22704-3 0  9996,2 25115 045.0166 237.1577 0003888 085.4219 274.7073 14.38023539932367
1 25115U 97084D   15290.88865602  .00000593  00000-0  24084-3 0  9990,2 25115  45.0166 232.5473 0003901  91.3233 268.8063 14.38025182932739
1 25115U 97084D   15292.20863134  .00000691  00000-0  27280-3 0  9996,2 25115  45.0167 226.2905 0003950  99.2723 260.8572 14.38027764932921
1 25115U 97084D   15293.25071565  .00000739  00000-0  28875-3 0  9995,2 25115  45.0167 221.3509 0003987 105.4591 254.6698 14.38029686933072
1 25115U 97084D   15293.87596525 +.00000753 +00000-0 +29302-3 0  9993,2 25115 045.0167 218.3870 0004006 109.2529 250.8753 14.38030879932935
1 25115U 97084D   15294.77910279  .00000757  00000-0  29438-3 0  9993,2 25115  45.0166 214.1060 0004041 114.7678 245.3591 14.38032521933299
1 25115U 97084D   15295.82118282  .00000766  00000-0  29746-3 0  9996,2 25115  45.0165 209.1663 0004104 120.8272 239.2980 14.38034632933445
1 25115U 97084D   15295.89065473 +.00000795 +00000-0 +30675-3 0  9991,2 25115 045.0165 208.8370 0004108 121.2443 238.8808 14.38034935933221
1 25115U 97084D   15297.14114899  .00000753  00000-0  29317-3 0  9993,2 25115  45.0164 202.9095 0004183 128.4541 231.6683 14.38037079933639
1 25115U 97084D   15298.18322570  .00000784  00000-0  30317-3 0  9991,2 25115  45.0163 197.9697 0004265 134.2749 225.8450 14.38039221933789
1 25115U 97084D   15299.22530141  .00000657  00000-0  26179-3 0  9992,2 25115  45.0162 193.0298 0004344 140.1511 219.9657 14.38040363933932
1 25115U 97084D   15299.85054621 +.00000635 +00000-0 +25449-3 0  9990,2 25115 045.0162 190.0658 0004399 143.6414 216.4734 14.38041306933799
1 25115U 97084D   15300.82314838  .00000582  00000-0  23697-3 0  9993,2 25115  45.0161 185.4553 0004477 148.9534 211.1580 14.38042637934169
1 25115U 97084D   15300.89261997 +.00000571 +00000-0 +23349-3 0  9999,2 25115 045.0161 185.1260 0004485 149.3169 210.7943 14.38042686933946
1 25115U 97084D   15302.14310729  .00000496  00000-0  20894-3 0  9995,2 25115  45.0161 179.1984 0004595 155.8622 204.2443 14.38044154934351
1 25115U 97084D   15303.46306440  .00000462  00000-0  19772-3 0  9992,2 25115  45.0161 172.9413 0004715 162.7542 197.3467 14.38045802934541
1 25115U 97084D   15303.81042148 +.00000447 +00000-0 +19293-3 0  9994,2 25115 045.0160 171.2946 0004749 164.6385 195.4608 14.38046102934366
1 25115U 97084D   15304.71354919  .00000434  00000-0  18870-3 0  9992,2 25115  45.0159 167.0135 0004823 169.3051 190.7901 14.38047069934729
1 25115U 97084D   15305.82508992  .00000535  00000-0  22174-3 0  9991,2 25115  45.0158 161.7443 0004925 174.9834 185.1065 14.38048878934880
1 25115U 97084D   15305.89456121 +.00000450 +00000-0 +19403-3 0  9991,2 25115 045.0158 161.4150 0004936 175.2662 184.8234 14.38048504934663
1 25115U 97084D   15307.00610088  .00000423  00000-0  18493-3 0  9998,2 25115  45.0156 156.1459 0005054 180.5380 179.5464 14.38049663935059
1 25115U 97084D   15308.04816824  .00000475  00000-0  20201-3 0  9996,2 25115  45.0155 151.2059 0005159 185.5161 174.5631 14.38051209935205
1 25115U 97084D   15309.43759008  .00000446  00000-0  19262-3 0  9993,2 25115  45.0154 144.6193 0005295 192.2196 167.8524 14.38052662935405
1 25115U 97084D   15310.54912647  .00000461  00000-0  19751-3 0  9997,2 25115  45.0153 139.3499 0005400 197.4678 162.5985 14.38053993935562
1 25115U 97084D   15310.89648146 +.00000449 +00000-0 +19346-3 0  9991,2 25115 045.0154 137.7033 0005432 199.0423 161.0223 14.38054308935380
1 25115U 97084D   15311.86907408  .00000529  00000-0  21973-3 0  9996,2 25115  45.0155 133.0926 0005519 203.5530 156.5066 14.38056067935756
1 25115U 97084D   15311.93854491 +.00000523 +00000-0 +21762-3 0  9997,2 25115 045.0155 132.7633 0005526 203.8465 156.2128 14.38056140935539
1 25115U 97084D   15312.91113655  .00000511  00000-0  21373-3 0  9991,2 25115  45.0156 128.1526 0005597 208.4068 151.6476 14.38057479935900
1 25115U 97084D   15314.43949254  .00000592  00000-0  24015-3 0  9997,2 25115  45.0157 120.9073 0005735 215.4192 144.6276 14.38060303936123
1 25115U 97084D   15315.48155217  .00000634  00000-0  25403-3 0  9990,2 25115  45.0159 115.9674 0005804 220.1606 139.8814 14.38062141936278
1 25115U 97084D   15315.89837582 +.00000604 +00000-0 +24425-3 0  9997,2 25115 045.0159 113.9915 0005841 221.9808 138.0594 14.38062604936100
1 25115U 97084D   15316.80149309  .00000606  00000-0  24489-3 0  9994,2 25115  45.0160 109.7102 0005906 226.0205 134.0157 14.38063944936460
1 25115U 97084D   15316.87096359 +.00000603 +00000-0 +24385-3 0  9999,2 25115 045.0160 109.3809 0005911 226.3414 133.6945 14.38064041936246
1 25115U 97084D   15317.84355042  .00000544  00000-0  22439-3 0  9996,2 25115  45.0161 104.7702 0006001 230.6601 129.3716 14.38065179936617
1 25115U 97084D   15319.51083926  .00000551  00000-0  22681-3 0  9998,2 25115  45.0162  96.8662 0006124 238.0456 121.9798 14.38067918936857
1 25115U 97084D   15319.85819082 +.00000521 +00000-0 +21704-3 0  9997,2 25115 045.0163 095.2197 0006131 239.6065 120.4177 14.38068311936678
1 25115U 97084D   15320.83077402  .00000637  00000-0  25494-3 0  9997,2 25115  45.0165  90.6091 0006188 243.9632 116.0580 14.38070572937045
1 25115U 97084D   15322.35911680  .00000790  00000-0  30480-3 0  9992,2 25115  45.0168  83.3638 0006273 250.7349 109.2821 14.38074021937269
1 25115U 97084D   15323.40116692  .00000796  00000-0  30694-3 0  9992,2 25115  45.0171  78.4240 0006309 255.2444 104.7706 14.38076049937414
1 25115U 97084D   15324.51268576  .00000740  00000-0  28858-3 0  9992,2 25115  45.0173  73.1549 0006351 260.0448  99.9684 14.38077886937572
1 25115U 97084D   15324.72109527 +.00000695 +00000-0 +27385-3 0  9998,2 25115 045.0173 072.1671 0006357 260.9815 099.0315 14.38078088937375
1 25115U 97084D   15325.76314229  .00000687  00000-0  27119-3 0  9996,2 25115  45.0175  67.2273 0006392 265.5320  94.4799 14.38080139937758
1 25115U 97084D   15327.22200628  .00000617  00000-0  24843-3 0  9990,2 25115  45.0176  60.3116 0006436 271.9185  88.0927 14.38082466937968
1 25115U 97084D   15327.63882417 +.00000687 +00000-0 +27104-3 0  9997,2 25115 045.0177 058.3357 0006445 273.7114 086.2997 14.38083560937799
1 25115U 97084D   15329.51450272  .00000618  00000-0  24862-3 0  9998,2 25115  45.0178  49.4439 0006479 281.8323  78.1798 14.38086293938292
1 25115U 97084D   15329.65344171 +.00000639 +00000-0 +25558-3 0  9999,2 25115 045.0178 048.7853 0006478 282.4336 077.5787 14.38086635938082
1 25115U 97084D   15330.62601453  .00000555  00000-0  22808-3 0  9999,2 25115  45.0179  44.1747 0006475 286.6931  73.3206 14.38087671938451
1 25115U 97084D   15331.66805580  .00000530  00000-0  21988-3 0  9992,2 25115  45.0180  39.2349 0006469 291.2976  68.7181 14.38089101938607
1 25115U 97084D   15333.19638162  .00000490  00000-0  20666-3 0  9999,2 25115  45.0181  31.9897 0006458 297.9867  62.0328 14.38090935938826
1 25115U 97084D   15334.51629749  .00000605  00000-0  24445-3 0  9994,2 25115  45.0182  25.7328 0006428 303.8468  56.1768 14.38093379939017
1 25115U 97084D   15334.58576663 +.00000606 +00000-0 +24453-3 0  9997,2 25115 045.0182 025.4035 0006424 304.1599 055.8640 14.38093505938794
1 25115U 97084D   15335.62780436  .00000554  00000-0  22783-3 0  9994,2 25115  45.0182  20.4636 0006401 308.8273  51.2003 14.38094703939178
1 25115U 97084D   15337.15612447  .00000483  00000-0  20437-3 0  9995,2 25115  45.0181  13.2184 0006364 315.7098  44.3241 14.38096536939392
1 25115U 97084D   15339.17072541  .00000419  00000-0  18370-3 0  9996,2 25115  45.0181   3.6679 0006287 324.9403  35.1031 14.38098902939686
1 25115U 97084D   15340.49063441  .00000548  00000-0  22568-3 0  9999,2 25115  45.0180 357.4106 0006221 331.1397  28.9107 14.38101298939878
1 25115U 97084D   15340.97691612 +.00000575 +00000-0 +23442-3 0  9991,2 25115 045.0180 355.1052 0006206 333.4004 026.6525 14.38102122939715
1 25115U 97084D   15342.15788533  .00000575  00000-0  23458-3 0  9999,2 25115  45.0180 349.5065 0006162 339.1764  20.8833 14.38103783940111
1 25115U 97084D   15343.40832229  .00000539  00000-0  22274-3 0  9995,2 25115  45.0179 343.5787 0006093 345.3582  14.7089 14.38105227940293
1 25115U 97084D   15343.96407147 +.00000473 +00000-0 +20122-3 0  9990,2 25115 045.0180 340.9440 0006070 348.0394 012.0310 14.38105629940146
1 25115U 97084D   15344.79769440  .00000629  00000-0  25224-3 0  9990,2 25115  45.0180 336.9921 0006014 352.1962   7.8792 14.38107707940493
1 25115U 97084D   15344.86716318 +.00000500 +00000-0 +21000-3 0  9990,2 25115 045.0180 336.6627 0006016 352.5422 007.5336 14.38107045940272
1 25115U 97084D   15345.83972240  .00000604  00000-0  24387-3 0  9992,2 25115  45.0179 332.0521 0005952 357.4218   2.6599 14.38109012940642
1 25115U 97084D   15345.90919093 +.00000582 +00000-0 +23696-3 0  9994,2 25115 045.0179 331.7228 0005949 357.7729 002.3092 14.38108981940423
1 25115U 97084D   15347.09015431  .00000550  00000-0  22623-3 0  9993,2 25115  45.0179 326.1241 0005874   3.8322 356.2570 14.38110589940824
1 25115U 97084D   15347.92377444 +.00000557 +00000-0 +22859-3 0  9998,2 25115 045.0178 322.1720 0005820 008.0987 351.9954 14.38111940940714
1 25115U 97084D   15348.96579831 +.00000656 +00000-0 +26094-3 0  9992,2 25115 045.0177 317.2319 0005750 013.5686 346.5316 14.38114200940861
1 25115U 97084D   15350.14675692  .00000706  00000-0  27731-3 0  9992,2 25115  45.0178 311.6332 0005688  19.9117 340.1953 14.38116523941266
1 25115U 97084D   15351.18877830  .00000595  00000-0  24099-3 0  9995,2 25115  45.0177 306.6932 0005640  25.5834 334.5293 14.38117604941414
1 25115U 97084D   15351.95292624 +.00000604 +00000-0 +24397-3 0  9994,2 25115 045.0177 303.0704 0005605 029.7387 330.3779 14.38118950941296
1 25115U 97084D   15352.85600929  .00000685  00000-0  27048-3 0  9990,2 25115  45.0176 298.7891 0005570  34.6918 325.4293 14.38120921941655
1 25115U 97084D   15352.92547727 +.00000554 +00000-0 +22765-3 0  9990,2 25115 045.0176 298.4597 0005558 035.1127 325.0087 14.38120320941435
1 25115U 97084D   15353.89802694  .00000621  00000-0  24947-3 0  9993,2 25115  45.0176 293.8490 0005502  40.5712 319.5546 14.38122374941805
1 25115U 97084D   15355.14844587  .00000684  00000-0  26991-3 0  9990,2 25115  45.0175 287.9211 0005455  47.6840 312.4470 14.38124991941980
1 25115U 97084D   15356.19045935  .00000703  00000-0  27618-3 0  9995,2 25115  45.0174 282.9811 0005424  53.6562 306.4787 14.38127167942134
1 25115U 97084D   15357.30193926  .00000711  00000-0  27877-3 0  9999,2 25115  45.0172 277.7118 0005400  60.0556 300.0829 14.38129256942298
1 25115U 97084D   15358.83022138  .00000664  00000-0  26335-3 0  9999,2 25115  45.0169 270.4661 0005371  69.0357 291.1066 14.38131877942512
1 25115U 97084D   15358.89968877 +.00000639 +00000-0 +25538-3 0  9990,2 25115 045.0169 270.1368 0005375 069.4522 290.6903 14.38131858942293
1 25115U 97084D   15360.15009965  .00000484  00000-0  20461-3 0  9994,2 25115  45.0168 264.2087 0005382  76.7893 283.3555 14.38133219942705
1 25115U 97084D   15360.84477159 +.00000446 +00000-0 +19217-3 0  9999,2 25115 045.0167 260.9151 0005383 080.9031 279.2426 14.38134127942576
1 25115U 97084D   15361.74784472  .00000398  00000-0  17677-3 0  9992,2 25115  45.0166 256.6337 0005394  86.2176 273.9289 14.38135078942938
1 25115U 97084D   15361.88677912 +.00000346 +00000-0 +15949-3 0  9990,2 25115 045.0166 255.9750 0005402 087.0679 273.0788 14.38134938942722
1 25115U 97084D   15363.06772022  .00000286  00000-0  14009-3 0  9999,2 25115  45.0165 250.3763 0005433  94.0320 266.1149 14.38135821943120
1 25115U 97084D   15364.10972630  .00000244  00000-0  12645-3 0  9990,2 25115  45.0163 245.4362 0005471 100.1574 259.9892 14.38136572943275
1 25115U 97084D   15365.15173167  .00000188  00000-0  10815-3 0  9998,2 25115  45.0161 240.4960 0005505 106.2773 253.8681 14.38137190943421
1 25115U 97084D   15365.91586833 +.00000252 +00000-0 +12885-3 0  9991,2 25115 045.0160 236.8732 0005536 110.7428 249.4014 14.38138207943305
1 25115U 97084D   16001.81893840  .00000230  00000-0  12161-3 0  9990,2 25115  45.0158 232.5917 0005583 115.9916 244.1507 14.38138873943668
1 25115U 97084D   16001.88840533 +.00000196 +00000-0 +11050-3 0  9995,2 25115 045.0158 232.2624 0005588 116.3879 243.7543 14.38138743943445
1 25115U 97084D   16003.06934233  .00000220  00000-0  11832-3 0  9994,2 25115  45.0156 226.6635 0005661 123.1126 237.0266 14.38139806943848
1 25115U 97084D   16004.11134489  .00000227  00000-0  12083-3 0  9992,2 25115  45.0154 221.7232 0005727 129.0342 231.1017 14.38140631943996
1 25115U 97084D   16004.94494637 +.00000242 +00000-0 +12559-3 0  9992,2 25115 045.0154 217.7709 0005788 133.7919 226.3409 14.38141369943887
1 25115U 97084D   16005.77854747  .00000232  00000-0  12237-3 0  9998,2 25115  45.0153 213.8185 0005850 138.4674 221.6619 14.38141992944234
1 25115U 97084D   16005.91748096 +.00000204 +00000-0 +11332-3 0  9997,2 25115 045.0153 213.1598 0005865 139.2356 220.8932 14.38141955944022
1 25115U 97084D   16006.82054809  .00000222  00000-0  11908-3 0  9999,2 25115  45.0153 208.8781 0005929 144.2336 215.8910 14.38142827944380
1 25115U 97084D   16006.89001482 +.00000204 +00000-0 +11307-3 0  9998,2 25115 045.0153 208.5488 0005939 144.6084 215.5159 14.38142775944166
1 25115U 97084D   16007.86254808  .00000205  00000-0  11349-3 0  9995,2 25115  45.0154 203.9378 0006019 149.9762 210.1432 14.38143559944532
1 25115U 97084D   16007.93201474 +.00000216 +00000-0 +11720-3 0  9999,2 25115 045.0153 203.6084 0006022 150.3168 209.8023 14.38143668944310
1 25115U 97084D   16008.97401402  .00000226  00000-0  12025-3 0  9997,2 25115  45.0154 198.6681 0006106 155.9477 204.1658 14.38144495944696
1 25115U 97084D   16010.50227833  .00000243  00000-0  12577-3 0  9994,2 25115  45.0153 191.4222 0006232 164.1695 195.9350 14.38145779944918
1 25115U 97084D   16011.54427558  .00000267  00000-0  13363-3 0  9995,2 25115  45.0153 186.4818 0006333 169.6904 190.4075 14.38146883945066
1 25115U 97084D   16011.89160769 +.00000288 +00000-0 +14071-3 0  9991,2 25115 045.0153 184.8351 0006370 171.4954 188.6004 14.38147387944887
1 25115U 97084D   16012.86413741  .00000374  00000-0  16858-3 0  9991,2 25115  45.0154 180.2241 0006449 176.5166 183.5728 14.38148816945251
1 25115U 97084D   16013.90613279  .00000363  00000-0  16506-3 0  9993,2 25115  45.0154 175.2836 0006543 181.8725 178.2100 14.38149800945406
1 25115U 97084D   16015.50385758  .00000366  00000-0  16592-3 0  9997,2 25115  45.0156 167.7082 0006687 190.0202 170.0514 14.38151371945638
1 25115U 97084D   16015.57332387 +.00000364 +00000-0 +16524-3 0  9997,2 25115 045.0156 167.3789 0006696 190.3854 169.6857 14.38151415945413
1 25115U 97084D   16016.54585117  .00000360  00000-0  16409-3 0  9994,2 25115  45.0158 162.7679 0006787 195.3241 164.7403 14.38152352945782
1 25115U 97084D   16016.89318210 +.00000385 +00000-0 +17226-3 0  9995,2 25115 045.0158 161.1212 0006820 197.1195 162.9424 14.38152859945600
1 25115U 97084D   16017.79624227  .00000380  00000-0  17064-3 0  9998,2 25115  45.0160 156.8396 0006903 201.5656 158.4903 14.38153788945964
1 25115U 97084D   16017.86570842 +.00000332 +00000-0 +15493-3 0  9990,2 25115 045.0160 156.5102 0006909 201.9288 158.1266 14.38153608945743
1 25115U 97084D   16018.83823415  .00000351  00000-0  16116-3 0  9999,2 25115  45.0162 151.8993 0006994 206.6921 153.3568 14.38154711946111
1 25115U 97084D   16020.50541983  .00000356  00000-0  16263-3 0  9991,2 25115  45.0164 143.9949 0007135 214.7900 145.2482 14.38156324946354
1 25115U 97084D   16020.78328385 +.00000379 +00000-0 +17029-3 0  9996,2 25115 045.0164 142.6776 0007147 216.0803 143.9563 14.38156740946164
1 25115U 97084D   16021.75580723  .00000408  00000-0  17971-3 0  9999,2 25115  45.0165 138.0667 0007220 220.6962 139.3347 14.38158015946539
1 25115U 97084D   16023.14512547  .00000387  00000-0  17271-3 0  9992,2 25115  45.0166 131.4796 0007325 227.3158 132.7074 14.38159481946731
1 25115U 97084D   16024.46497665  .00000341  00000-0  15767-3 0  9999,2 25115  45.0167 125.2219 0007414 233.4140 126.6027 14.38160753946926
1 25115U 97084D   16024.74283994 +.00000343 +00000-0 +15848-3 0  9990,2 25115 045.0167 123.9046 0007426 234.7436 125.2718 14.38161075946733
1 25115U 97084D   16025.64589532  .00000334  00000-0  15568-3 0  9996,2 25115  45.0168 119.6230 0007487 238.9228 121.0886 14.38161970947097
1 25115U 97084D   16026.68788186  .00000313  00000-0  14862-3 0  9990,2 25115  45.0169 114.6828 0007543 243.7409 116.2664 14.38162852947241
1 25115U 97084D   16028.21612787  .00000244  00000-0  12619-3 0  9995,2 25115  45.0170 107.4370 0007625 250.8091 109.1933 14.38163827947469
1 25115U 97084D   16029.53597559  .00000259  00000-0  13116-3 0  9999,2 25115  45.0171 101.1796 0007680 256.8863 103.1129 14.38165139947657
1 25115U 97084D   16029.60544115 +.00000276 +00000-0 +13644-3 0  9992,2 25115 045.0171 100.8503 0007681 257.2081 102.7910 14.38165318947435
1 25115U 97084D   16030.64742542  .00000295  00000-0  14295-3 0  9996,2 25115  45.0172  95.9100 0007703 261.8504  98.1471 14.38166420947816
1 25115U 97084D   16032.17566773  .00000370  00000-0  16732-3 0  9998,2 25115  45.0172  88.6642 0007741 268.8298  91.1664 14.38168299948033
1 25115U 97084D   16033.21765020  .00000388  00000-0  17312-3 0  9994,2 25115  45.0171  83.7239 0007754 273.6394  86.3568 14.38169485948188
1 25115U 97084D   16034.53749344  .00000453  00000-0  19432-3 0  9999,2 25115  45.0171  77.4661 0007758 279.6654  80.3318 14.38171354948372
1 25115U 97084D   16034.60695887 +.00000421 +00000-0 +18386-3 0  9991,2 25115 045.0171 077.1368 0007758 279.9873 080.0100 14.38171262948159
1 25115U 97084D   16035.57947412  .00000394  00000-0  17517-3 0  9996,2 25115  45.0171  72.5257 0007755 284.4385  75.5603 14.38172283948523
1 25115U 97084D   16036.55197676  .00000420  00000-0  18350-3 0  9990,2 25115  45.0172  67.9143 0007645 288.5877  71.4140 14.38198044948664
1 25115U 97084D   16038.14965048  .00000442  00000-0  19079-3 0  9996,2 25115  45.0173  60.3387 0007602 295.7216  64.2848 14.38200085948891
1 25115U 97084D   16039.19161026  .00000546  00000-0  22446-3 0  9993,2 25115  45.0174  55.3984 0007593 300.7895  59.2205 14.38201971949042
1 25115U 97084D   16040.44196035  .00000608  00000-0  24468-3 0  9996,2 25115  45.0174  49.4699 0007549 306.6443  53.3711 14.38204189949225
1 25115U 97084D   16041.48391732  .00000647  00000-0  25751-3 0  9991,2 25115  45.0175  44.5294 0007509 311.5600  48.4604 14.38206126949374
1 25115U 97084D   16043.15104632  .00000633  00000-0  25302-3 0  9995,2 25115  45.0176  36.6244 0007434 319.4376  40.5918 14.38208768949618
1 25115U 97084D   16044.47085431  .00000654  00000-0  25980-3 0  9991,2 25115  45.0176  30.3665 0007363 325.7892  34.2481 14.38211134949807
1 25115U 97084D   16046.20744070  .00000699  00000-0  27444-3 0  9991,2 25115  45.0178  22.1321 0007255 334.1915  25.8570 14.38214429950051
1 25115U 97084D   16047.31885412  .00000746  00000-0  28969-3 0  9996,2 25115  45.0179  16.8623 0007178 339.6619  20.3943 14.38216672950216
1 25115U 97084D   16047.94402291 +.00000834 +00000-0 +31857-3 0  9993,2 25115 045.0180 013.8978 0007139 342.7324 017.3281 14.38218451950075
1 25115U 97084D   16049.12489692  .00000688  00000-0  27074-3 0  9998,2 25115  45.0181   8.2989 0007058 348.7381  11.3309 14.38219849950476
1 25115U 97084D   16050.30576933  .00000733  00000-0  28563-3 0  9990,2 25115  45.0181   2.6998 0006977 354.7398   5.3376 14.38222172950647
1 25115U 97084D   16051.34771447  .00000592  00000-0  23951-3 0  9991,2 25115  45.0181 357.7594 0006900   0.0924 359.9925 14.38223174950792
1 25115U 97084D   16051.90341819 +.00000475 +00000-0 +20147-3 0  9993,2 25115 045.0181 355.1244 0006854 002.9713 357.1175 14.38223426950642
1 25115U 97084D   16052.87589894  .00000463  00000-0  19736-3 0  9996,2 25115  45.0181 350.5132 0006778   8.0899 352.0058 14.38224845951016
1 25115U 97084D   16054.12623033  .00000368  00000-0  16653-3 0  9999,2 25115  45.0181 344.5848 0006694  14.8943 345.2102 14.38226026951191
1 25115U 97084D   16055.16817249  .00000340  00000-0  15730-3 0  9993,2 25115  45.0180 339.6443 0006629  20.5337 339.5777 14.38226999951345
1 25115U 97084D   16056.21011394  .00000371  00000-0  16760-3 0  9995,2 25115  45.0180 334.7038 0006567  26.2601 333.8579 14.38228164951498
1 25115U 97084D   16056.90474107 +.00000320 +00000-0 +15093-3 0  9998,2 25115 045.0180 331.4100 0006521 030.1227 329.9996 14.38228570951366
1 25115U 97084D   16057.80775596  .00000315  00000-0  14909-3 0  9993,2 25115  45.0179 327.1283 0006470  35.1585 324.9689 14.38229379951725
1 25115U 97084D   16057.87721855 +.00000297 +00000-0 +14332-3 0  9998,2 25115 045.0179 326.7990 0006470 035.6237 324.5042 14.38229388951509
1 25115U 97084D   16058.84969551  .00000299  00000-0  14406-3 0  9997,2 25115  45.0178 322.1879 0006422  41.0760 319.0571 14.38230275951876
1 25115U 97084D   16058.91915809 +.00000261 +00000-0 +13165-3 0  9992,2 25115 045.0178 321.8585 0006416 041.4704 318.6631 14.38230144951654
1 25115U 97084D   16060.10002211  .00000228  00000-0  12080-3 0  9998,2 25115  45.0177 316.2595 0006357  48.1402 311.9988 14.38230946952051
1 25115U 97084D   16060.93357269 +.00000226 +00000-0 +12015-3 0  9991,2 25115 045.0176 312.3071 0006319 052.8700 307.2725 14.38231568951942
1 25115U 97084D   16061.14196027  .00000226  00000-0  12014-3 0  9997,2 25115  45.0175 311.3191 0006312  54.0977 306.0457 14.38231715952209
1 25115U 97084D   16062.46174750  .00000282  00000-0  13850-3 0  9993,2 25115  45.0172 305.0610 0006253  61.6070 298.5408 14.38233003952397
1 25115U 97084D   16062.80905987 +.00000266 +00000-0 +13336-3 0  9996,2 25115 045.0171 303.4141 0006241 063.6862 296.4627 14.38233143952211
1 25115U 97084D   16063.78153363  .00000263  00000-0  13238-3 0  9995,2 25115  45.0169 298.8028 0006220  69.4447 290.7069 14.38233919952587
1 25115U 97084D   16065.03185608  .00000303  00000-0  14543-3 0  9997,2 25115  45.0167 292.8740 0006226  76.9850 283.1693 14.38235164952760
1 25115U 97084D   16066.49056426  .00000322  00000-0  15155-3 0  9994,2 25115  45.0165 285.9568 0006196  85.6020 274.5536 14.38236384952979
1 25115U 97084D   16067.53249722  .00000392  00000-0  17430-3 0  9998,2 25115  45.0164 281.0160 0006197  91.7540 268.4019 14.38237744953126
1 25115U 97084D   16067.67142156 +.00000389 +00000-0 +17327-3 0  9997,2 25115 045.0164 280.3572 0006203 092.6379 267.5180 14.38237869952916
1 25115U 97084D   16068.99120155  .00000369  00000-0  16666-3 0  9991,2 25115  45.0162 274.0990 0006244 100.6109 259.5443 14.38239238953336
1 25115U 97084D   16070.03313202  .00000365  00000-0  16557-3 0  9991,2 25115  45.0161 269.1583 0006277 106.5055 253.6484 14.38240467953481
1 25115U 97084D   16071.35290911  .00000377  00000-0  16931-3 0  9997,2 25115  45.0160 262.8998 0006315 114.3720 245.7788 14.38242085953677
1 25115U 97084D   16071.90860408 +.00000463 +00000-0 +19751-3 0  9991,2 25115 045.0159 260.2647 0006340 117.7742 242.3750 14.38243234953520
1 25115U 97084D   16072.81160818  .00000417  00000-0  18249-3 0  9990,2 25115  45.0159 255.9826 0006381 123.0749 237.0713 14.38243993953883
1 25115U 97084D   16073.85353515  .00000402  00000-0  17760-3 0  9994,2 25115  45.0158 251.0417 0006442 129.0843 231.0579 14.38245029954038
1 25115U 97084D   16074.89546116  .00000403  00000-0  17791-3 0  9995,2 25115  45.0158 246.1006 0006503 134.9958 225.1419 14.38246142954187
1 25115U 97084D   16075.93738598  .00000422  00000-0  18402-3 0  9999,2 25115  45.0159 241.1598 0006574 140.9039 219.2285 14.38247475954336
1 25115U 97084D   16077.53500249  .00000416  00000-0  18197-3 0  9991,2 25115  45.0161 233.5838 0006676 149.6649 210.4587 14.38249220954560
1 25115U 97084D   16077.88231010 +.00000383 +00000-0 +17144-3 0  9990,2 25115 045.0161 231.9370 0006700 151.5387 208.5828 14.38249452954385
1 25115U 97084D   16078.78530951  .00000391  00000-0  17400-3 0  9990,2 25115  45.0162 227.6550 0006770 156.5567 203.5592 14.38250474954749
1 25115U 97084D   16078.85477097 +.00000385 +00000-0 +17204-3 0  9994,2 25115 045.0162 227.3256 0006778 156.9560 203.1593 14.38250522954521
1 25115U 97084D   16079.82723109  .00000369  00000-0  16684-3 0  9993,2 25115  45.0162 222.7143 0006858 162.3158 197.7930 14.38251501954899
1 25115U 97084D   16081.49430390  .00000328  00000-0  15342-3 0  9991,2 25115  45.0163 214.8090 0007000 171.2533 188.8439 14.38253133955135
1 25115U 97084D   16082.74460738  .00000267  00000-0  13343-3 0  9990,2 25115  45.0163 208.8802 0007112 177.8590 182.2290 14.38254048955317
1 25115U 97084D   16084.13383249  .00000246  00000-0  12652-3 0  9995,2 25115  45.0164 202.2926 0007228 185.2091 174.8684 14.38255112955519
1 25115U 97084D   16085.17575074  .00000252  00000-0  12855-3 0  9991,2 25115  45.0164 197.3519 0007323 190.5740 169.4955 14.38255931955663
1 25115U 97084D   16086.49551281  .00000244  00000-0  12590-3 0  9998,2 25115  45.0164 191.0936 0007452 197.2168 162.8429 14.38256970955856
1 25115U 97084D   16086.70389621 +.00000246 +00000-0 +12661-3 0  9990,2 25115 045.0164 190.1055 0007468 198.2008 161.8575 14.38257159955658
1 25115U 97084D   16087.74581276  .00000245  00000-0  12619-3 0  9997,2 25115  45.0164 185.1647 0007563 203.2882 156.7624 14.38258049956032
1 25115U 97084D   16089.13503379  .00000271  00000-0  13467-3 0  9991,2 25115  45.0165 178.5771 0007676 210.1557 149.8851 14.38259391956236
1 25115U 97084D   16090.45479257  .00000302  00000-0  14475-3 0  9990,2 25115  45.0165 172.3190 0007782 216.4846 143.5473 14.38260768956423
1 25115U 97084D   16091.49670644  .00000335  00000-0  15539-3 0  9996,2 25115  45.0164 167.3784 0007860 221.4217 138.6037 14.38261996956571
1 25115U 97084D   16092.67754138  .00000314  00000-0  14872-3 0  9994,2 25115  45.0162 161.7789 0007935 227.0192 132.9992 14.38263133956740
1 25115U 97084D   16094.20567918  .00000324  00000-0  15195-3 0  9993,2 25115  45.0160 154.5322 0008039 234.2613 125.7489 14.38264839956964
1 25115U 97084D   16095.45597287  .00000328  00000-0  15313-3 0  9999,2 25115  45.0160 148.6032 0008102 240.1597 119.8446 14.38266107957142
1 25115U 97084D   16096.49788358  .00000332  00000-0  15464-3 0  9997,2 25115  45.0160 143.6623 0008145 245.0543 114.9459 14.38267152957292
1 25115U 97084D   16096.91464768 +.00000329 +00000-0 +15341-3 0  9990,2 25115 045.0160 141.6859 0008161 247.0141 112.9847 14.38267546957123
1 25115U 97084D   16097.53979357  .00000329  00000-0  15341-3 0  9994,2 25115  45.0159 138.7214 0008180 249.8670 110.1298 14.38268198957440
1 25115U 97084D   16099.13738747  .00000305  00000-0  14590-3 0  9997,2 25115  45.0160 131.1453 0008235 257.2547 102.7381 14.38269805957672
1 25115U 97084D   16100.17929581  .00000289  00000-0  14045-3 0  9998,2 25115  45.0160 126.2044 0008259 262.0146  97.9765 14.38270811957825
1 25115U 97084D   16101.49904562  .00000285  00000-0  13934-3 0  9998,2 25115  45.0160 119.9460 0008265 268.0788  91.9114 14.38272099958015
1 25115U 97084D   16102.54095285  .00000285  00000-0  13924-3 0  9997,2 25115  45.0159 115.0051 0008268 272.8802  87.1100 14.38273049958163
1 25115U 97084D   16104.13854254  .00000349  00000-0  15992-3 0  9991,2 25115  45.0159 107.4287 0008257 280.1273  79.8644 14.38274942958390
1 25115U 97084D   16105.18044782  .00000355  00000-0  16204-3 0  9998,2 25115  45.0160 102.4877 0008236 284.9219  75.0717 14.38276099958542
1 25115U 97084D   16106.43073341  .00000352  00000-0  16105-3 0  9997,2 25115  45.0162  96.5586 0008199 290.7618  69.2351 14.38277375958727
1 25115U 97084D   16106.77803486 +.00000333 +00000-0 +15493-3 0  9993,2 25115 045.0163 094.9115 0008195 292.3330 067.6650 14.38277603958541
1 25115U 97084D   16108.09777956  .00000373  00000-0  16796-3 0  9993,2 25115  45.0164  88.6530 0008142 298.3843  61.6185 14.38279172958966
1 25115U 97084D   16109.48698283  .00000380  00000-0  17015-3 0  9995,2 25115  45.0166  82.0653 0008073 304.9783  55.0307 14.38280894959161
1 25115U 97084D   16109.90374372 +.00000362 +00000-0 +16430-3 0  9992,2 25115 045.0167 080.0889 0008054 306.9002 053.1108 14.38281239958998
1 25115U 97084D   16111.15402532  .00000310  00000-0  14738-3 0  9994,2 25115  45.0169  74.1599 0007973 312.7354  47.2823 14.38282456959403
1 25115U 97084D   16112.19592622  .00000272  00000-0  13499-3 0  9999,2 25115  45.0170  69.2191 0007908 317.6730  42.3508 14.38283308959557
1 25115U 97084D   16113.44620630  .00000290  00000-0  14078-3 0  9993,2 25115  45.0171  63.2902 0007819 323.7972  36.2347 14.38284665959739
1 25115U 97084D   16113.93242622 +.00000259 +00000-0 +13083-3 0  9998,2 25115 045.0172 060.9843 0007781 326.1079 033.9272 14.38284928959576
1 25115U 97084D   16115.18270499  .00000274  00000-0  13581-3 0  9990,2 25115  45.0173  55.0554 0007683 332.0894  27.9541 14.38286244959983
1 25115U 97084D   16116.29406313  .00000258  00000-0  13051-3 0  9993,2 25115  45.0175  49.7853 0007585 337.6741  22.3777 14.38287259960147
1 25115U 97084D   16116.91920181 +.00000235 +00000-0 +12311-3 0  9999,2 25115 045.0176 046.8207 0007534 340.7097 019.3466 14.38287718960008
1 25115U 97084D   16117.61379990  .00000246  00000-0  12644-3 0  9994,2 25115  45.0177  43.5269 0007477 344.1551  15.9062 14.38288460960335
1 25115U 97084D   16117.89163919 +.00000242 +00000-0 +12516-3 0  9990,2 25115 045.0177 042.2093 0007448 345.5674 014.4961 14.38288666960144
1 25115U 97084D   16118.86407614  .00000258  00000-0  13053-3 0  9995,2 25115  45.0178  37.5981 0007365 350.6116   9.4594 14.38289619960510
1 25115U 97084D   16120.11435101  .00000287  00000-0  14003-3 0  9996,2 25115  45.0180  31.6693 0007262 356.9296   3.1507 14.38290976960694
1 25115U 97084D   16121.15624587  .00000300  00000-0  14398-3 0  9992,2 25115  45.0179  26.7286 0007165   2.4005 357.6877 14.38292101960844
1 25115U 97084D   16121.78138245 +.00000289 +00000-0 +14059-3 0  9992,2 25115 045.0179 023.7640 0007105 005.6162 354.4766 14.38292669960704
1 25115U 97084D   16122.82327598  .00000325  00000-0  15231-3 0  9993,2 25115  45.0179  18.8234 0007020  11.1557 348.9446 14.38293960961084
1 25115U 97084D   16124.14300669  .00000353  00000-0  16140-3 0  9991,2 25115  45.0178  12.5652 0006925  18.2611 341.8485 14.38295440961271
1 25115U 97084D   16125.46273604  .00000341  00000-0  15736-3 0  9992,2 25115  45.0178   6.3066 0006802  25.4435 334.6747 14.38296690961469
1 25115U 97084D   16125.74057373 +.00000323 +00000-0 +15154-3 0  9990,2 25115 045.0178 004.9890 0006771 027.0939 333.0262 14.38296846961277
1 25115U 97084D   16126.71300493  .00000298  00000-0  14365-3 0  9996,2 25115  45.0177   0.3775 0006701  32.5171 327.6090 14.38297704961643
1 25115U 97084D   16126.78246427 +.00000294 +00000-0 +14227-3 0  9992,2 25115 045.0177 000.0481 0006695 032.9152 327.2112 14.38297755961422
1 25115U 97084D   16127.75489481  .00000256  00000-0  12970-3 0  9990,2 25115  45.0177 355.4367 0006631  38.4429 321.6891 14.38298519961791
1 25115U 97084D   16129.00516168  .00000249  00000-0  12751-3 0  9992,2 25115  45.0176 349.5077 0006566  45.6112 314.5274 14.38299646961976
1 25115U 97084D   16130.46380491  .00000215  00000-0  11656-3 0  9998,2 25115  45.0176 342.5904 0006464  53.9806 306.1641 14.38300696962184
1 25115U 97084D   16130.74164147 +.00000220 +00000-0 +11797-3 0  9999,2 25115 045.0175 341.2728 0006446 055.6680 304.4778 14.38300979961996
1 25115U 97084D   16131.99192989  .00000296  00000-0  14246-3 0  9997,2 25115  45.0021 335.3617 0012502  54.9020 305.2999 14.38343784962409
1 25115U 97084D   16132.96433601  .00000231  00000-0  12166-3 0  9992,2 25115  45.0140 330.7369 0009321  63.1506 297.0294 14.38314262962540
1 25115U 97084D   16133.93674147  .00000203  00000-0  11264-3 0  9999,2 25115  45.0173 326.1201 0006299  73.9538 286.2004 14.38315134962688
1 25115U 97084D   16134.97861800  .00000207  00000-0  11370-3 0  9990,2 25115  45.0175 321.1789 0006293  80.2853 279.8707 14.38315989962834
1 25115U 97084D   16136.02049404  .00000149  00000-0  95027-4 0  9993,2 25115  45.0173 316.2381 0006259  86.3968 273.7596 14.38316305962989
1 25115U 97084D   16137.47911901  .00000219  00000-0  11780-3 0  9994,2 25115  45.0172 309.3206 0006237  95.4819 264.6741 14.38317637963193
1 25115U 97084D   16138.52099337  .00000231  00000-0  12175-3 0  9994,2 25115  45.0172 304.3796 0006253 101.3683 258.7868 14.38318382963345
1 25115U 97084D   16138.93774296 +.00000215 +00000-0 +11627-3 0  9996,2 25115 045.0172 302.4034 0006266 103.7346 256.4200 14.38318577963177
1 25115U 97084D   16139.77124166  .00000193  00000-0  10915-3 0  9998,2 25115  45.0173 298.4505 0006283 108.7882 251.3648 14.38319071963523
1 25115U 97084D   16141.43823817  .00000170  00000-0  10161-3 0  9991,2 25115  45.0172 290.5449 0006324 118.4946 241.6540 14.38320031963764
1 25115U 97084D   16141.85498715 +.00000163 +00000-0 +99577-4 0  9993,2 25115 045.0172 288.5686 0006344 120.9280 239.2193 14.38320236963590
1 25115U 97084D   16142.89685903  .00000158  00000-0  97975-4 0  9999,2 25115  45.0171 283.6276 0006390 126.7729 233.3706 14.38320831963971
1 25115U 97084D   16144.49439449  .00000140  00000-0  91891-4 0  9991,2 25115  45.0169 276.0511 0006498 136.3382 223.7982 14.38321751964205
1 25115U 97084D   16145.53626488  .00000108  00000-0  81719-4 0  9990,2 25115  45.0169 271.1100 0006588 142.3343 217.7968 14.38322188964357
1 25115U 97084D   16147.13379599  .00000106  00000-0  80810-4 0  9995,2 25115  45.0167 263.5336 0006736 150.9445 209.1779 14.38325488964580
1 25115U 97084D   16148.17566258  .00000109  00000-0  81982-4 0  9994,2 25115  45.0169 258.5930 0006718 156.5951 203.5204 14.38326906964734
1 25115U 97084D   16149.49535941  .00000173  00000-0  10255-3 0  9990,2 25115  45.0169 252.3345 0006826 164.0390 196.0675 14.38327985964924
1 25115U 97084D   16149.77319024 +.00000168 +00000-0 +10112-3 0  9999,2 25115 045.0168 251.0171 0006836 165.4889 194.6156 14.38328176964735
1 25115U 97084D   16150.74559781  .00000165  00000-0  10013-3 0  9991,2 25115  45.0168 246.4056 0006900 170.6158 189.4821 14.38328873965101
1 25115U 97084D   16152.20420817  .00000168  00000-0  10120-3 0  9993,2 25115  45.0166 239.4883 0007013 178.3571 181.7301 14.38329901965313
1 25115U 97084D   16152.62095389 +.00000170 +00000-0 +10164-3 0  9992,2 25115 045.0165 237.5120 0007050 180.4842 179.6001 14.38330170965145
1 25115U 97084D   16153.45444494  .00000181  00000-0  10539-3 0  9997,2 25115  45.0164 233.5590 0007125 184.8428 175.2353 14.38330757965493
1 25115U 97084D   16153.66281770 +.00000179 +00000-0 +10471-3 0  9998,2 25115 045.0163 232.5708 0007143 185.8711 174.2055 14.38330863965292
1 25115U 97084D   16154.70468088  .00000197  00000-0  11034-3 0  9999,2 25115  45.0161 227.6297 0007231 191.1361 168.9328 14.38331658965675
1 25115U 97084D   16156.23274578  .00000217  00000-0  11712-3 0  9994,2 25115  45.0160 220.3826 0007355 198.9024 161.1552 14.38332886965892
1 25115U 97084D   16157.48297965  .00000206  00000-0  11352-3 0  9995,2 25115  45.0159 214.4533 0007457 205.1111 154.9375 14.38333807966078
1 25115U 97084D   16157.96918145 +.00000223 +00000-0 +11891-3 0  9995,2 25115 045.0159 212.1475 0007493 207.4948 152.5504 14.38334286965913
1 25115U 97084D   16158.52484067  .00000222  00000-0  11859-3 0  9992,2 25115  45.0159 209.5122 0007536 210.0842 149.9574 14.38334685966228
1 25115U 97084D   16159.63615857  .00000197  00000-0  11036-3 0  9996,2 25115  45.0157 204.2417 0007612 215.4053 144.6290 14.38335384966384
1 25115U 97084D   16159.91398789 +.00000194 +00000-0 +10949-3 0  9998,2 25115 045.0158 202.9240 0007638 216.7619 143.2707 14.38335594966194
1 25115U 97084D   16161.16421971  .00000156  00000-0  97240-4 0  9996,2 25115  45.0156 196.9947 0007715 222.7662 137.2587 14.38336363966609
1 25115U 97084D   16162.55336562  .00000118  00000-0  84887-4 0  9992,2 25115  45.0154 190.4066 0007775 229.2894 130.7280 14.38337183966804
1 25115U 97084D   16162.90065191 +.00000124 +00000-0 +86753-4 0  9999,2 25115 045.0154 188.7595 0007803 230.9452 129.0702 14.38337454966623
1 25115U 97084D   16164.15088249  .00000132  00000-0  89329-4 0  9998,2 25115  45.0153 182.8300 0007867 236.6094 123.4002 14.38338270967030
1 25115U 97084D   16165.40111274  .00000150  00000-0  94990-4 0  9992,2 25115  45.0152 176.9006 0007892 242.5292 117.4754 14.38339045967218
1 25115U 97084D   16166.44297084  .00000160  00000-0  98372-4 0  9990,2 25115  45.0152 171.9593 0007924 247.2701 112.7311 14.38339699967365
1 25115U 97084D   16167.06808546 +.00000156 +00000-0 +96975-4 0  9992,2 25115 045.0153 168.9944 0007944 250.1149 109.8844 14.38340086967228
1 25115U 97084D   16167.83211416  .00000160  00000-0  98304-4 0  9994,2 25115  45.0154 165.3709 0007957 253.5867 106.4107 14.38340656967562
1 25115U 97084D   16169.08234266  .00000154  00000-0  96360-4 0  9994,2 25115  45.0155 159.4415 0007966 259.2522 100.7430 14.38341483967747
1 25115U 97084D   16170.33257086  .00000148  00000-0  94484-4 0  9997,2 25115  45.0157 153.5122 0007969 264.9113  95.0826 14.38342208967922
1 25115U 97084D   16171.37442715  .00000146  00000-0  93737-4 0  9995,2 25115  45.0157 148.5710 0007964 269.5251  90.4685 14.38342879968071
1 25115U 97084D   16171.93008364 +.00000132 +00000-0 +89179-4 0  9995,2 25115 045.0158 145.9356 0007975 271.9535 088.0400 14.38343175967924
1 25115U 97084D   16173.11085354  .00000107  00000-0  81058-4 0  9991,2 25115  45.0158 140.3357 0007931 277.3347  82.6600 14.38343868968323
1 25115U 97084D   16174.15270903  .00000085  00000-0  74052-4 0  9993,2 25115  45.0159 135.3945 0007908 282.0077  77.9885 14.38344404968473
1 25115U 97084D   16175.19456435  .00000097  00000-0  77875-4 0  9993,2 25115  45.0160 130.4533 0007856 286.7562  73.2424 14.38345041968629
1 25115U 97084D   16176.30587638  .00000108  00000-0  81513-4 0  9994,2 25115  45.0161 125.1828 0007781 291.9149  68.0872 14.38345678968786
1 25115U 97084D   16177.34773074  .00000118  00000-0  84794-4 0  9995,2 25115  45.0163 120.2415 0007729 296.5915  63.4141 14.38346373968938
1 25115U 97084D   16177.90338637 +.00000108 +00000-0 +81600-4 0  9991,2 25115 045.0164 117.6061 0007701 299.0822 060.9255 14.38346643968782
1 25115U 97084D   16178.87578325  .00000106  00000-0  80761-4 0  9993,2 25115  45.0166 112.9944 0007649 303.5494  56.4624 14.38347301969153
1 25115U 97084D   16180.05655040  .00000088  00000-0  74848-4 0  9994,2 25115  45.0169 107.3947 0007588 308.9607  51.0565 14.38348073969325
1 25115U 97084D   16181.16786023  .00000088  00000-0  74974-4 0  9993,2 25115  45.0171 102.1243 0007489 314.0584  45.9647 14.38348826969488
1 25115U 97084D   16182.20971309  .00000097  00000-0  78048-4 0  9998,2 25115  45.0171  97.1833 0007398 319.1099  40.9194 14.38349479969636
1 25115U 97084D   16183.25156519  .00000110  00000-0  82080-4 0  9999,2 25115  45.0171  92.2421 0007302 323.9164  36.1191 14.38350215969786
1 25115U 97084D   16183.87667633 +.00000093 +00000-0 +76499-4 0  9998,2 25115 045.0171 089.2772 0007260 326.7618 033.2773 14.38350517969643
1 25115U 97084D   16184.71015775  .00000094  00000-0  76978-4 0  9999,2 25115  45.0172  85.3244 0007185 330.8568  29.1878 14.38351019969997
1 25115U 97084D   16185.82146590  .00000074  00000-0  70572-4 0  9994,2 25115  45.0172  80.0539 0007090 336.1748  23.8771 14.38351569970153
1 25115U 97084D   16185.89092265 +.00000074 +00000-0 +70588-4 0  9997,2 25115 045.0173 079.7245 0007077 336.5801 023.4725 14.38351628969937
1 25115U 97084D   16187.14114404  .00000077  00000-0  71348-4 0  9995,2 25115  45.0174  73.7953 0006956 342.8145  17.2467 14.38352216970349
1 25115U 97084D   16188.46082170  .00000088  00000-0  74893-4 0  9995,2 25115  45.0176  67.5365 0006828 349.2784  10.7918 14.38352839970538
1 25115U 97084D   16188.73864854 +.00000089 +00000-0 +75326-4 0  9995,2 25115 045.0175 066.2189 0006794 350.6535 009.4186 14.38352951970345
1 25115U 97084D   16189.71104224  .00000084  00000-0  73794-4 0  9994,2 25115  45.0176  61.6072 0006687 355.5997   4.4792 14.38353362970719
1 25115U 97084D   16189.78049893 +.00000082 +00000-0 +73162-4 0  9998,2 25115 045.0176 061.2778 0006681 355.9461 004.1332 14.38353384970498
1 25115U 97084D   16190.75289249  .00000048  00000-0  61954-4 0  9996,2 25115  45.0176  56.6662 0006600   0.9215 359.1645 14.38353609970864
1 25115U 97084D   16191.79474256  .00000026  00000-0  54969-4 0  9999,2 25115  45.0176  51.7252 0006512   6.3799 353.7132 14.38353865971017
1 25115U 97084D   16191.93365587 +.00000030 +00000-0 +56086-4 0  9998,2 25115 045.0176 051.0665 0006491 007.1316 352.9624 14.38353923970806
1 25115U 97084D   16192.97550547  .00000037  00000-0  58521-4 0  9998,2 25115  45.0176  46.1254 0006385  12.5713 347.5293 14.38354296971186
1 25115U 97084D   16194.01735474  .00000058  00000-0  65407-4 0  9993,2 25115  45.0175  41.1842 0006278  18.1795 341.9277 14.38354741971338
1 25115U 97084D   16195.54539941  .00000077  00000-0  71521-4 0  9998,2 25115  45.0176  33.9369 0006105  26.4588 333.6571 14.38355465971556
1 25115U 97084D   16195.61485597 +.00000073 +00000-0 +70130-4 0  9994,2 25115 045.0176 033.6075 0006092 026.9119 333.2044 14.38355481971332
1 25115U 97084D   16196.65670420  .00000078  00000-0  71754-4 0  9998,2 25115  45.0176  28.6663 0005998  32.7181 327.4038 14.38355959971717
1 25115U 97084D   16196.93453034 +.00000073 +00000-0 +70023-4 0  9992,2 25115 045.0176 027.3487 0005977 034.3104 325.8129 14.38356045971526
1 25115U 97084D   16197.83746523  .00000062  00000-0  66725-4 0  9992,2 25115  45.0177  23.0664 0005918  39.3283 320.7994 14.38356317971880
1 25115U 97084D   16197.90692172 +.00000032 +00000-0 +56741-4 0  9994,2 25115 045.0177 022.7369 0005914 039.7420 320.3861 14.38356190971665
1 25115U 97084D   16198.94876922  .00000045  00000-0  61116-4 0  9992,2 25115  45.0178  17.7958 0005822  45.6771 314.4554 14.38356615972045
1 25115U 97084D   16199.85170340 +.00000052 +00000-0 +63262-4 0  9996,2 25115 045.0178 013.5135 0005751 050.8683 309.2676 14.38356958971942
1 25115U 97084D   16200.89355006 +.00000015 +00000-0 +51380-4 0  9994,2 25115 045.0178 008.5724 0005676 056.9825 303.1569 14.38357200972093
1 25115U 97084D   16201.79648360  .00000020  00000-0  52812-4 0  9999,2 25115  45.0179   4.2901 0005623  62.2487 297.8931 14.38357578972450
1 25115U 97084D   16201.86593999 +.00000003 +00000-0 +47551-4 0  9999,2 25115 045.0179 003.9607 0005619 062.7059 297.4362 14.38357532972234
1 25115U 97084D   16203.46343715 -.00000006  00000-0  44557-4 0  9993,2 25115  45.0179 356.3843 0005564  71.8563 288.2891 14.38358048972699
1 25115U 97084D   16204.50528273  .00000007  00000-0  48550-4 0  9990,2 25115  45.0179 351.4432 0005528  78.0634 282.0834 14.38358406972841
1 25115U 97084D   16204.85256444 +.00000016 +00000-0 +51539-4 0  9997,2 25115 045.0179 349.7962 0005514 080.1286 280.0185 14.38358565972664
1 25115U 97084D   16205.82495310  .00000024  00000-0  54332-4 0  9995,2 25115  45.0179 345.1844 0005485  86.0026 274.1449 14.38358906973035
1 25115U 97084D   16207.49190410  .00000024  00000-0  54146-4 0  9996,2 25115  45.0179 337.2784 0005448  96.1696 263.9774 14.38359542973274
1 25115U 97084D   16207.83918539 +.00000031 +00000-0 +56416-4 0  9994,2 25115 045.0179 335.6315 0005450 098.2192 261.9274 14.38359737973092
1 25115U 97084D   16208.81157309  .00000002  00000-0  46932-4 0  9993,2 25115  45.0179 331.0198 0005449 104.0822 256.0633 14.38359905973467
1 25115U 97084D   16210.47852260  .00000019  00000-0  52462-4 0  9999,2 25115  45.0179 323.1140 0005466 114.1624 245.9796 14.38360489973700
1 25115U 97084D   16210.61743502 +.00000023 +00000-0 +53915-4 0  9992,2 25115 045.0179 322.4553 0005468 114.9497 245.1920 14.38360552973496
1 25115U 97084D   16211.52036540  .00000041  00000-0  59737-4 0  9998,2 25115  45.0178 318.1730 0005482 120.3932 239.7459 14.38360979973854
1 25115U 97084D   16211.79819005 +.00000051 +00000-0 +62859-4 0  9992,2 25115 045.0178 316.8555 0005501 121.9511 238.1873 14.38361149973668
1 25115U 97084D   16212.77057598  .00000061  00000-0  66329-4 0  9999,2 25115  45.0176 312.2439 0005529 127.6824 232.4526 14.38361663974032
1 25115U 97084D   16214.22915410  .00000062  00000-0  66486-4 0  9992,2 25115  45.0174 305.3263 0005578 136.3113 223.8178 14.38362371974247
1 25115U 97084D   16215.47936319  .00000072  00000-0  69911-4 0  9998,2 25115  45.0173 299.3968 0005648 143.5294 216.5940 14.38363027974423
1 25115U 97084D   16215.68773128 +.00000076 +00000-0 +71162-4 0  9993,2 25115 045.0173 298.4087 0005663 144.6393 215.4832 14.38363161974229
1 25115U 97084D   16216.72957151  .00000100  00000-0  78887-4 0  9998,2 25115  45.0171 293.4674 0005720 150.5410 209.5762 14.38363801974603
1 25115U 97084D   16218.18814689  .00000115  00000-0  83669-4 0  9998,2 25115  45.0169 286.5496 0005808 158.6276 201.4816 14.38364694974816
1 25115U 97084D   16219.22998577  .00000108  00000-0  81425-4 0  9993,2 25115  45.0168 281.6085 0005871 164.2755 195.8277 14.38365328974968
1 25115U 97084D   16220.54964744  .00000109  00000-0  81732-4 0  9991,2 25115  45.0166 275.3497 0005967 171.3328 188.7624 14.38366216975150
1 25115U 97084D   16220.61910327 +.00000110 +00000-0 +82289-4 0  9997,2 25115 045.0166 275.0203 0005976 171.6102 188.4848 14.38366285974931
1 25115U 97084D   16221.59148500  .00000123  00000-0  86479-4 0  9990,2 25115  45.0164 270.4085 0006041 176.6907 183.3983 14.38366985975301
1 25115U 97084D   16223.18896824  .00000140  00000-0  92000-4 0  9992,2 25115  45.0161 262.8319 0006148 184.9881 175.0907 14.38368113975538
1 25115U 97084D   16224.36971577  .00000162  00000-0  99159-4 0  9998,2 25115  45.0160 257.2318 0006220 191.0546 169.0166 14.38369082975707
1 25115U 97084D   16224.57808295 +.00000159 +00000-0 +97920-4 0  9997,2 25115 045.0159 256.2435 0006232 191.9947 168.0754 14.38369226975501
1 25115U 97084D   16225.55046273 +.00000171 +00000-0 +10200-3 0  9995,2 25115 045.0158 251.6316 0006302 196.7855 163.2786 14.38369981975641
1 25115U 97084D   16226.52284217 +.00000177 +00000-0 +10397-3 0  9998,2 25115 045.0158 247.0196 0006373 201.4920 158.5662 14.38370652976010
1 25115U 97084D   16227.49522128 +.00000165 +00000-0 +99910-4 0  9997,2 25115 045.0157 242.4076 0006421 206.2409 153.8115 14.38371184975925
1 25115U 97084D   16228.18977758  .00000163  00000-0  99380-4 0  9996,2 25115  45.0157 239.1133 0006457 209.6292 150.4191 14.38371584976256
1 25115U 97084D   16229.43997828  .00000149  00000-0  94885-4 0  9994,2 25115  45.0157 233.1838 0006527 215.4490 144.5925 14.38372360976437
1 25115U 97084D   16230.48181160  .00000122  00000-0  86132-4 0  9992,2 25115  45.0157 228.2424 0006580 220.2815 139.7546 14.38372976976581
1 25115U 97084D   16230.96800049 +.00000113 +00000-0 +83234-4 0  9999,2 25115 045.0157 225.9364 0006604 222.5683 137.4654 14.38373215976428
1 25115U 97084D   16232.14874433  .00000103  00000-0  79757-4 0  9993,2 25115  45.0157 220.3362 0006662 227.8861 132.1421 14.38373945976823
1 25115U 97084D   16233.39894346  .00000116  00000-0  84056-4 0  9998,2 25115  45.0156 214.4066 0006676 233.6296 126.3937 14.38374701977008
1 25115U 97084D   16234.44077553  .00000114  00000-0  83376-4 0  9990,2 25115  45.0156 209.4651 0006712 238.2702 121.7492 14.38375293977154
1 25115U 97084D   16234.92696371 +.00000122 +00000-0 +85985-4 0  9995,2 25115 045.0156 207.1590 0006727 240.4555 119.5623 14.38375607976999
1 25115U 97084D   16235.89933978  .00000112  00000-0  82599-4 0  9996,2 25115  45.0157 202.5470 0006747 244.7660 115.2489 14.38376166977368
1 25115U 97084D   16237.14953683  .00000121  00000-0  85694-4 0  9990,2 25115  45.0160 196.6174 0006770 250.2180 109.7939 14.38377123977543
1 25115U 97084D   16238.19136750  .00000122  00000-0  86043-4 0  9994,2 25115  45.0162 191.6761 0006760 254.8015 105.2086 14.38377788977695
1 25115U 97084D   16239.30265287  .00000145  00000-0  93348-4 0  9997,2 25115  45.0163 186.4053 0006735 259.7304 100.2785 14.38378693977854
1 25115U 97084D   16239.92775081 +.00000137 +00000-0 +90764-4 0  9993,2 25115 045.0163 183.4405 0006733 262.4728 097.5356 14.38379046977711
1 25115U 97084D   16240.90012482  .00000136  00000-0  90553-4 0  9997,2 25115  45.0163 178.8287 0006731 266.6713  93.3365 14.38379780978085
1 25115U 97084D   16242.15031927  .00000135  00000-0  90233-4 0  9995,2 25115  45.0164 172.8993 0006732 272.1186  87.8891 14.38380806978264
1 25115U 97084D   16243.19214770  .00000152  00000-0  95621-4 0  9994,2 25115  45.0164 167.9581 0006691 276.6505  83.3582 14.38381679978414
1 25115U 97084D   16244.23397555  .00000190  00000-0  10794-3 0  9992,2 25115  45.0165 163.0168 0006650 281.1941  78.8160 14.38382639978567
1 25115U 97084D   16244.78961709 +.00000188 +00000-0 +10754-3 0  9993,2 25115 045.0165 160.3814 0006635 283.6287 076.3823 14.38382947978413
1 25115U 97084D   16245.76198900  .00000237  00000-0  12322-3 0  9995,2 25115  45.0164 155.7694 0006592 287.8490  72.1639 14.38383927978788
1 25115U 97084D   16247.22054580  .00000282  00000-0  13795-3 0  9998,2 25115  45.0165 148.8516 0006503 294.2334  65.7835 14.38385454978992
1 25115U 97084D   16247.91509637 +.00000262 +00000-0 +13156-3 0  9991,2 25115 045.0165 145.5573 0006465 297.2407 062.7783 14.38385948978863
1 25115U 97084D   16248.81801175  .00000254  00000-0  12883-3 0  9990,2 25115  45.0166 141.2749 0006403 301.2551  58.7670 14.38386704979222
1 25115U 97084D   16248.88746673 +.00000254 +00000-0 +12894-3 0  9990,2 25115 045.0166 140.9455 0006399 301.5480 058.4743 14.38386775979002
1 25115U 97084D   16249.85983673  .00000236  00000-0  12298-3 0  9999,2 25115  45.0166 136.3337 0006327 305.8457  54.1804 14.38387482979379
1 25115U 97084D   16251.11002618  .00000211  00000-0  11506-3 0  9996,2 25115  45.0166 130.4043 0006242 311.4618  48.5694 14.38388310979551
1 25115U 97084D   16252.49912485  .00000178  00000-0  10422-3 0  9998,2 25115  45.0165 123.8158 0006128 317.6666  42.3709 14.38389145979755
1 25115U 97084D   16252.77694462 +.00000154 +00000-0 +96460-4 0  9992,2 25115 045.0164 122.4980 0006087 318.8606 041.1783 14.38389180979560
1 25115U 97084D   16253.67985832  .00000138  00000-0  91137-4 0  9994,2 25115  45.0164 118.2154 0006009 322.9865  37.0569 14.38389688979922
1 25115U 97084D   16254.79113673  .00000111  00000-0  82296-4 0  9991,2 25115  45.0163 112.9446 0005914 328.1986  31.8504 14.38390108980081
1 25115U 97084D   16254.93004653 +.00000094 +00000-0 +76847-4 0  9999,2 25115 045.0163 112.2858 0005899 328.8285 031.2213 14.38390069979874
1 25115U 97084D   16255.83295985  .00000097  00000-0  77734-4 0  9998,2 25115  45.0163 108.0031 0005817 332.9190  27.1355 14.38390469980238
1 25115U 97084D   16255.90241472 +.00000099 +00000-0 +78484-4 0  9993,2 25115 045.0163 107.6737 0005814 333.2573 026.7975 14.38390507980014
1 25115U 97084D   16256.94423748  .00000113  00000-0  83026-4 0  9991,2 25115  45.0163 102.7322 0005712 338.1582  21.9022 14.38391014980396
1 25115U 97084D   16258.54169824  .00000093  00000-0  76498-4 0  9993,2 25115  45.0163  95.1551 0005557 345.6770  14.3920 14.38391670980621
1 25115U 97084D   16258.88897223 +.00000092 +00000-0 +76172-4 0  9999,2 25115 045.0163 093.5080 0005526 347.4090 012.6619 14.38391844980440
1 25115U 97084D   16259.72242942  .00000093  00000-0  76636-4 0  9991,2 25115  45.0164  89.5547 0005440 351.3760   8.6995 14.38392325980792
1 25115U 97084D   16259.93079371 +.00000094 +00000-0 +76943-4 0  9990,2 25115 045.0164 088.5665 0005424 352.4419 007.6347 14.38392439980591
1 25115U 97084D   16260.83370533  .00000106  00000-0  80886-4 0  9990,2 25115  45.0166  84.2840 0005325 356.9424   3.1391 14.38393019980951
1 25115U 97084D   16260.90316009 +.00000109 +00000-0 +81791-4 0  9995,2 25115 045.0166 083.9545 0005325 357.3046 002.7773 14.38393062980737
1 25115U 97084D   16261.94498088  .00000119  00000-0  85022-4 0  9990,2 25115  45.0166  79.0131 0005214   2.4952 357.5921 14.38393642981118
1 25115U 97084D   16263.54243853  .00000130  00000-0  88749-4 0  9998,2 25115  45.0167  71.4360 0005038  10.5620 349.5334 14.38394542981349
1 25115U 97084D   16263.88971178 +.00000146 +00000-0 +93848-4 0  9996,2 25115 045.0167 069.7888 0005010 012.4376 347.6595 14.38394818981167
1 25115U 97084D   16264.86207641  .00000137  00000-0  90776-4 0  9999,2 25115  45.0168  65.1767 0004911  17.5531 342.5487 14.38395396981539
1 25115U 97084D   16266.39007740  .00000147  00000-0  94294-4 0  9997,2 25115  45.0170  57.9291 0004778  25.6534 334.4551 14.38396306981755
1 25115U 97084D   16266.80680474 +.00000160 +00000-0 +98238-4 0  9991,2 25115 045.0171 055.9526 0004730 027.9528 332.1573 14.38396606981584
1 25115U 97084D   16267.84862286  .00000153  00000-0  96135-4 0  9995,2 25115  45.0174  51.0111 0004632  33.6141 326.5001 14.38397109981964
1 25115U 97084D   16269.44607623  .00000175  00000-0  10322-3 0  9992,2 25115  45.0176  43.4342 0004496  42.5343 317.5853 14.38398145982190
1 25115U 97084D   16270.48789290  .00000153  00000-0  95981-4 0  9990,2 25115  45.0178  38.4930 0004390  48.3993 311.7231 14.38398699982344
1 25115U 97084D   16271.80752672  .00000164  00000-0  99762-4 0  9994,2 25115  45.0179  32.2342 0004301  56.0369 304.0888 14.38399564982535
1 25115U 97084D   16273.12715956  .00000197  00000-0  11040-3 0  9993,2 25115  45.0181  25.9753 0004222  63.6341 296.4940 14.38400541982721
1 25115U 97084D   16274.51624558  .00000231  00000-0  12153-3 0  9999,2 25115  45.0181  19.3870 0004150  72.0664 288.0637 14.38401642982925
1 25115U 97084D   16274.72460838 +.00000236 +00000-0 +12318-3 0  9999,2 25115 045.0181 018.3988 0004145 073.2666 286.8637 14.38401822982727
1 25115U 97084D   16275.76642195  .00000217  00000-0  11692-3 0  9995,2 25115  45.0182  13.4576 0004098  79.5504 280.5806 14.38402512983103
1 25115U 97084D   16277.22495975  .00000207  00000-0  11353-3 0  9993,2 25115  45.0183   6.5398 0004050  88.3980 271.7332 14.38403604983315
1 25115U 97084D   16278.54457852  .00000169  00000-0  10122-3 0  9991,2 25115  45.0185   0.2809 0004082  97.0473 263.0840 14.38416894983508
1 25115U 97084D   16278.61403201 +.00000169 +00000-0 +10124-3 0  9990,2 25115 045.0185 359.9514 0004081 097.4153 262.7160 14.38416966983289
1 25115U 97084D   16279.72528753  .00000189  00000-0  10772-3 0  9994,2 25115  45.0184 354.6806 0004097 104.0354 256.0951 14.38417941983670
