1 25119U 97084H   15001.47191984  .00001543  00000-0  55823-3 0  9995,2 25119 045.0144 164.6753 0005223 121.8848 238.2508 14.37450859891084
1 25119U 97084H   15002.65342156  .00001915  00000-0  68105-3 0  9995,2 25119 045.0148 159.0799 0005283 128.8783 231.2537 14.37452837891259
1 25119U 97084H   15003.83492191  .00001698  00000-0  60936-3 0  9993,2 25119 045.0158 153.4890 0005466 136.6782 223.4497 14.37457959891426
1 25119U 97084H   15004.87742029  .00001396  00000-0  50913-3 0  9995,2 25119 045.0159 148.5520 0005522 142.5759 217.5474 14.37465032891571
1 25119U 97084H   15007.72689352  .00001606  00000-0  57878-3 0  9992,2 25119 045.0161 135.0574 0005719 157.5588 202.5512 14.37474280891985
1 25119U 97084H   15008.76937714  .00002085  00000-0  73711-3 0  9991,2 25119 045.0155 130.1162 0005654 162.7619 197.3423 14.37477512892139
1 25119U 97084H   15009.81185893  .00001604  00000-0  57782-3 0  9997,2 25119 045.0155 125.1789 0005743 168.2473 191.8510 14.37481374892289
1 25119U 97084H   15011.27133097  .00001218  00000-0  45011-3 0  9992,2 25119 045.0165 118.2710 0006007 175.2918 184.7988 14.37490082892492
1 25119U 97084H   15012.31380341  .00001460  00000-0  52998-3 0  9995,2 25119 045.0158 113.3293 0005927 180.9971 179.0866 14.37492874892648
1 25119U 97084H   15013.42578485  .00001277  00000-0  46978-3 0  9993,2 25119 045.0170 108.0683 0005990 186.0996 173.9780 14.37467768892800
1 25119U 97084H   15014.53777373  .00001277  00000-0  46964-3 0  9998,2 25119 045.0167 102.8016 0006103 190.1261 169.9465 14.37471322892969
1 25119U 97084H   15015.58025234  .00000376  00000-0  12413-3 0  9997,2 25119 045.0159 097.8565 0006774 197.2990 162.8101 14.37484014893112
1 25119U 97084H   15015.64976035  .00001031  00000-0  38842-3 0  9991,2 25119 045.0167 097.5352 0006150 195.9194 164.1461 14.37476477893120
1 25119U 97084H   15016.83124226  .00000916  00000-0  35031-3 0  9998,2 25119 045.0168 091.9397 0006219 201.6072 158.4514 14.37479853893298
1 25119U 97084H   15018.22121683  .00001014  00000-0  38273-3 0  9998,2 25119 045.0168 085.3566 0006289 208.2380 151.8128 14.37482843893498
1 25119U 97084H   15019.40269221  .00001055  00000-0  39631-3 0  9994,2 25119 045.0168 079.7611 0006333 213.7657 146.2789 14.37484683893668
1 25119U 97084H   15020.58416647  .00000679  00000-0  27192-3 0  9991,2 25119 045.0168 074.1655 0006384 219.0520 140.9868 14.37487133893830
1 25119U 97084H   15021.69614075  .00000843  00000-0  32612-3 0  9995,2 25119 045.0169 068.8991 0006412 224.2587 135.7749 14.37489636893994
1 25119U 97084H   15023.15560375  .00000834  00000-0  32307-3 0  9992,2 25119 045.0171 061.9867 0006446 230.8875 129.1401 14.37492731894200
1 25119U 97084H   15024.47606757  .00000796  00000-0  31028-3 0  9999,2 25119 045.0171 055.7329 0006461 236.7257 123.2973 14.37494438894395
1 25119U 97084H   15025.51853804  .00000946  00000-0  36003-3 0  9997,2 25119 045.0172 050.7957 0006460 241.4743 118.5455 14.37496182894547
1 25119U 97084H   15027.25598653  .00000856  00000-0  33013-3 0  9996,2 25119 045.0174 042.5669 0006444 249.2174 110.7984 14.37500693894795
1 25119U 97084H   15028.57644476  .00000964  00000-0  36593-3 0  9993,2 25119 045.0175 036.3131 0006425 255.0945 104.9192 14.37504454894987
1 25119U 97084H   15030.59187342  .00001147  00000-0  42654-3 0  9991,2 25119 045.0176 026.7679 0006364 264.1527 095.8595 14.37510238895272
1 25119U 97084H   15032.12081421  .00001402  00000-0  51071-3 0  9990,2 25119 045.0177 019.5265 0006317 270.4120 089.6005 14.37517705895498
1 25119U 97084H   15033.16327066  .00001533  00000-0  55378-3 0  9992,2 25119 045.0177 014.5894 0006260 275.0342 084.9792 14.37523042895644
1 25119U 97084H   15034.20572317  .00001492  00000-0  54022-3 0  9998,2 25119 045.0178 009.6523 0006188 279.9605 080.0545 14.37527572895794
1 25119U 97084H   15035.87363827  .00001828  00000-0  65140-3 0  9992,2 25119 045.0176 001.7482 0006217 288.2120 071.8051 14.37532841896030
1 25119U 97084H   15037.05507410  .00001912  00000-0  67904-3 0  9996,2 25119 045.0175 356.1529 0006139 293.4661 066.5541 14.37539149896201
1 25119U 97084H   15038.16700888  .00002143  00000-0  75528-3 0  9991,2 25119 045.0173 350.8867 0006056 298.5712 061.4526 14.37541597896360
1 25119U 97084H   15039.20944535  .00002197  00000-0  77314-3 0  9990,2 25119 045.0172 345.9495 0005975 303.5488 056.4789 14.37546384896518
1 25119U 97084H   15040.25187902  .00002064  00000-0  72890-3 0  9991,2 25119 045.0171 341.0121 0005894 308.2735 051.7582 14.37552784896663
1 25119U 97084H   15042.12824974  .00001357  00000-0  49525-3 0  9999,2 25119 045.0170 332.1247 0005733 316.9896 043.0504 14.37561493896933
1 25119U 97084H   15043.17067310  .00001182  00000-0  43751-3 0  9999,2 25119 045.0169 327.1873 0005626 322.1596 037.8856 14.37565322897080
1 25119U 97084H   15044.21309523  .00001196  00000-0  44232-3 0  9990,2 25119 045.0166 322.2546 0005351 327.2586 032.7930 14.37567524897230
1 25119U 97084H   15045.25551460  .00001054  00000-0  39513-3 0  9993,2 25119 045.0164 317.3171 0005256 332.3716 027.6852 14.37569967897388
1 25119U 97084H   15047.06237064  .00000897  00000-0  34332-3 0  9993,2 25119 045.0161 308.7586 0005086 341.7674 018.2991 14.37575162897640
1 25119U 97084H   15048.17427906  .00000992  00000-0  37484-3 0  9999,2 25119 045.0159 303.4918 0004960 347.9320 012.1408 14.37579059897807
1 25119U 97084H   15049.14719962  .00001161  00000-0  43071-3 0  9991,2 25119 045.0170 298.8829 0005061 355.1905 004.8894 14.37561636897945
1 25119U 97084H   15050.12012940  .00000940  00000-0  35774-3 0  9998,2 25119 045.0161 294.2745 0004640 358.6884 001.3951 14.37542211898088
1 25119U 97084H   15051.51004478  .00001273  00000-0  46774-3 0  9991,2 25119 045.0154 287.6911 0004424 005.6331 354.4566 14.37545181898282
1 25119U 97084H   15052.76096660  .00001156  00000-0  42909-3 0  9999,2 25119 045.0154 281.7660 0004326 013.0550 347.0409 14.37548488898462
1 25119U 97084H   15053.87289416  .00001150  00000-0  42715-3 0  9994,2 25119 045.0153 276.4993 0004229 019.8780 340.2233 14.37551399898625
1 25119U 97084H   15054.98481979  .00001353  00000-0  49433-3 0  9994,2 25119 045.0152 271.2325 0004135 026.7283 333.3777 14.37556852898789
1 25119U 97084H   15057.55614370  .00001388  00000-0  45784-3 0  9996,2 25119 045.0154 259.0469 0004225 037.2802 322.8827 14.37562857899151
1 25119U 97084H   15058.94602822  .00001261  00000-0  46363-3 0  9993,2 25119 045.0158 252.4609 0004216 046.0214 314.0981 14.37567304899351
1 25119U 97084H   15060.54439940  .00001874  00000-0  66607-3 0  9994,2 25119 045.0159 244.8895 0004119 055.3311 304.7925 14.37576088899585
1 25119U 97084H   15061.86478842  .00002154  00000-0  75851-3 0  9997,2 25119 045.0160 238.6350 0004039 063.0349 297.0911 14.37582127899773
1 25119U 97084H   15062.90719836  .00001885  00000-0  66956-3 0  9990,2 25119 045.0160 233.6973 0004007 069.3440 290.7837 14.37584206899929
1 25119U 97084H   15064.50555243  .00002004  00000-0  70888-3 0  9991,2 25119 045.0161 226.1259 0003955 079.6998 280.4296 14.37591135900159
1 25119U 97084H   15065.82592705  .00001678  00000-0  60099-3 0  9990,2 25119 045.0161 219.8715 0003907 088.2323 271.8973 14.37594566900348
1 25119U 97084H   15067.49376124  .00001808  00000-0  64395-3 0  9998,2 25119 045.0154 211.9703 0003787 099.4380 260.6896 14.37601455900585
1 25119U 97084H   15068.74463228  .00001859  00000-0  66078-3 0  9995,2 25119 045.0160 206.0452 0003847 106.5599 253.5671 14.37606637900766
1 25119U 97084H   15069.78702223  .00001582  00000-0  56929-3 0  9998,2 25119 045.0161 201.1074 0003863 113.2022 246.9233 14.37608946900919
1 25119U 97084H   15071.73280973  .00001528  00000-0  55143-3 0  9996,2 25119 045.0162 191.8902 0003903 125.4748 234.6465 14.37615435901193
1 25119U 97084H   15073.47011451  .00001269  00000-0  46574-3 0  9992,2 25119 045.0164 183.6606 0003963 136.3044 223.8118 14.37619199901445
1 25119U 97084H   15074.72097108  .00001102  00000-0  41054-3 0  9998,2 25119 045.0163 177.7355 0004018 143.8690 216.2430 14.37621498901629
1 25119U 97084H   15076.11080874  .00000923  00000-0  35163-3 0  9999,2 25119 045.0163 171.1518 0004089 151.9944 208.1125 14.37623886901824
1 25119U 97084H   15077.15318175  .00001396  00000-0  50766-3 0  9993,2 25119 045.0162 166.2138 0004151 157.7885 202.3143 14.37629788901973
1 25119U 97084H   15078.19555254  .00001487  00000-0  53743-3 0  9998,2 25119 045.0161 161.2758 0004242 163.4838 196.6149 14.37633684902127
1 25119U 97084H   15079.37690592  .00001119  00000-0  41612-3 0  9998,2 25119 045.0161 155.6794 0004339 170.0141 190.0794 14.37634883902296
1 25119U 97084H   15080.48876508  .00001019  00000-0  38325-3 0  9991,2 25119 045.0162 150.4123 0004432 176.0002 184.0882 14.37637421902452
1 25119U 97084H   15081.67011256  .00000986  00000-0  37219-3 0  9997,2 25119 045.0161 144.8160 0004491 182.4868 177.5959 14.37640617902627
1 25119U 97084H   15083.19891178  .00000948  00000-0  35968-3 0  9992,2 25119 045.0162 137.5736 0004601 190.3787 169.6967 14.37644489902843
1 25119U 97084H   15084.51923623  .00000978  00000-0  36968-3 0  9994,2 25119 045.0161 131.3189 0004670 196.9208 163.1485 14.37647419903034
1 25119U 97084H   15086.18701006  .00001257  00000-0  46153-3 0  9996,2 25119 045.0159 123.4179 0004771 205.1812 154.8804 14.37652528903273
1 25119U 97084H   15087.50732773  .00001339  00000-0  48850-3 0  9995,2 25119 045.0158 117.1631 0004842 211.4427 148.6132 14.37656043903468
1 25119U 97084H   15089.10560195  .00001451  00000-0  52535-3 0  9990,2 25119 045.0158 109.5912 0004921 218.9529 141.0965 14.37660876903693
1 25119U 97084H   15090.42590676  .00001340  00000-0  48873-3 0  9991,2 25119 045.0159 103.3367 0004982 225.6376 134.4064 14.37676123903881
1 25119U 97084H   15091.81569104  .00001360  00000-0  49517-3 0  9995,2 25119 045.0160 096.7525 0005055 231.8143 128.2251 14.37680213904084
1 25119U 97084H   15093.06649338  .00001502  00000-0  54205-3 0  9990,2 25119 045.0162 090.8265 0005134 237.0089 123.0266 14.37684564904269
1 25119U 97084H   15094.38678170  .00001314  00000-0  47983-3 0  9998,2 25119 045.0162 084.5715 0005160 242.5669 117.4655 14.37687453904453
1 25119U 97084H   15095.42911173  .00001253  00000-0  45999-3 0  9994,2 25119 045.0163 079.6333 0005183 247.0477 112.9825 14.37690336904607
1 25119U 97084H   15096.74939397  .00001178  00000-0  43515-3 0  9996,2 25119 045.0166 073.3781 0005208 252.6960 107.3318 14.37693718904797
1 25119U 97084H   15098.13916187  .00001101  00000-0  40964-3 0  9994,2 25119 045.0167 066.7937 0005211 258.4511 101.5752 14.37697038904996
1 25119U 97084H   15099.32046207  .00000950  00000-0  35993-3 0  9990,2 25119 045.0169 061.1970 0005200 263.3709 096.6547 14.37699327905165
1 25119U 97084H   15100.84919984  .00000913  00000-0  34778-3 0  9990,2 25119 045.0171 053.9542 0005177 269.7392 090.2863 14.37703049905385
1 25119U 97084H   15102.16946960  .00001067  00000-0  39841-3 0  9998,2 25119 045.0174 047.6993 0005146 275.1769 084.8492 14.37707371905573
1 25119U 97084H   15103.28127361  .00001036  00000-0  38813-3 0  9992,2 25119 045.0176 042.4320 0005116 279.6357 080.3913 14.37710068905735
1 25119U 97084H   15104.81000009  .00001263  00000-0  46304-3 0  9997,2 25119 045.0177 035.1894 0005056 285.8928 074.1363 14.37715463905955
1 25119U 97084H   15105.85230994  .00001447  00000-0  52334-3 0  9994,2 25119 045.0177 030.2512 0004997 290.0246 070.0064 14.37719753906109
1 25119U 97084H   15107.17256468  .00001656  00000-0  59217-3 0  9994,2 25119 045.0178 023.9965 0004916 295.7331 064.3010 14.37725492906293
1 25119U 97084H   15108.21486837  .00001696  00000-0  60525-3 0  9993,2 25119 045.0178 019.0583 0004860 300.2041 059.8326 14.37729333906447
1 25119U 97084H   15109.81306087  .00001748  00000-0  62250-3 0  9993,2 25119 045.0174 011.4864 0004781 306.4214 053.6193 14.37736213906677
1 25119U 97084H   15111.13330084  .00002315  00000-0  80896-3 0  9992,2 25119 045.0174 005.2316 0004687 311.9930 048.0519 14.37743471906866
1 25119U 97084H   15112.52302127  .00002461  00000-0  85691-3 0  9993,2 25119 045.0173 358.6472 0004580 317.5658 042.4836 14.37749826907067
1 25119U 97084H   15113.77376476  .00002109  00000-0  74092-3 0  9991,2 25119 045.0170 352.7212 0004423 323.1052 036.9492 14.37754349907240
1 25119U 97084H   15114.81604703  .00002018  00000-0  71109-3 0  9999,2 25119 045.0169 347.7828 0004333 327.7647 032.2936 14.37758906907396
1 25119U 97084H   15116.13626879  .00001581  00000-0  56702-3 0  9990,2 25119 045.0177 341.5277 0004238 334.2191 025.8446 14.37761628907586
1 25119U 97084H   15117.45648630  .00001279  00000-0  46762-3 0  9994,2 25119 045.0176 335.2724 0004120 340.1550 019.9138 14.37764959907770
1 25119U 97084H   15118.49876025  .00001193  00000-0  43954-3 0  9995,2 25119 045.0175 330.3338 0003995 344.9091 015.1638 14.37768245907929
1 25119U 97084H   15119.54103252  .00001088  00000-0  40494-3 0  9996,2 25119 045.0174 325.3951 0003880 349.9129 010.1641 14.37770921908073
1 25119U 97084H   15121.00021043  .00001061  00000-0  39584-3 0  9996,2 25119 045.0174 318.4814 0003762 357.1782 002.9045 14.37774950908285
1 25119U 97084H   15122.52886922  .00000926  00000-0  35154-3 0  9997,2 25119 045.0174 311.2379 0003564 004.8043 355.2839 14.37778293908502
1 25119U 97084H   15123.77958701  .00000920  00000-0  34949-3 0  9995,2 25119 045.0173 305.3117 0003428 011.3194 348.7731 14.37781484908687
1 25119U 97084H   15124.82184979  .00000979  00000-0  36888-3 0  9998,2 25119 045.0171 300.3732 0003314 016.9570 343.1389 14.37784401908833
1 25119U 97084H   15125.86411091  .00001030  00000-0  38561-3 0  9990,2 25119 045.0170 295.4344 0003216 022.6272 337.4718 14.37787112908989
1 25119U 97084H   15127.46224033  .00001273  00000-0  46543-3 0  9994,2 25119 045.0169 287.8618 0003099 031.3412 328.7621 14.37792302909218
1 25119U 97084H   15128.50449586  .00001350  00000-0  49071-3 0  9997,2 25119 045.0168 282.9230 0002971 037.6002 322.5054 14.37795401909366
1 25119U 97084H   15129.82468303  .00001380  00000-0  50060-3 0  9994,2 25119 045.0168 276.6672 0002891 045.8128 314.2957 14.37799215909555
1 25119U 97084H   15130.86693265  .00001423  00000-0  51482-3 0  9994,2 25119 045.0168 271.7285 0002797 052.4676 307.6426 14.37802677909709
1 25119U 97084H   15132.46504277  .00002047  00000-0  71981-3 0  9995,2 25119 045.0168 264.1557 0002692 062.5177 297.5945 14.37811449909934
1 25119U 97084H   15133.50728415  .00002022  00000-0  71140-3 0  9993,2 25119 045.0168 259.2170 0002612 069.2533 290.8595 14.37815262910084
1 25119U 97084H   15134.75796890  .00002315  00000-0  80783-3 0  9991,2 25119 045.0158 253.2906 0002527 078.2726 281.8406 14.37821564910266
1 25119U 97084H   15136.14761307  .00001835  00000-0  64989-3 0  9997,2 25119 045.0159 246.7055 0002478 087.6519 272.4613 14.37826110910468
1 25119U 97084H   15137.46777189  .00001540  00000-0  55282-3 0  9997,2 25119 045.0163 240.4499 0002504 096.3531 263.7602 14.37829167910654
1 25119U 97084H   15139.13533559  .00001134  00000-0  41953-3 0  9993,2 25119 045.0163 232.5479 0002483 108.1190 251.9929 14.37832679910892
1 25119U 97084H   15140.38600470  .00001006  00000-0  37731-3 0  9996,2 25119 045.0162 226.6213 0002505 116.8882 243.2223 14.37835753911078
1 25119U 97084H   15141.49770903  .00000852  00000-0  32690-3 0  9995,2 25119 045.0162 221.3535 0002506 124.5374 235.5712 14.37837757911231
1 25119U 97084H   15142.53993018  .00000702  00000-0  27767-3 0  9998,2 25119 045.0161 216.4148 0002545 131.4601 228.6466 14.37839415911386
1 25119U 97084H   15143.65163173  .00000536  00000-0  22310-3 0  9997,2 25119 045.0160 211.1468 0002580 138.7004 221.4040 14.37840770911541
1 25119U 97084H   15145.18021988  .00000406  00000-0  18012-3 0  9994,2 25119 045.0158 203.9032 0002643 148.5589 211.5418 14.37842473911766
1 25119U 97084H   15146.50036328  .00000276  00000-0  13757-3 0  9991,2 25119 045.0156 197.6473 0002733 156.3681 203.7294 14.37843338911959
1 25119U 97084H   15147.54258115  .00000255  00000-0  13062-3 0  9992,2 25119 045.0154 192.7084 0002796 162.6245 197.4699 14.37844176912103
1 25119U 97084H   15148.93220433  .00000203  00000-0  11349-3 0  9997,2 25119 045.0153 186.1230 0002876 170.5063 189.5840 14.37844923912309
1 25119U 97084H   15150.11338367  .00000152  00000-0  96661-4 0  9990,2 25119 045.0152 180.5255 0002965 176.8469 183.2398 14.37845291912477
1 25119U 97084H   15151.29456298  .00000314  00000-0  15004-3 0  9995,2 25119 045.0153 174.9280 0003032 183.2508 176.8321 14.37846581912641
1 25119U 97084H   15152.40626158 -.00000099  00000-0  14237-4 0  9992,2 25119 045.0153 169.6598 0003105 188.5470 171.5326 14.37844790912806
1 25119U 97084H   15153.44847832 -.00000058  00000-0  27843-4 0  9993,2 25119 045.0153 164.7209 0003216 193.3934 166.6829 14.37845113912952
1 25119U 97084H   15154.56017669 -.00000127  00000-0  50215-5 0  9991,2 25119 045.0153 159.4529 0003210 199.0128 161.0600 14.37844859913111
1 25119U 97084H   15156.15824369 -.00000206  00000-0 -20831-4 0  9990,2 25119 045.0169 151.8776 0003294 205.2470 154.8218 14.37844192913340
1 25119U 97084H   15157.40890489 -.00000228  00000-0 -28161-4 0  9993,2 25119 045.0169 145.9509 0003358 210.8091 149.2561 14.37843858913527
1 25119U 97084H   15158.93749058 -.00000194  00000-0 -16998-4 0  9994,2 25119 045.0170 138.7070 0003422 217.1049 142.9564 14.37843970913749
1 25119U 97084H   15160.04918761 -.00000204  00000-0 -20140-4 0  9994,2 25119 045.0170 133.4385 0003479 222.1242 137.9339 14.37845801913900
1 25119U 97084H   15161.36932603 -.00000205  00000-0 -20622-4 0  9997,2 25119 045.0174 127.1831 0003493 227.4230 132.6323 14.37848410914096
1 25119U 97084H   15162.13360888 -.00000212  00000-0 -22712-4 0  9993,2 25119 045.0187 123.5628 0003439 232.2833 127.7704 14.37877136914205
1 25119U 97084H   15163.31476063 -.00000220  00000-0 -25444-4 0  9991,2 25119 045.0175 117.9635 0003463 236.1302 123.9217 14.37878383914378
1 25119U 97084H   15164.84330816 -.00000043  00000-0  32614-4 0  9994,2 25119 045.0165 110.7212 0003582 241.8793 118.1693 14.37880594914593
1 25119U 97084H   15166.16341379 -.00000073  00000-0  22802-4 0  9998,2 25119 045.0164 104.4655 0003608 246.8923 113.1545 14.37884222914786
1 25119U 97084H   15166.23289306 -.00000075 +00000-0 +22252-4 0  9998,2 25119 045.0165 104.1363 0003601 247.2599 112.7869 14.37884282914798
1 25119U 97084H   15167.83091282 -.00000079  00000-0  20989-4 0  9998,2 25119 045.0168 096.5624 0003660 252.2387 107.8062 14.37887628915025
1 25119U 97084H   15169.15101379  .00000729  00000-0  28620-3 0  9994,2 25119 045.0169 090.3068 0003626 257.4685 102.5758 14.37890502915210
1 25119U 97084H   15170.19319742  .00000671  00000-0  26706-3 0  9994,2 25119 045.0171 085.3679 0003628 261.2906 098.7532 14.37892089915360
1 25119U 97084H   15171.37433741  .00000610  00000-0  24714-3 0  9991,2 25119 045.0173 079.7704 0003619 265.2869 094.7566 14.37893966915537
1 25119U 97084H   15172.76391245  .00000491  00000-0  20789-3 0  9992,2 25119 045.0174 073.1852 0003581 270.1284 089.9154 14.37895650915737
1 25119U 97084H   15173.80609247  .00000503  00000-0  21202-3 0  9997,2 25119 045.0175 068.2463 0003566 273.6633 086.3808 14.37897286915880
1 25119U 97084H   15175.12618287  .00000907  00000-0  34439-3 0  9992,2 25119 045.0175 061.9904 0003531 278.3576 081.6872 14.37902174916074
1 25119U 97084H   15176.23783933  .00000592  00000-0  24113-3 0  9994,2 25119 045.0175 056.7222 0003497 282.0344 078.0112 14.37901948916238
1 25119U 97084H   15177.76636238  .00000565  00000-0  23229-3 0  9995,2 25119 045.0174 049.4781 0003445 287.3948 072.6524 14.37904590916454
1 25119U 97084H   15179.01697071  .00000488  00000-0  20698-3 0  9998,2 25119 045.0174 043.5512 0003364 291.7291 068.3199 14.37906308916630
1 25119U 97084H   15180.47601232  .00000371  00000-0  16867-3 0  9998,2 25119 045.0175 036.6364 0003278 296.4924 063.5588 14.37907791916847
1 25119U 97084H   15181.65713999  .00000359  00000-0  16470-3 0  9999,2 25119 045.0175 031.0387 0003213 300.6361 059.4171 14.37909217917010
1 25119U 97084H   15182.76877688  .00000364  00000-0  16616-3 0  9996,2 25119 045.0175 025.7703 0003144 304.5125 055.5427 14.37910629917173
1 25119U 97084H   15184.01937989  .00000391  00000-0  17510-3 0  9991,2 25119 045.0176 019.8436 0003060 308.9658 051.0918 14.37912406917358
1 25119U 97084H   15185.47841559  .00000605  00000-0  24532-3 0  9999,2 25119 045.0176 012.9288 0002975 313.9957 046.0645 14.37915199917565
1 25119U 97084H   15186.52058113  .00001016  00000-0  38006-3 0  9990,2 25119 045.0176 007.9897 0002909 317.5609 042.5015 14.37919118917710
1 25119U 97084H   15187.56274673  .00000780  00000-0  30271-3 0  9999,2 25119 045.0175 003.0504 0002819 321.3388 038.7258 14.37919337917863
1 25119U 97084H   15188.81334328  .00000796  00000-0  30787-3 0  9991,2 25119 045.0175 357.1233 0002724 326.2505 033.8169 14.37921452918044
1 25119U 97084H   15189.85550511  .00001010  00000-0  37794-3 0  9995,2 25119 045.0176 352.1841 0002649 330.0597 030.0099 14.37924484918190
1 25119U 97084H   15191.03661990  .00000597  00000-0  24251-3 0  9995,2 25119 045.0177 346.5863 0002531 334.1045 025.9676 14.37924635918366
1 25119U 97084H   15192.49564089  .00001026  00000-0  38316-3 0  9992,2 25119 045.0177 339.6713 0002396 339.3717 020.7035 14.37929924918576
1 25119U 97084H   15193.81570567  .00000806  00000-0  31111-3 0  9998,2 25119 045.0177 333.4153 0002290 344.8797 015.1983 14.37931350918765
1 25119U 97084H   15195.41367462  .00000860  00000-0  32880-3 0  9998,2 25119 045.0176 325.8419 0002162 351.7792 008.3020 14.37935074918992
1 25119U 97084H   15196.45582706  .00000704  00000-0  27760-3 0  9991,2 25119 045.0176 320.9027 0002068 356.2855 003.7978 14.37936222919143
1 25119U 97084H   15197.70640817  .00000522  00000-0  21785-3 0  9997,2 25119 045.0175 314.9758 0001950 001.6799 358.4056 14.37937512919323
1 25119U 97084H   15198.74855799  .00000460  00000-0  19756-3 0  9995,2 25119 045.0174 310.0366 0001868 006.4398 353.6474 14.37938908919477
1 25119U 97084H   15200.41599595  .00000358  00000-0  16407-3 0  9998,2 25119 045.0173 302.1338 0001706 014.3428 345.7468 14.37940731919719
1 25119U 97084H   15201.66657349  .00000208  00000-0  11512-3 0  9994,2 25119 045.0172 296.2069 0001597 020.8124 339.2789 14.37941343919898
1 25119U 97084H   15203.12557996  .00000183  00000-0  10674-3 0  9994,2 25119 045.0171 289.2921 0001486 028.9832 331.1099 14.37942387920108
1 25119U 97084H   15204.44563287  .00000156  00000-0  97774-4 0  9997,2 25119 045.0170 283.0358 0001361 036.9739 323.1203 14.37943037920291
1 25119U 97084H   15205.62673212  .00000130  00000-0  89323-4 0  9991,2 25119 045.0167 277.4381 0001275 044.8796 315.2155 14.37943600920468
1 25119U 97084H   15207.22468898  .00000085  00000-0  74534-4 0  9998,2 25119 045.0164 269.8645 0001184 056.8301 303.2661 14.37944292920699
1 25119U 97084H   15208.47526333  .00000093  00000-0  77123-4 0  9991,2 25119 045.0162 263.9374 0001124 065.9207 294.1759 14.37944961920870
1 25119U 97084H   15209.51740809  .00000138  00000-0  91949-4 0  9995,2 25119 045.0160 258.9979 0001079 074.4305 285.6662 14.37945695921027
1 25119U 97084H   15210.55955271  .00000126  00000-0  88211-4 0  9997,2 25119 045.0159 254.0585 0001035 082.6165 277.4801 14.37946054921172
1 25119U 97084H   15212.15750720  .00000070  00000-0  69638-4 0  9997,2 25119 045.0157 246.4846 0001018 097.1806 262.9158 14.37946413921408
1 25119U 97084H   15213.47755363  .00000019  00000-0  53104-4 0  9995,2 25119 045.0156 240.2281 0001045 108.8799 251.2163 14.37951540921597
1 25119U 97084H   15214.51969321  .00000024  00000-0  54622-4 0  9994,2 25119 045.0154 235.2886 0001024 117.5103 242.5849 14.37952360921745
1 25119U 97084H   15216.11764065 -.00000098  00000-0  14664-4 0  9994,2 25119 045.0153 227.7146 0001060 130.1857 229.9085 14.37952251921971
1 25119U 97084H   15217.15978018 -.00000118  00000-0  79630-5 0  9992,2 25119 045.0152 222.7751 0001116 138.7641 221.3292 14.37952238922123
1 25119U 97084H   15218.41034735 -.00000103  00000-0  12974-4 0  9992,2 25119 045.0152 216.8477 0001189 147.2650 212.8272 14.37952442922307
1 25119U 97084H   15219.52196224 -.00000066  00000-0  24990-4 0  9996,2 25119 045.0153 211.5788 0001263 154.2886 205.8025 14.37952835922468
1 25119U 97084H   15220.77252886 -.00000035  00000-0  35248-4 0  9996,2 25119 045.0155 205.6514 0001345 162.4230 197.6665 14.37953184922642
1 25119U 97084H   15221.81466677  .00000050  00000-0  63152-4 0  9998,2 25119 045.0155 200.7119 0001427 168.7898 191.2982 14.37954034922792
1 25119U 97084H   15223.13470808  .00000061  00000-0  66703-4 0  9993,2 25119 045.0156 194.4553 0001501 173.5992 186.4876 14.37954646922984
1 25119U 97084H   15224.17684557  .00000026  00000-0  55139-4 0  9998,2 25119 045.0157 189.5160 0001574 177.6468 182.4388 14.37954944923130
1 25119U 97084H   15225.21898271  .00000012  00000-0  50813-4 0  9993,2 25119 045.0158 184.5766 0001647 182.0194 178.0648 14.37955359923282
1 25119U 97084H   15226.33059540  .00000001  00000-0  47016-4 0  9994,2 25119 045.0159 179.3080 0001732 186.8480 173.2345 14.37955720923440
1 25119U 97084H   15227.85906237  .00000039  00000-0  59462-4 0  9995,2 25119 045.0160 172.0634 0001839 192.9857 167.0945 14.37956417923666
1 25119U 97084H   15229.17910062  .00000168  00000-0  10175-3 0  9993,2 25119 045.0161 165.8070 0001927 198.1710 161.9069 14.37957866923855
1 25119U 97084H   15230.22123332  .00000297  00000-0  14413-3 0  9999,2 25119 045.0157 160.8679 0002048 202.0920 157.9841 14.37964943924008
1 25119U 97084H   15231.81916619  .00000328  00000-0  15429-3 0  9996,2 25119 045.0164 153.2938 0002076 207.8973 152.1765 14.37965706924237
1 25119U 97084H   15232.93077043  .00000391  00000-0  17494-3 0  9993,2 25119 045.0165 148.0252 0002162 212.0060 148.0657 14.37967160924397
1 25119U 97084H   15234.18132447  .00000322  00000-0  15240-3 0  9993,2 25119 045.0165 142.0982 0002228 215.0780 144.9922 14.37968194924574
1 25119U 97084H   15235.91820246 +.00000345 +00000-0 +15976-3 0  9997,2 25119 045.0165 133.8658 0002321 220.5841 139.4834 14.37970230924828
1 25119U 97084H   15237.09927826  .00000364  00000-0  16614-3 0  9991,2 25119 045.0165 128.2679 0002372 224.0672 135.9988 14.37971639924999
1 25119U 97084H   15237.86349832  .00000338  00000-0  15730-3 0  9990,2 25119 045.0168 124.6464 0002347 231.1013 128.9626 14.37981316925102
1 25119U 97084H   15239.87825617 +.00000742 +00000-0 +28977-3 0  9999,2 25119 045.0164 115.0958 0002440 233.1172 126.9453 14.37985884925393
1 25119U 97084H   15240.50352537  .00000671  00000-0  26666-3 0  9991,2 25119 045.0164 112.1323 0002461 235.0331 125.0286 14.37986691925489
1 25119U 97084H   15241.68458740  .00000582  00000-0  23751-3 0  9997,2 25119 045.0163 106.5337 0002546 238.3434 121.7166 14.37988347925653
1 25119U 97084H   15241.82353585 +.00000564 +00000-0 +23143-3 0  9999,2 25119 045.0164 105.8751 0002550 238.5446 121.5154 14.37988467925676
1 25119U 97084H   15242.72670017  .00000475  00000-0  20247-3 0  9994,2 25119 045.0164 101.5941 0002592 241.2449 118.8139 14.37989358925807
1 25119U 97084H   15242.93512259 +.00000475 +00000-0 +20221-3 0  9992,2 25119 045.0164 100.6063 0002597 241.7612 118.2974 14.37989663925837
1 25119U 97084H   15243.97723394  .00000495  00000-0  20897-3 0  9992,2 25119  45.0165  95.6667 0002636 244.8674 115.1901 14.37991338925981
1 25119U 97084H   15245.01934410  .00000506  00000-0  21234-3 0  9991,2 25119  45.0165  90.7271 0002670 248.0536 112.0029 14.37992972926139
1 25119U 97084H   15245.92250532 +.00000513 +00000-0 +21466-3 0  9992,2 25119 045.0164 086.4461 0002700 250.4521 109.6035 14.37994369926261
1 25119U 97084H   15246.68671793 +.00000533 +00000-0 +22137-3 0  9990,2 25119 045.0164 082.8236 0002731 252.6067 107.4483 14.37995630926371
1 25119U 97084H   15247.45092984  .00000561  00000-0  23055-3 0  9996,2 25119  45.0164  79.2012 0002753 254.6353 105.4191 14.37996967926487
1 25119U 97084H   15248.56251006  .00000574  00000-0  23465-3 0  9990,2 25119  45.0164  73.9322 0002775 258.1805 101.8733 14.37998671926641
1 25119U 97084H   15248.84040490 +.00000572 +00000-0 +23402-3 0  9993,2 25119 045.0164 072.6149 0002780 258.6229 101.4307 14.37999071926687
1 25119U 97084H   15249.88251007  .00000569  00000-0  23311-3 0  9991,2 25119  45.0165  67.6752 0002804 261.6131  98.4400 14.38000516926839
1 25119U 97084H   15250.92461383  .00000608  00000-0  24575-3 0  9995,2 25119  45.0167  62.7356 0002831 264.8117  95.2408 14.38002306926984
1 25119U 97084H   15252.45303046  .00000658  00000-0  26227-3 0  9997,2 25119  45.0169  55.4906 0002850 270.0281  90.0241 14.38005022927200
1 25119U 97084H   15253.49513107  .00000652  00000-0  26032-3 0  9991,2 25119  45.0171  50.5512 0002854 273.3744  86.6778 14.38006808927351
1 25119U 97084H   15253.84249754 +.00000608 +00000-0 +24593-3 0  9995,2 25119 045.0171 048.9048 0002857 274.2418 085.8104 14.38007222927408
1 25119U 97084H   15254.81512345  .00000605  00000-0  24468-3 0  9990,2 25119  45.0173  44.2945 0002859 277.2180  82.8344 14.38008807927544
1 25119U 97084H   15254.88459668 +.00000601 +00000-0 +24358-3 0  9999,2 25119 045.0173 043.9652 0002859 277.4478 082.6046 14.38008908927557
1 25119U 97084H   15255.85722169  .00000531  00000-0  22044-3 0  9998,2 25119  45.0174  39.3549 0002864 280.2339  79.8187 14.38010037927691
1 25119U 97084H   15257.17721154  .00000496  00000-0  20920-3 0  9999,2 25119  45.0175  33.0980 0002869 284.0732  75.9797 14.38011727927888
1 25119U 97084H   15258.49719955  .00000501  00000-0  21077-3 0  9992,2 25119  45.0176  26.8410 0002859 288.0089  72.0447 14.38013639928071
1 25119U 97084H   15258.77509159 +.00000495 +00000-0 +20881-3 0  9990,2 25119 045.0176 025.5239 0002854 288.8365 071.2174 14.38013990928119
1 25119U 97084H   15259.74771351  .00000431  00000-0  18775-3 0  9992,2 25119  45.0177  20.9136 0002845 292.0735  67.9811 14.38014872928258
1 25119U 97084H   15259.81718638 +.00000437 +00000-0 +18976-3 0  9998,2 25119 045.0177 020.5843 0002844 292.2838 067.7709 14.38015021928266
1 25119U 97084H   15260.78980748  .00000430  00000-0  18744-3 0  9995,2 25119  45.0178  15.9740 0002834 295.3261  64.7294 14.38016143928402
1 25119U 97084H   15262.45715607  .00000523  00000-0  21800-3 0  9991,2 25119  45.0179   8.0707 0002803 300.6772  59.3800 14.38018584928642
1 25119U 97084H   15263.49924756  .00000576  00000-0  23535-3 0  9998,2 25119  45.0180   3.1312 0002774 304.0963  55.9622 14.38020182928796
1 25119U 97084H   15263.77713844 +.00000579 +00000-0 +23611-3 0  9991,2 25119 045.0179 001.8142 0002769 305.1705 054.8884 14.38020571928835
1 25119U 97084H   15264.74975613  .00000501  00000-0  21077-3 0  9992,2 25119  45.0179 357.2040 0002742 308.3271  51.7330 14.38021428928973
1 25119U 97084H   15266.20868112  .00000460  00000-0  19725-3 0  9991,2 25119  45.0178 350.2886 0002695 313.3203  46.7421 14.38023098929185
1 25119U 97084H   15267.38971434  .00000475  00000-0  20212-3 0  9992,2 25119  45.0177 344.6904 0002640 317.4585  42.6059 14.38024659929355
1 25119U 97084H   15268.50127404  .00000484  00000-0  20504-3 0  9991,2 25119  45.0176 339.4215 0002601 321.3986  38.6676 14.38026027929516
1 25119U 97084H   15269.54336011  .00000477  00000-0  20276-3 0  9990,2 25119  45.0175 334.4819 0002553 325.2960  34.7721 14.38027311929662
1 25119U 97084H   15269.61283248 +.00000476 +00000-0 +20253-3 0  9995,2 25119 045.0175 334.1526 0002549 325.5901 034.4782 14.38027397929676
1 25119U 97084H   15270.58544527  .00000483  00000-0  20481-3 0  9994,2 25119  45.0174 329.5422 0002504 329.2606  30.8096 14.38028671929812
1 25119U 97084H   15271.62752974  .00000428  00000-0  18686-3 0  9990,2 25119  45.0173 324.6025 0002459 333.3844  26.6878 14.38029636929964
1 25119U 97084H   15272.32225655  .00000447  00000-0  19291-3 0  9993,2 25119  45.0170 321.3083 0002544 335.6284  24.4444 14.38014909930062
1 25119U 97084H   15273.50329614  .00000594  00000-0  24120-3 0  9994,2 25119  45.0171 315.7113 0002421 342.0735  18.0027 14.38017450930230
1 25119U 97084H   15274.54538907  .00000427  00000-0  18644-3 0  9995,2 25119  45.0170 310.7716 0002327 346.7499  13.3288 14.38018277930387
1 25119U 97084H   15276.14326249  .00000505  00000-0  21189-3 0  9992,2 25119  45.0167 303.1972 0002249 353.5902   6.4918 14.38020513930616
1 25119U 97084H   15277.46324383  .00000429  00000-0  18716-3 0  9992,2 25119  45.0166 296.9403 0002162   0.1326 359.9522 14.38021633930804
1 25119U 97084H   15278.50533340  .00000350  00000-0  16115-3 0  9997,2 25119  45.0165 292.0005 0002109   5.2226 354.8644 14.38022347930952
1 25119U 97084H   15280.17267555  .00000326  00000-0  15351-3 0  9999,2 25119  45.0164 284.0966 0002011  13.7662 346.3241 14.38023796931193
1 25119U 97084H   15281.49265320  .00000295  00000-0  14332-3 0  9996,2 25119  45.0164 277.8396 0001932  21.2076 338.8852 14.38024951931383
1 25119U 97084H   15281.90948801 +.00000272 +00000-0 +13584-3 0  9997,2 25119 045.0164 275.8636 0001898 023.5088 336.5847 14.38025231931445
1 25119U 97084H   15283.15999199  .00000212  00000-0  11606-3 0  9999,2 25119  45.0164 269.9358 0001846  31.1813 328.9145 14.38026057931627
1 25119U 97084H   15284.41049519  .00000202  00000-0  11268-3 0  9994,2 25119  45.0164 264.0083 0001800  39.1110 320.9868 14.38027028931809
1 25119U 97084H   15284.96627410 +.00000208 +00000-0 +11465-3 0  9991,2 25119 045.0164 261.3736 0001776 042.5804 317.5182 14.38027481931886
1 25119U 97084H   15286.07783149  .00000224  00000-0  11993-3 0  9991,2 25119  45.0163 256.1046 0001738  50.0910 310.0091 14.38028397932044
1 25119U 97084H   15287.11991590  .00000228  00000-0  12143-3 0  9990,2 25119  45.0163 251.1648 0001717  57.3862 302.7152 14.38029211932198
1 25119U 97084H   15288.30094373  .00000295  00000-0  14325-3 0  9993,2 25119  45.0163 245.5665 0001708  65.8638 294.2389 14.38030596932363
1 25119U 97084H   15288.85672090 +.00000349 +00000-0 +16089-3 0  9990,2 25119 045.0163 242.9318 0001691 069.9395 290.1635 14.38031454932447
1 25119U 97084H   15289.69038631  .00000412  00000-0  18168-3 0  9991,2 25119  45.0164 238.9800 0001683  76.1406 283.9629 14.38032669932568
1 25119U 97084H   15290.87141105  .00000518  00000-0  21634-3 0  9993,2 25119  45.0164 233.3816 0001692  85.0929 275.0113 14.38034590932737
1 25119U 97084H   15292.19137726  .00000710  00000-0  27893-3 0  9991,2 25119  45.0165 227.1248 0001725  94.7238 265.3807 14.38037608932921
1 25119U 97084H   15293.23345408  .00000802  00000-0  30907-3 0  9997,2 25119  45.0165 222.1851 0001758 102.2672 257.8374 14.38039926933076
1 25119U 97084H   15293.85869912 +.00000839 +00000-0 +32122-3 0  9997,2 25119 045.0164 219.2212 0001773 107.0729 253.0314 14.38041381933166
1 25119U 97084H   15294.83130137  .00000877  00000-0  33367-3 0  9990,2 25119  45.0164 214.6109 0001825 113.8747 246.2293 14.38043633933301
1 25119U 97084H   15296.15125901  .00000949  00000-0  35730-3 0  9996,2 25119  45.0162 208.3541 0001909 122.3173 237.7861 14.38046957933498
1 25119U 97084H   15297.19332878  .00001079  00000-0  39978-3 0  9997,2 25119  45.0161 203.4143 0001970 129.1037 230.9986 14.38049994933647
1 25119U 97084H   15298.23539678  .00001004  00000-0  37508-3 0  9995,2 25119  45.0160 198.4745 0002053 135.7625 224.3388 14.38051982933795
1 25119U 97084H   15298.86063666 +.00000967 +00000-0 +36314-3 0  9994,2 25119 045.0159 195.5105 0002105 139.7275 220.3730 14.38053249933889
1 25119U 97084H   15299.83323113  .00000855  00000-0  32647-3 0  9999,2 25119  45.0159 190.8999 0002183 145.6341 214.4649 14.38054823934023
1 25119U 97084H   15299.90270209 +.00000854 +00000-0 +32614-3 0  9997,2 25119 045.0159 190.5706 0002190 146.0081 214.0908 14.38054977934035
1 25119U 97084H   15301.15317830  .00000814  00000-0  31280-3 0  9994,2 25119  45.0158 184.6428 0002301 152.9682 207.1287 14.38057531934218
1 25119U 97084H   15301.84788646 +.00000778 +00000-0 +30109-3 0  9995,2 25119 045.0159 181.3495 0002362 156.9359 203.1595 14.38058778934312
1 25119U 97084H   15302.82047655  .00000833  00000-0  31924-3 0  9990,2 25119  45.0159 176.7389 0002453 162.0721 198.0214 14.38061073934451
1 25119U 97084H   15302.88994715 +.00000845 +00000-0 +32311-3 0  9998,2 25119 045.0159 176.4096 0002458 162.5099 197.5834 14.38061295934460
1 25119U 97084H   15304.07094741  .00000886  00000-0  33653-3 0  9996,2 25119  45.0157 170.8111 0002565 168.6160 191.4747 14.38063929934630
1 25119U 97084H   15304.69618227 +.00000842 +00000-0 +32210-3 0  9995,2 25119 045.0156 167.8471 0002627 172.0206 188.0684 14.38064889934721
1 25119U 97084H   15305.80770927  .00000998  00000-0  37290-3 0  9990,2 25119  45.0155 162.5779 0002726 177.5021 182.5841 14.38067953934884
1 25119U 97084H   15305.87717969 +.00000861 +00000-0 +32819-3 0  9995,2 25119 045.0155 162.2486 0002736 177.7716 182.3145 14.38067362934890
1 25119U 97084H   15306.84976401  .00001053  00000-0  39099-3 0  9992,2 25119  45.0153 157.6379 0002828 182.3869 177.6967 14.38070412935036
1 25119U 97084H   15306.91923447 +.00000849 +00000-0 +32434-3 0  9990,2 25119 045.0153 157.3086 0002842 182.6168 177.4665 14.38069420935040
1 25119U 97084H   15307.96128724  .00001008  00000-0  37642-3 0  9995,2 25119  45.0152 152.3687 0002938 187.3941 172.6864 14.38072501935196
1 25119U 97084H   15309.42015881  .00000941  00000-0  35437-3 0  9992,2 25119  45.0151 145.4525 0003102 193.9099 166.1665 14.38075158935402
1 25119U 97084H   15309.76751643  .00000945  00000-0  35576-3 0  9990,2 25119  45.0152 143.8059 0003111 194.9374 165.1383 14.38063092935459
1 25119U 97084H   15309.90645753 +.00000940 +00000-0 +35405-3 0  9996,2 25119 045.0151 143.1472 0003147 195.0965 164.9790 14.38063511935474
1 25119U 97084H   15310.87904439  .00001125  00000-0  41448-3 0  9993,2 25119  45.0152 138.5364 0003247 199.3859 160.6866 14.38065906935616
1 25119U 97084H   15311.92109845  .00001233  00000-0  44989-3 0  9991,2 25119  45.0152 133.5963 0003339 203.8512 156.2182 14.38069847935761
1 25119U 97084H   15312.96315099  .00001144  00000-0  42089-3 0  9996,2 25119  45.0154 128.6563 0003428 208.4117 151.6545 14.38072373935912
1 25119U 97084H   15314.28308042  .00001343  00000-0  48571-3 0  9996,2 25119  45.0155 122.3989 0003541 214.2832 145.7788 14.38077337936101
1 25119U 97084H   15315.53353688  .00001368  00000-0  49391-3 0  9999,2 25119  45.0156 116.4708 0003646 219.5456 140.5127 14.38081151936289
1 25119U 97084H   15315.88088545 +.00001317 +00000-0 +47730-3 0  9993,2 25119 045.0156 114.8243 0003679 220.9654 139.0918 14.38081884936337
1 25119U 97084H   15316.64505147  .00001298  00000-0  47104-3 0  9993,2 25119  45.0156 111.2015 0003737 224.1738 135.8812 14.38083956936440
1 25119U 97084H   15316.85346008 +.00001296 +00000-0 +47034-3 0  9995,2 25119 045.0156 110.2135 0003749 225.0706 134.9838 14.38084582936477
1 25119U 97084H   15317.82603293  .00001161  00000-0  42634-3 0  9997,2 25119  45.0157 105.6028 0003815 229.1064 130.9454 14.38086719936613
1 25119U 97084H   15318.86807284  .00001097  00000-0  40527-3 0  9995,2 25119  45.0158 100.6627 0003893 233.4438 126.6052 14.38089425936762
1 25119U 97084H   15320.39639444  .00001237  00000-0  45105-3 0  9990,2 25119  45.0161  93.4171 0004006 239.8699 120.1753 14.38094452936982
1 25119U 97084H   15321.50789890  .00001249  00000-0  45497-3 0  9992,2 25119  45.0163  88.1477 0004080 244.4180 115.6247 14.38097447937146
1 25119U 97084H   15321.78577463 +.00001247 +00000-0 +45416-3 0  9992,2 25119 045.0163 086.8304 0004097 245.5595 114.4827 14.38098181937181
1 25119U 97084H   15322.75833834  .00001242  00000-0  45237-3 0  9993,2 25119  45.0165  82.2198 0004155 249.6075 110.4327 14.38100860937322
1 25119U 97084H   15323.80036906  .00001109  00000-0  40904-3 0  9993,2 25119  45.0167  77.2799 0004206 253.7891 106.2495 14.38103057937470
1 25119U 97084H   15325.46761480  .00000983  00000-0  36794-3 0  9990,2 25119  45.0171  69.3759 0004271 260.4307  99.6059 14.38106730937711
1 25119U 97084H   15326.50964163  .00000917  00000-0  34640-3 0  9994,2 25119  45.0172  64.4359 0004307 264.5733  95.4624 14.38108780937867
1 25119U 97084H   15326.71804677 +.00000912 +00000-0 +34451-3 0  9995,2 25119 045.0172 063.4480 0004315 265.5168 094.5187 14.38109240937892
1 25119U 97084H   15327.69060350  .00000858  00000-0  32683-3 0  9999,2 25119  45.0173  58.8374 0004346 269.4041  90.6310 14.38111081938038
1 25119U 97084H   15329.21890461  .00000692  00000-0  27262-3 0  9996,2 25119  45.0174  51.5918 0004390 275.6162  84.4186 14.38113318938256
1 25119U 97084H   15330.53879962  .00000651  00000-0  25919-3 0  9998,2 25119  45.0175  45.3345 0004392 280.9531  79.0823 14.38115380938443
1 25119U 97084H   15330.67773575 +.00000646 +00000-0 +25755-3 0  9998,2 25119 045.0175 044.6759 0004391 281.5276 078.5080 14.38115609938461
1 25119U 97084H   15331.65028880  .00000623  00000-0  25020-3 0  9999,2 25119  45.0176  40.0652 0004395 285.4838  74.5525 14.38116973938606
1 25119U 97084H   15333.17858496  .00000522  00000-0  21703-3 0  9994,2 25119  45.0177  32.8198 0004387 291.6497  68.3884 14.38118558938826
1 25119U 97084H   15334.22060345  .00000514  00000-0  21469-3 0  9999,2 25119  45.0178  27.8799 0004384 296.0258  64.0139 14.38120084938978
1 25119U 97084H   15335.47102394  .00000562  00000-0  23010-3 0  9995,2 25119  45.0178  21.9520 0004362 301.2846  58.7575 14.38122318939150
1 25119U 97084H   15336.51304029  .00000505  00000-0  21174-3 0  9996,2 25119  45.0178  17.0121 0004337 305.7284  54.3161 14.38123532939309
1 25119U 97084H   15337.55505589  .00000472  00000-0  20091-3 0  9995,2 25119  45.0177  12.0720 0004312 310.2517  49.7954 14.38124744939451
1 25119U 97084H   15339.15281148  .00000406  00000-0  17935-3 0  9995,2 25119  45.0176   4.4970 0004241 316.9233  43.1283 14.38126379939685
1 25119U 97084H   15340.47269511  .00000490  00000-0  20652-3 0  9995,2 25119  45.0176 358.2396 0004200 322.9967  37.0592 14.38128411939878
1 25119U 97084H   15341.02843497 +.00000499 +00000-0 +20961-3 0  9990,2 25119 045.0176 355.6048 0004158 325.4175 034.6402 14.38129183939953
1 25119U 97084H   15342.20938182  .00000488  00000-0  20586-3 0  9998,2 25119  45.0176 350.0060 0004107 330.9311  29.1308 14.38130500940123
1 25119U 97084H   15343.39032801  .00000459  00000-0  19638-3 0  9996,2 25119  45.0177 344.4073 0004061 336.4025  23.6636 14.38131525940296
1 25119U 97084H   15344.29340901  .00000494  00000-0  20810-3 0  9992,2 25119  45.0177 340.1260 0004096 340.5900  19.4792 14.38116544940428
1 25119U 97084H   15344.84915348 +.00000544 +00000-0 +22444-3 0  9997,2 25119 045.0177 337.4914 0004083 343.2730 016.7983 14.38117545940503
1 25119U 97084H   15345.82170597  .00000541  00000-0  22325-3 0  9990,2 25119  45.0177 332.8807 0004054 348.1855  11.8898 14.38118600940642
1 25119U 97084H   15345.89117385 +.00000504 +00000-0 +21125-3 0  9999,2 25119 045.0177 332.5513 0003998 348.1249 011.9505 14.38118623940658
1 25119U 97084H   15347.07212873  .00000512  00000-0  21406-3 0  9990,2 25119  45.0175 326.9523 0003905 354.3019   5.7784 14.38120205940824
1 25119U 97084H   15348.32255032  .00000561  00000-0  23005-3 0  9994,2 25119  45.0174 321.0243 0003842   0.8709 359.2145 14.38122222941007
1 25119U 97084H   15349.36456631  .00000700  00000-0  27515-3 0  9992,2 25119  45.0174 316.0842 0003776   6.2046 353.8849 14.38124629941156
1 25119U 97084H   15349.92030789 +.00000679 +00000-0 +26850-3 0  9992,2 25119 045.0174 313.4493 0003740 009.0458 351.0458 14.38125351941236
1 25119U 97084H   15350.89285468  .00000642  00000-0  25631-3 0  9992,2 25119  45.0174 308.8385 0003680  14.3156 345.7796 14.38126712941373
1 25119U 97084H   15350.96232235 +.00000585 +00000-0 +23777-3 0  9999,2 25119 045.0174 308.5092 0003686 014.8070 345.2885 14.38126510941382
1 25119U 97084H   15352.00433523  .00000585  00000-0  23780-3 0  9993,2 25119  45.0174 303.5691 0003621  20.6556 339.4438 14.38128315941536
1 25119U 97084H   15353.18528169  .00000535  00000-0  22138-3 0  9995,2 25119  45.0174 297.9704 0003566  27.4677 332.6359 14.38130075941706
1 25119U 97084H   15354.22729156  .00000633  00000-0  25349-3 0  9996,2 25119  45.0173 293.0304 0003519  33.6370 326.4701 14.38132454941856
1 25119U 97084H   15354.85249678 +.00000594 +00000-0 +24065-3 0  9991,2 25119 045.0172 290.0663 0003469 037.1517 322.9571 14.38133344941941
1 25119U 97084H   15355.82503640  .00000750  00000-0  29159-3 0  9994,2 25119  45.0171 285.4556 0003428  43.0792 317.0324 14.38136161942082
1 25119U 97084H   15355.89450349 +.00000744 +00000-0 +28946-3 0  9994,2 25119 045.0171 285.1262 0003416 043.5868 316.5250 14.38136261942093
1 25119U 97084H   15357.14491119  .00000631  00000-0  25266-3 0  9991,2 25119  45.0168 279.1982 0003371  51.5424 308.5726 14.38137761942273
1 25119U 97084H   15358.18691582  .00000637  00000-0  25460-3 0  9994,2 25119  45.0167 274.2580 0003355  58.1714 301.9461 14.38139651942429
1 25119U 97084H   15358.88158499 +.00000533 +00000-0 +22069-3 0  9993,2 25119 045.0166 270.9644 0003336 062.7198 297.3990 14.38140266942528
1 25119U 97084H   15359.78465412  .00000508  00000-0  21252-3 0  9994,2 25119  45.0164 266.6829 0003331  68.3433 291.7770 14.38141570942659
1 25119U 97084H   15359.85412105 +.00000459 +00000-0 +19641-3 0  9997,2 25119 045.0165 266.3536 0003332 068.8719 291.2486 14.38141393942668
1 25119U 97084H   15360.82665618  .00000437  00000-0  18939-3 0  9990,2 25119  45.0164 261.7427 0003331  75.2430 284.8787 14.38142677942800
1 25119U 97084H   15362.14652375  .00000412  00000-0  18113-3 0  9990,2 25119  45.0162 255.4852 0003341  83.6935 276.4294 14.38144321942992
1 25119U 97084H   15363.18852310  .00000444  00000-0  19150-3 0  9993,2 25119  45.0161 250.5451 0003369  90.4269 269.6965 14.38145923943144
1 25119U 97084H   15363.88318857 +.00000377 +00000-0 +16984-3 0  9990,2 25119 045.0161 247.2516 0003367 094.6887 265.4346 14.38146590943248
1 25119U 97084H   15364.85571946  .00000445  00000-0  19187-3 0  9992,2 25119  45.0159 242.6408 0003403 100.7681 259.3551 14.38148343943389
1 25119U 97084H   15365.75878316 +.00000446 +00000-0 +19210-3 0  9991,2 25119 045.0158 238.3593 0003456 106.5314 253.5914 14.38149567943513
1 25119U 97084H   16001.10611417  .00000248  00000-0  12767-3 0  9995,2 25119  45.0157 236.7122 0003502 109.3672 250.7555 14.38151077943566
1 25119U 97084H   16001.80077690 +.00000236 +00000-0 +12359-3 0  9995,2 25119 045.0158 233.4180 0003536 114.5392 245.5825 14.38152080943667
1 25119U 97084H   16002.70383837  .00000232  00000-0  12245-3 0  9998,2 25119  45.0154 229.1376 0003517 118.1468 241.9736 14.38153229943796
1 25119U 97084H   16004.02369368  .00000201  00000-0  11229-3 0  9995,2 25119  45.0151 222.8795 0003625 126.7285 233.3896 14.38156312943989
1 25119U 97084H   16005.06568330  .00000198  00000-0  11131-3 0  9997,2 25119  45.0151 217.9390 0003716 132.7399 227.3762 14.38158417944130
1 25119U 97084H   16005.76034316 +.00000198 +00000-0 +11121-3 0  9995,2 25119 045.0150 214.6451 0003716 136.9071 223.2069 14.38158668944238
1 25119U 97084H   16006.80232876  .00000205  00000-0  11343-3 0  9997,2 25119  45.0152 209.7052 0003804 142.9771 217.1341 14.38162590944384
1 25119U 97084H   16006.94126032 +.00000189 +00000-0 +10812-3 0  9999,2 25119 045.0151 209.0466 0003813 143.6267 216.4841 14.38162650944400
1 25119U 97084H   16007.98324507  .00000213  00000-0  11606-3 0  9991,2 25119  45.0151 204.1057 0003967 150.0321 210.0755 14.38165319944550
1 25119U 97084H   16009.02522895  .00000199  00000-0  11167-3 0  9993,2 25119  45.0151 199.1652 0004047 155.8261 204.2778 14.38166176944709
1 25119U 97084H   16010.55347022  .00000194  00000-0  10981-3 0  9998,2 25119  45.0151 191.9191 0004145 164.0764 196.0216 14.38167624944924
1 25119U 97084H   16010.90079685 +.00000196 +00000-0 +11040-3 0  9993,2 25119 045.0150 190.2724 0004210 166.0039 194.0926 14.38168705944979
1 25119U 97084H   16011.87331239  .00000206  00000-0  11375-3 0  9999,2 25119  45.0150 185.6612 0004287 171.2590 188.8334 14.38169789945111
1 25119U 97084H   16012.91529161  .00000270  00000-0  13452-3 0  9997,2 25119  45.0152 180.7206 0004398 176.8429 183.2448 14.38172539945261
1 25119U 97084H   16014.51299071  .00000299  00000-0  14397-3 0  9999,2 25119  45.0153 173.1452 0004502 185.1100 174.9703 14.38174954945496
1 25119U 97084H   16015.55496515 +.00000269 +00000-0 +13443-3 0  9994,2 25119 045.0154 168.2049 0004615 190.6878 169.3873 14.38178181945641
1 25119U 97084H   16015.83282499  .00000267  00000-0  13367-3 0  9992,2 25119  45.0154 166.8875 0004633 191.9629 168.1110 14.38178555945680
1 25119U 97084H   16015.90228994 +.00000269 +00000-0 +13448-3 0  9992,2 25119 045.0154 166.5581 0004635 192.3199 167.7537 14.38178660945696
1 25119U 97084H   16017.49998206  .00000457  00000-0  19554-3 0  9991,2 25119  45.0157 158.9823 0004811 200.5099 159.5556 14.38181094945921
1 25119U 97084H   16017.84730612 +.00000429 +00000-0 +18668-3 0  9999,2 25119 045.0157 157.3357 0004824 202.1262 157.9379 14.38181446945971
1 25119U 97084H   16018.81981308  .00000481  00000-0  20333-3 0  9997,2 25119  45.0158 152.7247 0004907 206.9548 153.1046 14.38182942946118
1 25119U 97084H   16020.48696572  .00000492  00000-0  20693-3 0  9990,2 25119  45.0161 144.8199 0005057 215.0071 145.0445 14.38185185946350
1 25119U 97084H   16020.83428865 +.00000510 +00000-0 +21303-3 0  9997,2 25119 045.0160 143.1733 0005079 216.6472 143.4030 14.38185829946404
1 25119U 97084H   16021.73732768  .00000510  00000-0  21300-3 0  9994,2 25119  45.0161 138.8915 0005166 220.8416 139.2046 14.38187274946530
1 25119U 97084H   16021.80679221 +.00000507 +00000-0 +21202-3 0  9993,2 25119 045.0161 138.5621 0005170 221.1591 138.8868 14.38187363946541
1 25119U 97084H   16023.12661796  .00000453  00000-0  19443-3 0  9992,2 25119  45.0163 132.3042 0005244 227.1617 132.8791 14.38188912946730
1 25119U 97084H   16024.23804910  .00000440  00000-0  18999-3 0  9993,2 25119  45.0163 127.0344 0005316 232.1065 127.9303 14.38190261946890
1 25119U 97084H   16025.34947949  .00000422  00000-0  18404-3 0  9997,2 25119  45.0164 121.7646 0005390 237.0884 122.9447 14.38191474947052
1 25119U 97084H   16025.69680141 +.00000389 +00000-0 +17330-3 0  9992,2 25119 045.0165 120.1179 0005407 238.6533 121.3786 14.38191679947106
1 25119U 97084H   16026.66930197  .00000373  00000-0  16833-3 0  9999,2 25119  45.0166 115.5068 0005468 243.0709 116.9581 14.38192719947248
1 25119U 97084H   16028.19751615  .00000280  00000-0  13778-3 0  9997,2 25119  45.0167 108.2609 0005549 249.9318 110.0933 14.38193848947464
1 25119U 97084H   16029.51733684  .00000266  00000-0  13322-3 0  9999,2 25119  45.0168 102.0032 0005592 255.7049 104.3179 14.38194971947658
1 25119U 97084H   16029.65626523 +.00000279 +00000-0 +13745-3 0  9990,2 25119 045.0168 101.3445 0005595 256.3361 103.6864 14.38195178947670
1 25119U 97084H   16030.62876407  .00000281  00000-0  13814-3 0  9997,2 25119  45.0168  96.7335 0005618 260.5616  99.4597 14.38195991947815
1 25119U 97084H   16031.67072629  .00000305  00000-0  14586-3 0  9991,2 25119  45.0168  91.7931 0005651 265.1024  94.9179 14.38197042947964
1 25119U 97084H   16033.19893648  .00000311  00000-0  14787-3 0  9992,2 25119  45.0168  84.5468 0005681 271.6257  88.3940 14.38198463948188
1 25119U 97084H   16034.51875366  .00000323  00000-0  15178-3 0  9994,2 25119  45.0167  78.2889 0005691 277.4976  82.5226 14.38199679948371
1 25119U 97084H   16034.58821772 +.00000297 +00000-0 +14332-3 0  9994,2 25119 045.0167 077.9596 0005692 277.8341 082.1862 14.38199599948387
1 25119U 97084H   16035.56071377  .00000293  00000-0  14204-3 0  9995,2 25119  45.0168  73.3483 0005693 282.1065  77.9146 14.38200455948523
1 25119U 97084H   16036.60267301  .00000344  00000-0  15875-3 0  9997,2 25119  45.0168  68.4078 0005683 286.6468  73.3756 14.38201729948671
1 25119U 97084H   16037.50570915  .00000385  00000-0  17228-3 0  9994,2 25119  45.0167  64.1260 0005730 290.7861  69.2373 14.38191660948808
1 25119U 97084H   16039.17285367  .00000454  00000-0  19474-3 0  9995,2 25119  45.0170  56.2211 0005684 298.2625  61.7649 14.38194224949048
1 25119U 97084H   16040.49267471  .00000489  00000-0  20619-3 0  9999,2 25119  45.0171  49.9633 0005642 304.3496  55.6819 14.38196129949233
1 25119U 97084H   16040.90945990 +.00000495 +00000-0 +20792-3 0  9993,2 25119 045.0172 047.9870 0005633 306.1931 053.8396 14.38196721949293
1 25119U 97084H   16041.81249430  .00000484  00000-0  20431-3 0  9998,2 25119  45.0172  43.7053 0005598 310.3358  49.7001 14.38197805949426
1 25119U 97084H   16041.88195848 +.00000436 +00000-0 +18873-3 0  9992,2 25119 045.0172 043.3759 0005596 310.6408 049.3954 14.38197624949435
1 25119U 97084H   16042.85445595  .00000528  00000-0  21875-3 0  9995,2 25119  45.0172  38.7647 0005555 315.1629  44.8770 14.38199426949572
1 25119U 97084H   16042.92392002 +.00000537 +00000-0 +22170-3 0  9996,2 25119 045.0172 038.4353 0005552 315.4932 044.5470 14.38199564949588
1 25119U 97084H   16044.17427243  .00000538  00000-0  22203-3 0  9999,2 25119  45.0173  32.5067 0005482 321.3589  38.6867 14.38201372949767
1 25119U 97084H   16045.21623133  .00000615  00000-0  24699-3 0  9998,2 25119  45.0174  27.5661 0005423 326.3670  33.6834 14.38203397949918
1 25119U 97084H   16046.25818935  .00000564  00000-0  23053-3 0  9995,2 25119  45.0175  22.6256 0005352 331.2362  28.8191 14.38204704950062
1 25119U 97084H   16047.30014631  .00000669  00000-0  26467-3 0  9991,2 25119  45.0176  17.6851 0005289 336.3830  23.6775 14.38206796950214
1 25119U 97084H   16047.92531930 +.00000778 +00000-0 +30030-3 0  9997,2 25119 045.0177 014.7208 0005257 339.5278 020.5359 14.38208499950301
1 25119U 97084H   16049.03673779  .00000639  00000-0  25501-3 0  9992,2 25119  45.0178   9.4510 0005174 345.0979  14.9716 14.38209549950465
1 25119U 97084H   16050.07869112  .00000605  00000-0  24383-3 0  9996,2 25119  45.0178   4.5107 0005092 350.2276   9.8473 14.38211131950610
1 25119U 97084H   16051.19010678  .00000541  00000-0  22301-3 0  9992,2 25119  45.0178 359.2410 0005011 355.9909   4.0899 14.38212648950773
1 25119U 97084H   16052.23205810  .00000478  00000-0  20232-3 0  9992,2 25119  45.0178 354.3006 0004926   1.4525 358.6337 14.38213891950924
1 25119U 97084H   16052.85722838 +.00000462 +00000-0 +19714-3 0  9990,2 25119 045.0178 351.3362 0004883 004.6861 355.4033 14.38214695951018
1 25119U 97084H   16053.82971483  .00000439  00000-0  18957-3 0  9992,2 25119  45.0178 346.7252 0004817   9.9043 350.1899 14.38215891951157
1 25119U 97084H   16053.89917793 +.00000416 +00000-0 +18216-3 0  9996,2 25119 045.0178 346.3959 0004813 010.4411 349.6537 14.38215941951168
1 25119U 97084H   16054.87166351  .00000441  00000-0  19042-3 0  9997,2 25119  45.0178 341.7848 0004745  15.8280 344.2716 14.38217289951304
1 25119U 97084H   16056.19146387  .00000390  00000-0  17370-3 0  9996,2 25119  45.0177 335.5270 0004664  23.3613 336.7447 14.38218709951492
1 25119U 97084H   16056.88609518 +.00000357 +00000-0 +16280-3 0  9994,2 25119 045.0177 332.2333 0004617 027.2764 332.8326 14.38219355951596
1 25119U 97084H   16057.78911537  .00000357  00000-0  16289-3 0  9990,2 25119  45.0177 327.9515 0004568  32.4836 327.6293 14.38220367951727
1 25119U 97084H   16057.85857835 +.00000338 +00000-0 +15682-3 0  9993,2 25119 045.0177 327.6222 0004569 033.0307 327.0827 14.38220399951733
1 25119U 97084H   16058.83106100  .00000361  00000-0  16419-3 0  9999,2 25119  45.0176 323.0112 0004511  38.6651 321.4519 14.38221501951877
1 25119U 97084H   16058.90052398 +.00000321 +00000-0 +15122-3 0  9992,2 25119 045.0176 322.6818 0004507 039.0840 321.0334 14.38221371951882
1 25119U 97084H   16060.15085782  .00000304  00000-0  14566-3 0  9997,2 25119  45.0174 316.7535 0004452  46.4789 313.6429 14.38222448952062
1 25119U 97084H   16060.91495008 +.00000299 +00000-0 +14403-3 0  9990,2 25119 045.0173 313.1304 0004410 051.1263 308.9978 14.38223146952174
1 25119U 97084H   16061.81796764  .00000360  00000-0  16399-3 0  9998,2 25119  45.0171 308.8486 0004374  56.6054 303.5212 14.38224338952302
1 25119U 97084H   16063.06829835  .00000344  00000-0  15869-3 0  9996,2 25119  45.0168 302.9199 0004333  64.3138 295.8157 14.38225530952483
1 25119U 97084H   16064.11023905  .00000374  00000-0  16860-3 0  9992,2 25119  45.0166 297.9792 0004320  70.8948 289.2368 14.38226932952635
1 25119U 97084H   16065.49949188  .00000491  00000-0  20653-3 0  9999,2 25119  45.0164 291.3916 0004293  79.3564 280.7768 14.38229166952830
1 25119U 97084H   16065.56895436 +.00000517 +00000-0 +21502-3 0  9996,2 25119 045.0164 291.0622 0004289 079.7027 280.4305 14.38229419952840
1 25119U 97084H   16066.68035359  .00000472  00000-0  20025-3 0  9999,2 25119  45.0163 285.7919 0004286  87.5653 272.5687 14.38232054953000
1 25119U 97084H   16067.79175091  .00000532  00000-0  22003-3 0  9995,2 25119  45.0162 280.5217 0004300  94.1871 265.9469 14.38234486953168
1 25119U 97084H   16067.86121319 +.00000506 +00000-0 +21162-3 0  9993,2 25119 045.0162 280.1923 0004305 094.5629 265.5711 14.38234454953170
1 25119U 97084H   16068.90314635  .00000533  00000-0  22034-3 0  9993,2 25119  45.0161 275.2515 0004321 101.2798 258.8537 14.38236297953327
1 25119U 97084H   16069.94507767  .00000810  00000-0  31058-3 0  9992,2 25119  45.0159 270.3109 0004374 107.4803 252.6524 14.38239501953477
1 25119U 97084H   16070.98700764  .00000809  00000-0  31012-3 0  9998,2 25119  45.0158 265.3700 0004392 113.5317 246.5993 14.38241625953624
1 25119U 97084H   16072.02894094  .00000977  00000-0  36506-3 0  9994,2 25119  45.0159 260.4293 0004475 121.4091 238.7195 14.38237841953775
1 25119U 97084H   16072.86248725 +.00000484 +00000-0 +20412-3 0  9992,2 25119 045.0158 256.4766 0004538 126.4088 233.7180 14.38237591953899
1 25119U 97084H   16073.83495613  .00000518  00000-0  21525-3 0  9994,2 25119  45.0157 251.8652 0004594 132.5119 227.6118 14.38239390954035
1 25119U 97084H   16073.90441806 +.00000498 +00000-0 +20879-3 0  9995,2 25119 045.0157 251.5358 0004605 132.8623 227.2613 14.38239424954046
1 25119U 97084H   16074.94634734  .00000492  00000-0  20682-3 0  9990,2 25119  45.0156 246.5947 0004654 139.0470 221.0729 14.38242264954198
1 25119U 97084H   16076.47450725  .00000539  00000-0  22202-3 0  9998,2 25119  45.0158 239.3479 0004768 148.1294 211.9844 14.38245069954418
1 25119U 97084H   16076.89127765 +.00000482 +00000-0 +20365-3 0  9994,2 25119 045.0157 237.3717 0004799 150.4470 209.6650 14.38245426954478
1 25119U 97084H   16077.79427945  .00000529  00000-0  21873-3 0  9994,2 25119  45.0158 233.0897 0004870 155.7000 204.4078 14.38246924954604
1 25119U 97084H   16077.86374111 +.00000487 +00000-0 +20518-3 0  9996,2 25119 045.0158 232.7604 0004878 156.0535 204.0541 14.38246801954617
1 25119U 97084H   16078.83620371  .00000480  00000-0  20298-3 0  9994,2 25119  45.0159 228.1489 0004962 161.4236 198.6794 14.38248130954750
1 25119U 97084H   16079.87812709  .00000430  00000-0  18671-3 0  9994,2 25119  45.0160 223.2081 0005052 167.0052 193.0927 14.38249324954905
1 25119U 97084H   16081.47574127  .00000371  00000-0  16741-3 0  9992,2 25119  45.0160 215.6322 0005196 175.7307 184.3587 14.38251071955139
1 25119U 97084H   16081.54520270 +.00000370 +00000-0 +16708-3 0  9992,2 25119 045.0160 215.3028 0005202 176.1102 183.9788 14.38251152955144
1 25119U 97084H   16082.72604674  .00000346  00000-0  15913-3 0  9994,2 25119  45.0160 209.7035 0005305 182.1927 177.8899 14.38252338955316
1 25119U 97084H   16084.11527367  .00000320  00000-0  15069-3 0  9996,2 25119  45.0160 203.1158 0005433 189.5507 170.5239 14.38253640955514
1 25119U 97084H   16085.50449940  .00000304  00000-0  14550-3 0  9996,2 25119  45.0159 196.5278 0005584 196.5348 163.5319 14.38254924955717
1 25119U 97084H   16086.75480168  .00000290  00000-0  14097-3 0  9991,2 25119  45.0160 190.5991 0005684 202.7234 157.3363 14.38256032955891
1 25119U 97084H   16087.79671964  .00000289  00000-0  14054-3 0  9993,2 25119  45.0160 185.6584 0005758 207.8141 152.2400 14.38256924956043
1 25119U 97084H   16089.11648140  .00000299  00000-0  14400-3 0  9997,2 25119  45.0161 179.4002 0005859 214.1741 145.8731 14.38258107956230
1 25119U 97084H   16090.22785869  .00000298  00000-0  14358-3 0  9992,2 25119  45.0160 174.1301 0005953 219.3884 140.6532 14.38259151956392
1 25119U 97084H   16091.47815742  .00000284  00000-0  13896-3 0  9995,2 25119  45.0160 168.2015 0006043 225.1487 134.8871 14.38260280956579
1 25119U 97084H   16091.54761842 +.00000285 +00000-0 +13936-3 0  9990,2 25119 045.0160 167.8721 0006046 225.5225 134.5129 14.38260356956583
1 25119U 97084H   16092.65899448  .00000262  00000-0  13176-3 0  9998,2 25119  45.0159 162.6020 0006113 230.6955 129.3351 14.38261196956748
1 25119U 97084H   16093.70090889  .00000267  00000-0  13330-3 0  9994,2 25119  45.0157 157.6611 0006177 235.5025 124.5241 14.38262081956893
1 25119U 97084H   16095.15958822  .00000269  00000-0  13396-3 0  9999,2 25119  45.0156 150.7437 0006259 242.1336 117.8878 14.38263229957103
1 25119U 97084H   16096.47934479  .00000273  00000-0  13547-3 0  9990,2 25119  45.0155 144.4853 0006310 248.0319 111.9859 14.38264338957294
1 25119U 97084H   16096.54880565 +.00000273 +00000-0 +13533-3 0  9999,2 25119 045.0155 144.1560 0006311 248.3780 111.6397 14.38264394957300
1 25119U 97084H   16097.59071819  .00000242  00000-0  12525-3 0  9995,2 25119  45.0156 139.2150 0006346 253.0682 106.9471 14.38265086957458
1 25119U 97084H   16099.11885596  .00000208  00000-0  11435-3 0  9991,2 25119  45.0156 131.9683 0006395 259.9477 100.0650 14.38266014957679
1 25119U 97084H   16100.16076794  .00000168  00000-0  10111-3 0  9996,2 25119  45.0156 127.0273 0006418 264.4675  95.5442 14.38266401957821
1 25119U 97084H   16101.48052293  .00000104  00000-0  80292-4 0  9998,2 25119  45.0156 120.7689 0006424 270.4190  89.5922 14.38266734958015
1 25119U 97084H   16103.07812059  .00000043  00000-0  60367-4 0  9992,2 25119  45.0156 113.1927 0006425 277.5250  82.4868 14.38267146958246
1 25119U 97084H   16104.18949315  .00000017  00000-0  52002-4 0  9999,2 25119  45.0156 107.9223 0006407 282.6060  77.4072 14.38267318958402
1 25119U 97084H   16105.37032630  .00000005  00000-0  47919-4 0  9992,2 25119  45.0157 102.3225 0006380 287.9856  72.0297 14.38267495958579
1 25119U 97084H   16106.41223752  .00000030  00000-0  56101-4 0  9996,2 25119  45.0158  97.3815 0006348 292.7047  67.3130 14.38267918958728
1 25119U 97084H   16107.80145201  .00000044  00000-0  60921-4 0  9992,2 25119  45.0161  90.7936 0006302 298.7988  61.2228 14.38268526958922
1 25119U 97084H   16107.87091271 +.00000061 +00000-0 +66288-4 0  9997,2 25119 045.0161 090.4642 0006301 299.0715 060.9502 14.38268639958931
1 25119U 97084H   16109.12120529  .00000070  00000-0  69399-4 0  9992,2 25119  45.0163  84.5351 0006233 304.8729  55.1533 14.38269311959117
1 25119U 97084H   16110.16311494  .00000131  00000-0  89046-4 0  9990,2 25119  45.0165  79.5944 0006172 309.7780  50.2525 14.38270312959260
1 25119U 97084H   16111.34394492  .00000203  00000-0  11256-3 0  9997,2 25119  45.0166  73.9949 0006107 315.1593  44.8762 14.38271601959438
1 25119U 97084H   16113.14991930  .00000249  00000-0  12742-3 0  9998,2 25119  45.0168  65.4308 0005985 323.6524  36.3917 14.38273252959696
1 25119U 97084H   16114.19182672  .00000255  00000-0  12958-3 0  9995,2 25119  45.0169  60.4901 0005905 328.6909  31.3588 14.38274210959846
1 25119U 97084H   16115.30319380  .00000249  00000-0  12770-3 0  9992,2 25119  45.0171  55.2199 0005813 334.0810  25.9747 14.38275204960000
1 25119U 97084H   16115.78941676 +.00000230 +00000-0 +12129-3 0  9991,2 25119 045.0171 052.9141 0005775 336.2964 023.7618 14.38275483960071
1 25119U 97084H   16116.83132283  .00000236  00000-0  12349-3 0  9994,2 25119  45.0173  47.9734 0005680 341.5036  18.5605 14.38276316960220
1 25119U 97084H   16116.90078321 +.00000236 +00000-0 +12334-3 0  9998,2 25119 045.0173 047.6440 0005672 341.8701 018.1945 14.38276375960233
1 25119U 97084H   16118.22052983  .00000272  00000-0  13494-3 0  9999,2 25119  45.0175  41.3858 0005556 348.5895  11.4827 14.38277643960423
1 25119U 97084H   16119.26243419  .00000276  00000-0  13624-3 0  9999,2 25119  45.0176  36.4451 0005469 354.0144   6.0639 14.38278634960578
1 25119U 97084H   16119.88757646 +.00000269 +00000-0 +13398-3 0  9999,2 25119 045.0176 033.4807 0005411 357.2335 002.8483 14.38279181960663
1 25119U 97084H   16120.79055927  .00000275  00000-0  13607-3 0  9994,2 25119  45.0177  29.1988 0005337   2.0628 358.0242 14.38280072960797
1 25119U 97084H   16122.11030260  .00000329  00000-0  15358-3 0  9990,2 25119  45.0177  22.9408 0005229   9.1947 350.8996 14.38281519960981
1 25119U 97084H   16123.15220428  .00000332  00000-0  15449-3 0  9997,2 25119  45.0176  18.0001 0005141  14.7386 345.3612 14.38282459961133
1 25119U 97084H   16124.47194526  .00000345  00000-0  15875-3 0  9999,2 25119  45.0176  11.7417 0005034  21.9064 338.1999 14.38283762961325
1 25119U 97084H   16125.51384499  .00000318  00000-0  15009-3 0  9994,2 25119  45.0176   6.8009 0004954  27.8221 332.2891 14.38284688961477
1 25119U 97084H   16125.79168484 +.00000308 +00000-0 +14676-3 0  9996,2 25119 045.0175 005.4833 0004933 029.4283 330.6843 14.38284913961514
1 25119U 97084H   16126.69466385  .00000285  00000-0  13924-3 0  9996,2 25119  45.0175   1.2013 0004872  34.6011 325.5154 14.38285694961646
1 25119U 97084H   16126.76412376 +.00000280 +00000-0 +13778-3 0  9997,2 25119 045.0175 000.8719 0004867 034.9846 325.1322 14.38285738961650
1 25119U 97084H   16127.73656205  .00000274  00000-0  13558-3 0  9995,2 25119  45.0175 356.2604 0004802  40.7925 319.3282 14.38286637961797
1 25119U 97084H   16129.05629841  .00000304  00000-0  14542-3 0  9996,2 25119  45.0174 350.0020 0004715  48.9705 311.1550 14.38288077961988
1 25119U 97084H   16130.51495221  .00000302  00000-0  14483-3 0  9994,2 25119  45.0173 343.0848 0004632  57.8406 302.2892 14.38289685962192
1 25119U 97084H   16130.72333125 +.00000294 +00000-0 +14218-3 0  9997,2 25119 045.0172 342.0967 0004637 059.1583 300.9722 14.38289879962224
1 25119U 97084H   16131.97360419  .00000343  00000-0  15809-3 0  9993,2 25119  45.0171 336.1676 0004593  66.9961 293.1371 14.38291597962404
1 25119U 97084H   16132.66819995 +.00000326 +00000-0 +15265-3 0  9995,2 25119 045.0170 332.8735 0004569 071.2840 288.8504 14.38292232962507
1 25119U 97084H   16133.84901185  .00000285  00000-0  13914-3 0  9992,2 25119  45.0169 327.2738 0004535  79.0536 281.0822 14.38293195962672
1 25119U 97084H   16133.91847163 +.00000273 +00000-0 +13539-3 0  9995,2 25119 045.0169 326.9444 0004526 079.3553 280.7806 14.38293108962687
1 25119U 97084H   16134.96036426  .00000264  00000-0  13253-3 0  9996,2 25119  45.0168 322.0034 0004527  85.0107 275.1258 14.38293872962832
1 25119U 97084H   16136.55793082  .00000278  00000-0  13698-3 0  9999,2 25119  45.0169 314.4269 0004491  96.0140 264.1221 14.38295275963060
1 25119U 97084H   16137.66928036  .00000297  00000-0  14301-3 0  9994,2 25119  45.0170 309.1565 0004506 102.9251 257.2101 14.38296369963222
1 25119U 97084H   16139.54468106  .00000285  00000-0  13929-3 0  9992,2 25119  45.0170 300.2628 0004550 114.4712 245.6612 14.38297896963496
1 25119U 97084H   16139.75305882 +.00000290 +00000-0 +14099-3 0  9991,2 25119 045.0170 299.2748 0004561 115.6173 244.5147 14.38298087963520
1 25119U 97084H   16140.58656916  .00000289  00000-0  14054-3 0  9990,2 25119  45.0170 295.3221 0004593 120.8695 239.2605 14.38298849963644
1 25119U 97084H   16141.76737464  .00000281  00000-0  13795-3 0  9992,2 25119  45.0168 289.7228 0004653 127.8917 232.2353 14.38299939963819
1 25119U 97084H   16143.50385153  .00000254  00000-0  12901-3 0  9998,2 25119  45.0167 281.4879 0004758 138.2203 221.9009 14.38301422964061
1 25119U 97084H   16143.57331055 +.00000252 +00000-0 +12859-3 0  9997,2 25119 045.0166 281.1584 0004777 138.7021 221.4189 14.38301470964072
1 25119U 97084H   16145.17086821  .00000191  00000-0  10876-3 0  9992,2 25119  45.0166 273.5823 0004861 147.8415 212.2731 14.38302294964307
1 25119U 97084H   16146.49058906  .00000147  00000-0  94332-4 0  9992,2 25119  45.0167 267.3237 0004969 155.7721 204.3362 14.38302785964492
1 25119U 97084H   16146.69896590 +.00000162 +00000-0 +99087-4 0  9992,2 25119 045.0165 266.3354 0005022 156.5726 203.5352 14.38302978964522
1 25119U 97084H   16148.15760325  .00000141  00000-0  92483-4 0  9991,2 25119  45.0165 259.4180 0005131 164.6092 195.4914 14.38303823964735
1 25119U 97084H   16149.40786294  .00000140  00000-0  92147-4 0  9999,2 25119  45.0165 253.4889 0005242 171.2699 188.8242 14.38304680964917
1 25119U 97084H   16149.68569837 +.00000141 +00000-0 +92450-4 0  9999,2 25119 045.0165 252.1715 0005251 172.6942 187.3983 14.38304865964952
1 25119U 97084H   16150.72758072  .00000159  00000-0  98201-4 0  9996,2 25119  45.0164 247.2307 0005342 178.3936 181.6930 14.38305640965109
1 25119U 97084H   16152.11675627  .00000183  00000-0  10605-3 0  9993,2 25119  45.0162 240.6429 0005457 185.7741 174.3045 14.38306690965306
1 25119U 97084H   16152.60296748 +.00000188 +00000-0 +10752-3 0  9998,2 25119 045.0162 238.3372 0005498 188.3009 171.7749 14.38307054965372
1 25119U 97084H   16153.22809598  .00000195  00000-0  10973-3 0  9993,2 25119  45.0160 235.3726 0005547 191.6127 168.4595 14.38307528965461
1 25119U 97084H   16154.40889387  .00000192  00000-0  10885-3 0  9997,2 25119  45.0159 229.7729 0005619 197.5657 162.4998 14.38308389965638
1 25119U 97084H   16155.52023239  .00000203  00000-0  11260-3 0  9998,2 25119  45.0158 224.5025 0005710 203.0463 157.0130 14.38309247965798
1 25119U 97084H   16155.58969102 +.00000205 +00000-0 +11318-3 0  9998,2 25119 045.0157 224.1731 0005716 203.3323 156.7266 14.38309308965807
1 25119U 97084H   16156.56211183  .00000205  00000-0  11324-3 0  9993,2 25119  45.0157 219.5615 0005791 208.0655 151.9882 14.38309928965943
1 25119U 97084H   16157.60399076  .00000205  00000-0  11308-3 0  9999,2 25119  45.0156 214.6204 0005863 213.1299 146.9183 14.38310592966097
1 25119U 97084H   16157.95128350 +.00000222 +00000-0 +11859-3 0  9992,2 25119 045.0156 212.9734 0005893 214.8819 145.1644 14.38310938966148
1 25119U 97084H   16159.20153756  .00000173  00000-0  10263-3 0  9993,2 25119  45.0155 207.0440 0005988 220.5891 139.4512 14.38311472966329
1 25119U 97084H   16159.61828888 +.00000149 +00000-0 +94996-4 0  9992,2 25119 045.0154 205.0678 0006005 222.5165 137.5219 14.38311615966384
1 25119U 97084H   16160.52124992  .00000092  00000-0  76396-4 0  9990,2 25119  45.0153 200.7856 0006054 226.6204 133.4140 14.38311827966514
1 25119U 97084H   16162.18825489  .00000007  00000-0  48749-4 0  9990,2 25119  45.0151 192.8799 0006142 234.4127 125.6149 14.38312036966759
1 25119U 97084H   16163.43850839  .00000005  00000-0  48158-4 0  9998,2 25119  45.0150 186.9506 0006207 239.9279 120.0955 14.38312348966938
1 25119U 97084H   16164.48038597  .00000021  00000-0  53344-4 0  9994,2 25119  45.0149 182.0095 0006244 244.8228 115.1973 14.38312752967087
1 25119U 97084H   16166.14738902  .00000103  00000-0  79875-4 0  9994,2 25119  45.0149 174.1035 0006302 252.2470 107.7691 14.38313955967327
1 25119U 97084H   16167.39764061  .00000145  00000-0  93571-4 0  9992,2 25119  45.0150 168.1741 0006310 257.7907 102.2235 14.38314906967501
1 25119U 97084H   16167.81439100 +.00000157 +00000-0 +97431-4 0  9994,2 25119 045.0151 166.1977 0006320 259.7075 100.3061 14.38315234967567
1 25119U 97084H   16168.78680828  .00000169  00000-0  10154-3 0  9995,2 25119  45.0152 161.5860 0006332 263.8495  96.1632 14.38315935967703
1 25119U 97084H   16168.85626662 +.00000173 +00000-0 +10280-3 0  9994,2 25119 045.0152 161.2565 0006336 264.1039 095.9087 14.38315996967713
1 25119U 97084H   16169.82868365  .00000150  00000-0  95356-4 0  9993,2 25119  45.0153 156.6449 0006348 268.2077  91.8044 14.38316509967857
1 25119U 97084H   16169.96760039 +.00000149 +00000-0 +94835-4 0  9996,2 25119 045.0152 155.9860 0006340 268.8860 091.1262 14.38316579967877
1 25119U 97084H   16171.00947544  .00000136  00000-0  90709-4 0  9994,2 25119  45.0153 151.0449 0006328 273.4201  86.5923 14.38317211968029
1 25119U 97084H   16172.12080869  .00000096  00000-0  77683-4 0  9997,2 25119  45.0153 145.7744 0006278 278.3802  81.6335 14.38317679968180
1 25119U 97084H   16173.30160012  .00000058  00000-0  65260-4 0  9993,2 25119  45.0155 140.1746 0006258 283.5724  76.4427 14.38318042968350
1 25119U 97084H   16173.78780873 +.00000031 +00000-0 +56518-4 0  9995,2 25119 045.0155 137.8686 0006199 286.0373 073.9793 14.38317977968420
1 25119U 97084H   16174.89914329  .00000039  00000-0  59029-4 0  9991,2 25119  45.0156 132.5980 0006171 290.3192  69.6993 14.38316830968585
1 25119U 97084H   16176.21885299  .00000046  00000-0  61473-4 0  9996,2 25119  45.0157 126.3391 0006079 296.1501  63.8722 14.38316901968774
1 25119U 97084H   16177.33018728 -.00000023  00000-0  38770-4 0  9995,2 25119  45.0159 121.0688 0006036 301.4306  58.5952 14.38317003968931
1 25119U 97084H   16177.88585425 -.00000025 +00000-0 +38174-4 0  9998,2 25119 045.0161 118.4335 0006004 303.8627 056.1650 14.38317151969013
1 25119U 97084H   16178.85827111  .00000019  00000-0  52542-4 0  9994,2 25119  45.0163 113.8219 0005943 308.1751  51.8562 14.38317728969151
1 25119U 97084H   16180.17797920  .00000082  00000-0  73016-4 0  9995,2 25119  45.0165 107.5635 0005860 314.2384  45.7983 14.38318669969348
1 25119U 97084H   16180.87256221 +.00000085 +00000-0 +74170-4 0  9991,2 25119 045.0166 104.2696 0005820 317.4308 042.6089 14.38319021969444
1 25119U 97084H   16181.77551987  .00000087  00000-0  74770-4 0  9996,2 25119  45.0166  99.9874 0005742 321.5878  38.4561 14.38319509969576
1 25119U 97084H   16181.84497816 +.00000085 +00000-0 +74083-4 0  9999,2 25119 045.0167 099.6581 0005738 321.9942 038.0501 14.38319551969588
1 25119U 97084H   16182.81739372  .00000074  00000-0  70593-4 0  9993,2 25119  45.0167  95.0465 0005675 326.4631  33.5858 14.38320072969725
1 25119U 97084H   16182.88685195 +.00000072 +00000-0 +69727-4 0  9998,2 25119 045.0167 094.7172 0005664 326.7639 033.2853 14.38320106969736
1 25119U 97084H   16184.13710038  .00000056  00000-0  64682-4 0  9990,2 25119  45.0168  88.7880 0005547 332.7557  27.3000 14.38320648969911
1 25119U 97084H   16185.17897404  .00000038  00000-0  58752-4 0  9999,2 25119  45.0169  83.8470 0005448 337.7538  22.3074 14.38320901970063
1 25119U 97084H   16185.87355637 +.00000030 +00000-0 +56295-4 0  9995,2 25119 045.0169 080.5529 0005389 341.1001 018.9647 14.38321049970162
1 25119U 97084H   16186.84597137  .00000029  00000-0  55997-4 0  9992,2 25119  45.0170  75.9412 0005289 345.9386  14.1315 14.38321332970301
1 25119U 97084H   16186.91542955 +.00000033 +00000-0 +57304-4 0  9997,2 25119 045.0170 075.6119 0005281 346.2742 013.7962 14.38321380970311
1 25119U 97084H   16188.09621865  .00000057  00000-0  65028-4 0  9994,2 25119  45.0171  70.0122 0005157 352.4008   7.6762 14.38321980970485
1 25119U 97084H   16188.79080014 +.00000074 +00000-0 +70548-4 0  9998,2 25119 045.0172 066.7181 0005089 355.7714 004.3091 14.38322395970588
1 25119U 97084H   16189.69375585  .00000079  00000-0  72176-4 0  9992,2 25119  45.0172  62.4359 0005011   0.3248 359.7603 14.38322865970711
1 25119U 97084H   16189.76321398 +.00000078 +00000-0 +71779-4 0  9990,2 25119 045.0172 062.1066 0005003 000.6939 359.3916 14.38322897970723
1 25119U 97084H   16190.80508550  .00000098  00000-0  78491-4 0  9994,2 25119  45.0173  57.1657 0004904   6.2312 353.8597 14.38323554970871
1 25119U 97084H   16191.84695660  .00000138  00000-0  91437-4 0  9998,2 25119  45.0173  52.2247 0004804  11.7776 348.3184 14.38324291971024
1 25119U 97084H   16193.02774323  .00000154  00000-0  96505-4 0  9993,2 25119  45.0172  46.6250 0004681  18.2746 341.8270 14.38325012971190
1 25119U 97084H   16194.55581892  .00000189  00000-0  10792-3 0  9990,2 25119  45.0172  39.3779 0004535  26.7348 333.3734 14.38326148971412
1 25119U 97084H   16194.90310876 +.00000169 +00000-0 +10147-3 0  9993,2 25119 045.0172 037.7310 0004503 028.8162 331.2935 14.38326261971468
1 25119U 97084H   16195.66714613  .00000168  00000-0  10102-3 0  9994,2 25119  45.0172  34.1074 0004448  33.0562 327.0564 14.38326721971570
1 25119U 97084H   16196.91738854  .00000194  00000-0  10946-3 0  9991,2 25119  45.0172  28.1782 0004353  40.4057 319.7115 14.38327574971752
1 25119U 97084H   16197.95925659  .00000144  00000-0  93221-4 0  9990,2 25119  45.0173  23.2371 0004263  46.8319 313.2885 14.38327911971909
1 25119U 97084H   16199.48732879  .00000159  00000-0  98172-4 0  9996,2 25119  45.0174  15.9902 0004156  56.0485 304.0758 14.38328904972121
1 25119U 97084H   16199.90407545 +.00000157 +00000-0 +97593-4 0  9996,2 25119 045.0174 014.0138 0004135 058.7533 301.3720 14.38329201972188
1 25119U 97084H   16200.80702631  .00000143  00000-0  92966-4 0  9996,2 25119  45.0175   9.7316 0004087  64.3441 295.7830 14.38329742972318
1 25119U 97084H   16200.87648403 +.00000102 +00000-0 +79631-4 0  9998,2 25119 045.0175 009.4023 0004086 064.8041 295.3231 14.38329584972326
1 25119U 97084H   16202.05726532  .00000108  00000-0  81669-4 0  9990,2 25119  45.0175   3.8026 0004040  72.1049 288.0239 14.38330373972490
1 25119U 97084H   16203.44641875  .00000138  00000-0  91350-4 0  9991,2 25119  45.0175 357.2143 0003987  81.0309 279.0991 14.38331349972694
1 25119U 97084H   16204.48828295  .00000156  00000-0  97093-4 0  9999,2 25119  45.0175 352.2733 0003960  87.8120 272.3182 14.38332157972843
1 25119U 97084H   16204.83557084 +.00000156 +00000-0 +97315-4 0  9990,2 25119 045.0174 350.6264 0003959 089.9563 270.1739 14.38332429972896
1 25119U 97084H   16205.80797673  .00000144  00000-0  93152-4 0  9990,2 25119  45.0174 346.0146 0003958  96.1499 263.9801 14.38333043973031
1 25119U 97084H   16205.87743430 +.00000136 +00000-0 +90577-4 0  9998,2 25119 045.0174 345.6852 0003959 096.5675 263.5625 14.38333047973046
1 25119U 97084H   16206.84983984  .00000096  00000-0  77781-4 0  9993,2 25119  45.0175 341.0735 0003965 102.8151 257.3141 14.38333462973184
1 25119U 97084H   16208.51682012  .00000084  00000-0  73702-4 0  9993,2 25119  45.0176 333.1678 0003990 113.1807 246.9463 14.38334251973429
1 25119U 97084H   16208.86410758 +.00000086 +00000-0 +74324-4 0  9990,2 25119 045.0176 331.5210 0003990 115.4402 244.6860 14.38334405973471
1 25119U 97084H   16209.76705481  .00000053  00000-0  63740-4 0  9994,2 25119  45.0175 327.2388 0004014 121.1509 238.9733 14.38334584973606
1 25119U 97084H   16210.60054431 +.00000046 +00000-0 +61264-4 0  9992,2 25119 045.0175 323.2860 0004040 126.3956 233.7266 14.38334853973725
1 25119U 97084H   16211.50349082  .00000038  00000-0  58846-4 0  9994,2 25119  45.0174 319.0038 0004075 132.0563 228.0633 14.38335229973857
1 25119U 97084H   16211.78132043 +.00000045 +00000-0 +60978-4 0  9998,2 25119 045.0174 317.6864 0004090 133.6669 226.4519 14.38335400973899
1 25119U 97084H   16212.75372392  .00000044  00000-0  60606-4 0  9996,2 25119  45.0173 313.0748 0004141 139.5178 220.5979 14.38335827974031
1 25119U 97084H   16214.49015784  .00000079  00000-0  72014-4 0  9992,2 25119  45.0171 304.8397 0004240 149.9278 210.1815 14.38336724974281
1 25119U 97084H   16214.69852985 +.00000084 +00000-0 +73810-4 0  9997,2 25119 045.0170 303.8515 0004256 151.0236 209.0849 14.38336833974315
1 25119U 97084H   16215.74038958  .00000087  00000-0  74612-4 0  9994,2 25119  45.0169 298.9103 0004324 157.0598 203.0445 14.38337287974469
1 25119U 97084H   16217.19899222  .00000121  00000-0  85873-4 0  9994,2 25119  45.0166 291.9926 0004420 165.2372 194.8606 14.38338240974679
1 25119U 97084H   16218.51867962  .00000099  00000-0  78550-4 0  9995,2 25119  45.0165 285.7340 0004520 172.4150 187.6767 14.38338866974867
1 25119U 97084H   16218.65759402 +.00000100 +00000-0 +78895-4 0  9994,2 25119 045.0165 285.0752 0004530 173.0730 187.0182 14.38338957974887
1 25119U 97084H   16219.62999468  .00000117  00000-0  84456-4 0  9998,2 25119  45.0164 280.4635 0004600 178.3235 181.7629 14.38339569975025
1 25119U 97084H   16220.67185211  .00000120  00000-0  85556-4 0  9994,2 25119  45.0162 275.5224 0004680 183.7950 176.2863 14.38340149975175
1 25119U 97084H   16222.19990876  .00000119  00000-0  85240-4 0  9992,2 25119  45.0159 268.2753 0004797 191.6344 168.4394 14.38341054975393
1 25119U 97084H   16223.51959360  .00000122  00000-0  86229-4 0  9994,2 25119  45.0157 262.0166 0004884 198.0838 161.9838 14.38341810975589
1 25119U 97084H   16223.58905070 +.00000117 +00000-0 +84442-4 0  9999,2 25119 045.0156 261.6872 0004884 198.4887 161.5784 14.38341811975593
1 25119U 97084H   16224.56145003 +.00000059 +00000-0 +65705-4 0  9996,2 25119 045.0155 257.0755 0004944 203.2354 156.8272 14.38341890975734
1 25119U 97084H   16225.53383548 +.00000086 +00000-0 +74211-4 0  9994,2 25119 045.0156 252.4633 0005030 209.3653 150.6914 14.38370325975870
1 25119U 97084H   16226.50621544 -.00000014 +00000-0 +41802-4 0  9995,2 25119 045.0155 247.8514 0005087 213.9863 146.0660 14.38370375976010
1 25119U 97084H   16227.47859540 -.00000097 +00000-0 +14957-4 0  9993,2 25119 045.0154 243.2393 0005157 218.4556 141.5925 14.38370191976156
1 25119U 97084H   16228.17315249 -.00000106  00000-0  12039-4 0  9994,2 25119  45.0153 239.9450 0005200 221.6277 138.4176 14.38370178976255
1 25119U 97084H   16229.42335620 -.00000289  00000-0 -47665-4 0  9994,2 25119  45.0169 234.0136 0005132 227.1347 132.9071 14.38369230976432
1 25119U 97084H   16229.84009082 -.00000316 +00000-0 -56300-4 0  9997,2 25119 045.0169 232.0371 0005143 229.0943 130.9461 14.38369058976491
1 25119U 97084H   16230.46519288 -.00000310  00000-0 -54465-4 0  9995,2 25119  45.0169 229.0723 0005174 231.9087 128.1296 14.38368897976588
1 25119U 97084H   16232.13213197 -.00000296  00000-0 -49763-4 0  9999,2 25119  45.0169 221.1659 0005246 239.4592 120.5739 14.38368464976828
1 25119U 97084H   16233.17396921 -.00000278  00000-0 -44029-4 0  9991,2 25119  45.0168 216.2246 0005270 244.1346 115.8959 14.38368279976972
1 25119U 97084H   16234.42417346 -.00000259  00000-0 -38003-4 0  9999,2 25119  45.0170 210.2949 0005284 249.5151 110.5131 14.38369277977151
1 25119U 97084H   16234.91036409 -.00000264 +00000-0 -39333-4 0  9993,2 25119 045.0170 207.9889 0005289 251.7093 108.3180 14.38369036977222
1 25119U 97084H   16236.09111249 -.00000221  00000-0 -25462-4 0  9991,2 25119  45.0170 202.3889 0005288 257.0386 102.9873 14.38369225977391
1 25119U 97084H   16237.13294861  .00000090  00000-0  75648-4 0  9992,2 25119  45.0156 197.4491 0005377 260.8235  99.2006 14.38370377977545
1 25119U 97084H   16238.17478465  .00000103  00000-0  79695-4 0  9992,2 25119  45.0157 192.5078 0005371 265.2415  94.7821 14.38370902977691
1 25119U 97084H   16239.28607586  .00000122  00000-0  86170-4 0  9990,2 25119  45.0158 187.2371 0005351 269.9032  90.1204 14.38371626977850
1 25119U 97084H   16240.32791093  .00000121  00000-0  85817-4 0  9990,2 25119  45.0160 182.2958 0005326 274.3033  85.7207 14.38372299978000
1 25119U 97084H   16241.36974579  .00000118  00000-0  84630-4 0  9995,2 25119  45.0161 177.3546 0005293 278.7347  81.2902 14.38372919978156
1 25119U 97084H   16241.92539085 +.00000116 +00000-0 +83968-4 0  9997,2 25119 045.0161 174.7192 0005280 281.0039 079.0216 14.38373248978233
1 25119U 97084H   16242.82831410  .00000155  00000-0  96847-4 0  9997,2 25119  45.0161 170.4368 0005240 284.9054  75.1214 14.38373909978369
1 25119U 97084H   16242.89776957 +.00000166 +00000-0 +10034-3 0  9993,2 25119 045.0161 170.1074 0005235 285.1372 074.8897 14.38374056978378
1 25119U 97084H   16244.14797038  .00000167  00000-0  10053-3 0  9998,2 25119  45.0161 164.1778 0005182 290.3755  69.6536 14.38374704978558
1 25119U 97084H   16244.84252615 +.00000175 +00000-0 +10329-3 0  9997,2 25119 045.0161 160.8835 0005156 293.2519 066.7787 14.38375117978652
1 25119U 97084H   16245.18980406  .00000185  00000-0  10646-3 0  9994,2 25119  45.0161 159.2365 0005135 294.7245  65.3068 14.38375337978708
1 25119U 97084H   16246.23163708  .00000234  00000-0  12231-3 0  9996,2 25119  45.0161 154.2951 0005074 299.2459  60.7882 14.38376269978857
1 25119U 97084H   16247.82911374  .00000209  00000-0  11433-3 0  9997,2 25119  45.0163 146.7185 0004961 306.2206  53.8184 14.38377156979087
1 25119U 97084H   16247.89856907 +.00000220 +00000-0 +11787-3 0  9999,2 25119 045.0163 146.3890 0004966 306.4529 053.5862 14.38377289979099
1 25119U 97084H   16249.14876695  .00000252  00000-0  12817-3 0  9995,2 25119  45.0163 140.4596 0004880 312.0074  48.0359 14.38378395979279
1 25119U 97084H   16249.91277635 +.00000257 +00000-0 +13000-3 0  9999,2 25119 045.0163 136.8360 0004818 315.2851 044.7609 14.38379028979383
1 25119U 97084H   16250.74624083  .00000228  00000-0  12047-3 0  9993,2 25119  45.0163 132.8830 0004752 318.9110  41.1380 14.38379555979502
1 25119U 97084H   16251.78807094  .00000190  00000-0  10803-3 0  9999,2 25119  45.0162 127.9418 0004651 323.5940  36.4592 14.38380249979659
1 25119U 97084H   16253.03826647  .00000171  00000-0  10202-3 0  9996,2 25119  45.0161 122.0122 0004546 329.3882  30.6701 14.38381128979833
1 25119U 97084H   16254.08009578  .00000176  00000-0  10351-3 0  9998,2 25119  45.0161 117.0709 0004457 334.2003  25.8623 14.38381792979981
1 25119U 97084H   16255.12192482  .00000144  00000-0  93323-4 0  9997,2 25119  45.0160 112.1294 0004345 339.0102  21.0568 14.38382152980130
1 25119U 97084H   16255.88593242 +.00000151 +00000-0 +95315-4 0  9990,2 25119 045.0160 108.5056 0004261 342.5238 017.5463 14.38382583980245
1 25119U 97084H   16256.64993975  .00000147  00000-0  94258-4 0  9992,2 25119  45.0159 104.8818 0004187 346.1559  13.9174 14.38383001980358
1 25119U 97084H   16256.92776060 +.00000144 +00000-0 +93067-4 0  9991,2 25119 045.0159 103.5642 0004163 347.5823 012.4922 14.38383132980396
1 25119U 97084H   16257.96958691  .00000122  00000-0  85933-4 0  9997,2 25119  45.0155  98.6227 0004057 352.3014   7.7772 14.38384774980543
1 25119U 97084H   16259.35868798  .00000122  00000-0  85896-4 0  9998,2 25119  45.0161  92.0339 0003950 359.4138   0.6705 14.38386554980746
1 25119U 97084H   16260.40051290  .00000135  00000-0  90194-4 0  9998,2 25119  45.0162  87.0924 0003857   4.7149 355.3736 14.38387405980895
1 25119U 97084H   16261.51179148  .00000147  00000-0  94131-4 0  9992,2 25119  45.0160  81.8211 0003661  11.5985 348.4947 14.38388697981051
1 25119U 97084H   16261.92852041 +.00000139 +00000-0 +91453-4 0  9992,2 25119 045.0162 079.8449 0003650 012.9407 347.1535 14.38389587981110
1 25119U 97084H   16262.83143304  .00000129  00000-0  88419-4 0  9995,2 25119  45.0163  75.5622 0003525  17.8887 342.2085 14.38390618981241
1 25119U 97084H   16262.90088790 +.00000129 +00000-0 +88388-4 0  9995,2 25119 045.0163 075.2327 0003537 018.3174 341.7801 14.38390602981252
1 25119U 97084H   16263.87325475  .00000153  00000-0  96186-4 0  9998,2 25119  45.0163  70.6206 0003418  23.5041 336.5964 14.38391628981392
1 25119U 97084H   16264.91507591  .00000156  00000-0  96945-4 0  9991,2 25119  45.0165  65.6791 0003346  29.4327 330.6710 14.38392361981545
1 25119U 97084H   16266.44307922  .00000185  00000-0  10650-3 0  9997,2 25119  45.0167  58.4314 0003192  38.2216 321.8858 14.38393469981761
1 25119U 97084H   16266.79035260 +.00000200 +00000-0 +11133-3 0  9993,2 25119 045.0168 056.7844 0003201 040.3546 319.7539 14.38393784981810
1 25119U 97084H   16267.90162665  .00000182  00000-0  10560-3 0  9999,2 25119  45.0169  51.5135 0003148  47.1762 312.9351 14.38394509981972
1 25119U 97084H   16269.42962731  .00000230  00000-0  12106-3 0  9992,2 25119  45.0172  44.2660 0003036  56.6616 303.4523 14.38395946982194
1 25119U 97084H   16270.47144550  .00000173  00000-0  10255-3 0  9999,2 25119  45.0174  39.3247 0002950  63.3029 296.8121 14.38396349982343
1 25119U 97084H   16271.79108100  .00000212  00000-0  11517-3 0  9992,2 25119  45.0175  33.0660 0002885  71.6090 288.5072 14.38397396982538
1 25119U 97084H   16273.11071522  .00000253  00000-0  12866-3 0  9990,2 25119  45.0177  26.8070 0002818  80.2519 279.8648 14.38398553982722
1 25119U 97084H   16274.15253092  .00000279  00000-0  13701-3 0  9996,2 25119  45.0178  21.8658 0002795  87.1941 272.9228 14.38399529982877
1 25119U 97084H   16275.47216268  .00000286  00000-0  13924-3 0  9991,2 25119  45.0178  15.6068 0002766  96.2602 263.8561 14.38400822983066
1 25119U 97084H   16276.51397667  .00000264  00000-0  13230-3 0  9996,2 25119  45.0179  10.6656 0002762 103.3098 256.8059 14.38401607983213
1 25119U 97084H   16276.65288516 +.00000266 +00000-0 +13288-3 0  9998,2 25119 045.0179 010.0068 0002762 104.1739 255.9417 14.38401735983237
1 25119U 97084H   16277.62524400  .00000269  00000-0  13380-3 0  9997,2 25119  45.0179   5.3950 0002760 110.7843 249.3302 14.38402601983379
1 25119U 97084H   16278.66705611  .00000285  00000-0  13897-3 0  9998,2 25119  45.0179   0.4537 0002774 117.7796 242.3334 14.38403678983525
1 25119U 97084H   16279.70886736  .00000290  00000-0  14055-3 0  9995,2 25119  45.0179 355.5124 0002795 124.6180 235.4933 14.38404769983674
