1 25118U 97084G   15002.64871868  .00000665  00000-0  26776-3 0  9999,2 25118 045.0162 158.9144 0003939 144.5756 277.0823 14.37411240891256
1 25118U 97084G   15003.91527564  .00000774  00000-0  30375-3 0  9992,2 25118 045.0164 152.9166 0004020 151.2559 350.7861 14.37413274891434
1 25118U 97084G   15005.49165014  .00000929  00000-0  35495-3 0  9995,2 25118 045.0165 145.4517 0004137 160.2156 226.9886 14.37417949891652
1 25118U 97084G   15007.51056456  .00001085  00000-0  40651-3 0  9993,2 25118 045.0165 135.8913 0004278 171.1535 233.4770 14.37424103891940
1 25118U 97084G   15008.85031146  .00001176  00000-0  43681-3 0  9997,2 25118 045.0166 129.5469 0004364 177.7714 326.4047 14.37430268892146
1 25118U 97084G   15010.50149516  .00001139  00000-0  42447-3 0  9991,2 25118 045.0168 121.7278 0004500 185.4734 231.4486 14.37435092892388
1 25118U 97084G   15011.70172920  .00001151  00000-0  42854-3 0  9995,2 25118 045.0168 116.0440 0004582 191.4652 322.4103 14.37439559892550
1 25118U 97084G   15012.74685293  .00001047  00000-0  39398-3 0  9995,2 25118 045.0169 111.0948 0004649 196.3732 331.0319 14.37443077892708
1 25118U 97084G   15014.24907054  .00001133  00000-0  42247-3 0  9997,2 25118 045.0170 103.9807 0004741 202.9967 185.6138 14.37448607892910
1 25118U 97084G   15014.69202964  .00001176  00000-0  43637-3 0  9995,2 25118 045.0172 101.8831 0004828 206.4287 316.7151 14.37478695892985
1 25118U 97084G   15015.63355602  .00001966  00000-0  64976-3 0  9994,2 25118 045.0171 097.4205 0004616 209.7371 150.3687 14.37457391893127
1 25118U 97084G   15016.26712277  .00001314  00000-0  48183-3 0  9998,2 25118 045.0172 094.4233 0004909 212.6198 189.4175 14.37483244893201
1 25118U 97084G   15017.80673825  .00000734  00000-0  29001-3 0  9997,2 25118 045.0172 087.1317 0004986 219.7628 237.4209 14.37487089893432
1 25118U 97084G   15019.39933933  .00000955  00000-0  36302-3 0  9999,2 25118 045.0172 079.5890 0005033 226.9556 199.8589 14.37489825893664
1 25118U 97084G   15020.79722407  .00000575  00000-0  23736-3 0  9992,2 25118 045.0173 072.9685 0005072 233.5182 234.3130 14.37492773893861
1 25118U 97084G   15022.31647436  .00000836  00000-0  32369-3 0  9992,2 25118 045.0174 065.7730 0005091 240.3332 177.2032 14.37496465894080
1 25118U 97084G   15023.51554712  .00000704  00000-0  27986-3 0  9992,2 25118 045.0175 060.0941 0005098 245.4200 263.3188 14.37498160894252
1 25118U 97084G   15024.55566885  .00000747  00000-0  29407-3 0  9998,2 25118 045.0175 055.1680 0005096 249.9492 246.6339 14.37498617894403
1 25118U 97084G   15025.65891302  .00000644  00000-0  26001-3 0  9998,2 25118 045.0176 049.9429 0005083 254.8355 196.5681 14.37500708894560
1 25118U 97084G   15027.17836215  .00000763  00000-0  29954-3 0  9991,2 25118 045.0178 042.7466 0005048 261.3144 140.8671 14.37504936894786
1 25118U 97084G   15029.48986362  .00001237  00000-0  45608-3 0  9997,2 25118 045.0179 031.7991 0004975 271.2734 224.5756 14.37510021895115
1 25118U 97084G   15030.59379728  .00001160  00000-0  43063-3 0  9991,2 25118 045.0180 026.5708 0004926 276.1474 178.1371 14.37513952895276
1 25118U 97084G   15032.18643096  .00001194  00000-0  44183-3 0  9991,2 25118 045.0181 019.0280 0004820 283.7567 140.4763 14.37520358895500
1 25118U 97084G   15034.13116284  .00001094  00000-0  40870-3 0  9990,2 25118 045.0181 009.8175 0004704 292.0998 126.0203 14.37528721895783
1 25118U 97084G   15035.33022003  .00001138  00000-0  42328-3 0  9997,2 25118 045.0181 004.1387 0004620 297.4026 211.9724 14.37532872895957
1 25118U 97084G   15036.50104323  .00001293  00000-0  47447-3 0  9992,2 25118 045.0180 358.5934 0004525 302.8657 151.5280 14.37537013896123
1 25118U 97084G   15037.87852382  .00001140  00000-0  42398-3 0  9999,2 25118 045.0179 352.0693 0004392 309.6961 080.2528 14.37541744896328
1 25118U 97084G   15039.06567374  .00001104  00000-0  41202-3 0  9999,2 25118 045.0179 346.4467 0004289 315.2718 104.3060 14.37548535896494
1 25118U 97084G   15040.46357940  .00001526  00000-0  55138-3 0  9992,2 25118 045.0174 339.8215 0004361 321.7572 139.2426 14.37553080896693
1 25118U 97084G   15042.12940009  .00001247  00000-0  45922-3 0  9991,2 25118 045.0172 331.9315 0004209 329.7245 120.5831 14.37558182896939
1 25118U 97084G   15043.25571194  .00001432  00000-0  52031-3 0  9996,2 25118 045.0172 326.5968 0004107 335.3319 189.5309 14.37560186897095
1 25118U 97084G   15045.04652730  .00000596  00000-0  24383-3 0  9990,2 25118 045.0167 318.1193 0003740 345.7865 095.9238 14.37566331897357
1 25118U 97084G   15047.21144970  .00000785  00000-0  30657-3 0  9994,2 25118 045.0163 307.8649 0003551 357.9547 138.6143 14.37570468897666
1 25118U 97084G   15050.20294147  .00000726  00000-0  28686-3 0  9993,2 25118 045.0158 293.6952 0003314 015.9933 137.3424 14.37578740898093
1 25118U 97084G   15052.00742522  .00000762  00000-0  29892-3 0  9998,2 25118 045.0157 285.1475 0003182 027.9266 113.1827 14.37580700898350
1 25118U 97084G   15053.05128703  .00000828  00000-0  32045-3 0  9990,2 25118 045.0156 280.2030 0003123 034.4248 114.2156 14.37582230898504
1 25118U 97084G   15054.16368976  .00000848  00000-0  32718-3 0  9990,2 25118 045.0155 274.9336 0003059 041.7899 109.4497 14.37584764898668
1 25118U 97084G   15055.54135840  .00000866  00000-0  33299-3 0  9990,2 25118 045.0154 268.4076 0002989 052.0689 035.9447 14.37588127898866
1 25118U 97084G   15057.01418264  .00000745  00000-0  29319-3 0  9992,2 25118 045.0156 261.4300 0002959 061.9330 095.8067 14.37590685899079
1 25118U 97084G   15058.59026179  .00000805  00000-0  31281-3 0  9994,2 25118 045.0162 253.9566 0003073 064.6770 337.7026 14.37593444899295
1 25118U 97084G   15059.93054925  .00000825  00000-0  31939-3 0  9995,2 25118 045.0162 247.6076 0003023 073.8370 071.7094 14.37596016899494
1 25118U 97084G   15061.57993617  .00001179  00000-0  43626-3 0  9997,2 25118 045.0162 239.7944 0002982 084.6455 325.3359 14.37601323899723
1 25118U 97084G   15063.52459083  .00001208  00000-0  44580-3 0  9991,2 25118 045.0164 230.5827 0002977 097.3493 306.6927 14.37605904900007
1 25118U 97084G   15064.86713655  .00001049  00000-0  39332-3 0  9999,2 25118 045.0164 224.2230 0002980 107.1828 051.7852 14.37608419900202
1 25118U 97084G   15066.52438104  .00001206  00000-0  44510-3 0  9996,2 25118 045.0163 216.3724 0002996 118.6222 345.5644 14.37613685900443
1 25118U 97084G   15067.85577869  .00001287  00000-0  47184-3 0  9994,2 25118 045.0162 210.0654 0003032 127.3653 034.0382 14.37617812900638
1 25118U 97084G   15069.50035770  .00001184  00000-0  43779-3 0  9990,2 25118 045.0163 202.2747 0003102 137.5887 263.4681 14.37621717900869
1 25118U 97084G   15070.77223604  .00001093  00000-0  40765-3 0  9997,2 25118 045.0164 196.2498 0003155 145.9119 004.0592 14.37624618901059
1 25118U 97084G   15072.48937424  .00001106  00000-0  41188-3 0  9994,2 25118 045.0166 188.1157 0003247 156.4137 249.1447 14.37629062901297
1 25118U 97084G   15073.76246494  .00001060  00000-0  39673-3 0  9991,2 25118 045.0166 182.0851 0003338 163.9362 356.8492 14.37631863901484
1 25118U 97084G   15075.27933663  .00000883  00000-0  33843-3 0  9995,2 25118 045.0166 174.8995 0003452 172.5363 286.3937 14.37634275901702
1 25118U 97084G   15076.45254866  .00000803  00000-0  31187-3 0  9998,2 25118 045.0165 169.3419 0003549 178.9454 237.8162 14.37636470901877
1 25118U 97084G   15077.65118084  .00001355  00000-0  49383-3 0  9992,2 25118 045.0166 163.6638 0003628 185.0487 321.2674 14.37643342902043
1 25118U 97084G   15078.69151034  .00001345  00000-0  49069-3 0  9999,2 25118 045.0167 158.7358 0003681 191.1007 304.6823 14.37646406902194
1 25118U 97084G   15080.19957477  .00001083  00000-0  40431-3 0  9995,2 25118 045.0166 151.5913 0003836 198.1790 190.1987 14.37648949902406
1 25118U 97084G   15081.46031444  .00000971  00000-0  36739-3 0  9994,2 25118 045.0166 145.6190 0003929 204.6531 235.0639 14.37652038902593
1 25118U 97084G   15082.51298348  .00000900  00000-0  34364-3 0  9993,2 25118 045.0167 140.6322 0004002 209.8154 283.3285 14.37654525902740
1 25118U 97084G   15083.62522800  .00000938  00000-0  35636-3 0  9993,2 25118 045.0166 135.3630 0004071 215.0564 280.1595 14.37657466902906
1 25118U 97084G   15085.20688582  .00001156  00000-0  42828-3 0  9993,2 25118 045.0164 127.8699 0004175 222.3398 186.7941 14.37661887903130
1 25118U 97084G   15086.54847198  .00001269  00000-0  46523-3 0  9992,2 25118 045.0162 121.5141 0004240 228.3819 290.9769 14.37665593903323
1 25118U 97084G   15088.12406692  .00001383  00000-0  50287-3 0  9997,2 25118 045.0162 114.0495 0004315 235.3937 166.5230 14.37670369903546
1 25118U 97084G   15089.17962838  .00001513  00000-0  54559-3 0  9993,2 25118 045.0162 109.0487 0004345 240.0641 230.3273 14.37673856903708
1 25118U 97084G   15090.43694618  .00001452  00000-0  52553-3 0  9996,2 25118 045.0163 103.0921 0004384 245.5984 258.5101 14.37677069903880
1 25118U 97084G   15091.48210619  .00001510  00000-0  54462-3 0  9993,2 25118 045.0163 098.1407 0004400 250.1643 268.5616 14.37680546904030
1 25118U 97084G   15093.14277397  .00001648  00000-0  59017-3 0  9997,2 25118 045.0164 090.2731 0004418 257.0608 225.0476 14.37686754904275
1 25118U 97084G   15094.39969576  .00001395  00000-0  50663-3 0  9999,2 25118 045.0165 084.3184 0004412 262.2046 251.6267 14.37689392904454
1 25118U 97084G   15095.43467823  .00001319  00000-0  48144-3 0  9990,2 25118 045.0167 079.4151 0004422 266.6604 209.1093 14.37692251904604
1 25118U 97084G   15096.74388954  .00001234  00000-0  45365-3 0  9990,2 25118 045.0169 073.2125 0004420 272.0059 146.4149 14.37695687904793
1 25118U 97084G   15098.13463431  .00001185  00000-0  43733-3 0  9991,2 25118 045.0170 066.6235 0004385 277.6979 145.7942 14.37699455904997
1 25118U 97084G   15099.18015988  .00001014  00000-0  38102-3 0  9992,2 25118 045.0171 061.6701 0004344 282.0364 158.0489 14.37701291905147
1 25118U 97084G   15100.37319420  .00001011  00000-0  38012-3 0  9991,2 25118 045.0173 056.0178 0004295 286.9111 213.9875 14.37704517905316
1 25118U 97084G   15101.82293019  .00001065  00000-0  39765-3 0  9992,2 25118 045.0176 049.1494 0004234 292.7624 158.8727 14.37708458905524
1 25118U 97084G   15103.22242437  .00000992  00000-0  37385-3 0  9990,2 25118 045.0178 042.5192 0004154 298.5280 203.5677 14.37711449905729
1 25118U 97084G   15104.26797726  .00001019  00000-0  38247-3 0  9990,2 25118 045.0179 037.5658 0004083 302.8751 216.0053 14.37714256905876
1 25118U 97084G   15105.30705396  .00001283  00000-0  46967-3 0  9999,2 25118 045.0180 032.6430 0004011 307.0378 195.0890 14.37718563906023
1 25118U 97084G   15106.61351493  .00001410  00000-0  51119-3 0  9996,2 25118 045.0181 026.4533 0003929 312.5214 118.1372 14.37723291906212
1 25118U 97084G   15107.78844218  .00001385  00000-0  50298-3 0  9995,2 25118 045.0181 020.8868 0003839 317.5693 080.1832 14.37726696906386
1 25118U 97084G   15108.84502403  .00001506  00000-0  54273-3 0  9992,2 25118 045.0181 015.8808 0003752 322.0203 149.7150 14.37730714906534
1 25118U 97084G   15110.17436777  .00001718  00000-0  61264-3 0  9994,2 25118 045.0181 009.5828 0003627 327.9400 190.9371 14.37736507906720
1 25118U 97084G   15111.21343847  .00001971  00000-0  69517-3 0  9995,2 25118 045.0185 004.6592 0003683 334.9948 167.2178 14.37771968906873
1 25118U 97084G   15112.51983993  .00002003  00000-0  70578-3 0  9997,2 25118 045.0180 358.4708 0003554 339.7505 090.9352 14.37778365907062
1 25118U 97084G   15113.77718679  .00000939  00000-0  35588-3 0  9991,2 25118 045.0183 352.5128 0003414 345.8849 119.1414 14.37781291907245
1 25118U 97084G   15115.10774119  .00001612  00000-0  57698-3 0  9996,2 25118 045.0180 346.2078 0003214 352.4116 166.2698 14.37785973907434
1 25118U 97084G   15116.47988351  .00001356  00000-0  49282-3 0  9997,2 25118 045.0178 339.7063 0003098 359.0574 068.7692 14.37789464907623
1 25118U 97084G   15117.79805845  .00001101  00000-0  40886-3 0  9998,2 25118 045.0177 333.4605 0002979 006.5579 050.8224 14.37792582907810
1 25118U 97084G   15118.84340513  .00000997  00000-0  37469-3 0  9996,2 25118 045.0177 328.5073 0002886 012.1960 061.2075 14.37795082907973
1 25118U 97084G   15119.96221494  .00000879  00000-0  33604-3 0  9992,2 25118 045.0176 323.2060 0002767 018.6106 091.4433 14.37797344908136
1 25118U 97084G   15121.08201240  .00000781  00000-0  30373-3 0  9997,2 25118 045.0176 317.8999 0002666 025.1968 126.6308 14.37799290908294
1 25118U 97084G   15122.51699281  .00000643  00000-0  25841-3 0  9993,2 25118 045.0175 311.1002 0002516 034.3359 352.2700 14.37801493908499
1 25118U 97084G   15123.77747236  .00000598  00000-0  24350-3 0  9999,2 25118 045.0175 305.1276 0002399 042.8756 034.4118 14.37803620908686
1 25118U 97084G   15124.90388742  .00000624  00000-0  25217-3 0  9991,2 25118 045.0174 299.7902 0002302 050.5807 102.7930 14.37805677908849
1 25118U 97084G   15125.94900962  .00000670  00000-0  26725-3 0  9996,2 25118 045.0173 294.8378 0002231 057.8559 110.4219 14.37807532908990
1 25118U 97084G   15127.52385905  .00000821  00000-0  31692-3 0  9993,2 25118 045.0172 287.3752 0002125 069.6264 338.1517 14.37810966909219
1 25118U 97084G   15128.86478501  .00000863  00000-0  33062-3 0  9995,2 25118 045.0171 281.0211 0002118 078.5448 076.7584 14.37813574909413
1 25118U 97084G   15129.90404759  .00000932  00000-0  35321-3 0  9992,2 25118 045.0171 276.0965 0002099 086.0168 053.8630 14.37816046909565
1 25118U 97084G   15131.49546782  .00001330  00000-0  48396-3 0  9991,2 25118 045.0171 268.5553 0002064 098.5239 006.7669 14.37821839909793
1 25118U 97084G   15132.52611902  .00001650  00000-0  58905-3 0  9995,2 25118 045.0171 263.6714 0002060 106.3964 298.8863 14.37826422909947
1 25118U 97084G   15134.40209465  .00001814  00000-0  64284-3 0  9990,2 25118 045.0169 254.7819 0002094 119.9398 285.1513 14.37833368910219
1 25118U 97084G   15135.44285321  .00001724  00000-0  61340-3 0  9990,2 25118 045.0168 249.8503 0002123 127.3088 270.1827 14.37836596910369
1 25118U 97084G   15136.48835677  .00001590  00000-0  56912-3 0  9990,2 25118 045.0168 244.8959 0002167 134.9275 279.5617 14.37839562910512
1 25118U 97084G   15137.53360838  .00001339  00000-0  48672-3 0  9994,2 25118 045.0167 239.9428 0002208 142.2665 287.9284 14.37841905910661
1 25118U 97084G   15138.85769861  .00001138  00000-0  42079-3 0  9991,2 25118 045.0166 233.6683 0002281 151.3558 299.2907 14.37845074910857
1 25118U 97084G   15139.90306869  .00001002  00000-0  37589-3 0  9993,2 25118 045.0166 228.7146 0002348 157.6931 309.2959 14.37847463911005
1 25118U 97084G   15141.14853961  .00000816  00000-0  31479-3 0  9996,2 25118 045.0166 222.8126 0002445 165.5843 274.5344 14.37849786911187
1 25118U 97084G   15142.54836189  .00000634  00000-0  25511-3 0  9992,2 25118 045.0165 216.1792 0002554 173.9150 319.0790 14.37851870911385
1 25118U 97084G   15143.66686407  .00000492  00000-0  20852-3 0  9997,2 25118 045.0164 210.8789 0002637 180.3945 347.8826 14.37853143911549
1 25118U 97084G   15144.70563164  .00000443  00000-0  19232-3 0  9993,2 25118 045.0162 205.9564 0002720 186.0892 324.3481 14.37854540911695
1 25118U 97084G   15145.73567344  .00000331  00000-0  15542-3 0  9997,2 25118 045.0160 201.0752 0002795 191.5773 255.8121 14.37855327911840
1 25118U 97084G   15147.18605957  .00000284  00000-0  13998-3 0  9991,2 25118 045.0158 194.2019 0002905 198.9199 203.3570 14.37856716912055
1 25118U 97084G   15148.51988581  .00000333  00000-0  15627-3 0  9992,2 25118 045.0157 187.8810 0002989 205.1370 268.1012 14.37858264912246
1 25118U 97084G   15150.17516811  .00000351  00000-0  16200-3 0  9998,2 25118 045.0156 180.0366 0003106 212.8787 196.8917 14.37859873912489
1 25118U 97084G   15151.51030494  .00000459  00000-0  19744-3 0  9990,2 25118 045.0156 173.7095 0003171 218.8380 268.6973 14.37861696912671
1 25118U 97084G   15153.09181639  .00000302  00000-0  14605-3 0  9991,2 25118 045.0156 166.2147 0003259 225.7129 176.1439 14.37862620912905
1 25118U 97084G   15154.14745365  .00000311  00000-0  14898-3 0  9994,2 25118 045.0157 161.2121 0003305 230.0361 241.4225 14.37863781913057
1 25118U 97084G   15155.47844260  .00000452  00000-0  19519-3 0  9996,2 25118 045.0157 154.9046 0003349 235.5839 292.1692 14.37865836913245
1 25118U 97084G   15156.57656433  .00000496  00000-0  20984-3 0  9997,2 25118 045.0156 149.7005 0003386 240.0693 217.4218 14.37867231913404
1 25118U 97084G   15157.49060128  .00000603  00000-0  24479-3 0  9992,2 25118 045.0157 145.3688 0003482 243.2860 270.1726 14.37881773913533
1 25118U 97084G   15159.13951816  .00000715  00000-0  28142-3 0  9993,2 25118 045.0158 137.5542 0003478 250.0252 167.1232 14.37884564913765
1 25118U 97084G   15160.40519556  .00000853  00000-0  32673-3 0  9993,2 25118 045.0160 131.5559 0003502 255.0172 240.1185 14.37887223913959
1 25118U 97084G   15162.12892096  .00000972  00000-0  36572-3 0  9991,2 25118 045.0164 123.3869 0003499 261.5862 164.8846 14.37890592914207
1 25118U 97084G   15163.39644336  .00001082  00000-0  40185-3 0  9991,2 25118 045.0166 117.3799 0003480 266.3726 247.6719 14.37893630914380
1 25118U 97084G   15164.90345860  .00001015  00000-0  37995-3 0  9990,2 25118 045.0168 110.2380 0003458 271.9061 130.6448 14.37896554914590
1 25118U 97084G   15166.31090564 +.00000862 +00000-0 +32981-3 0  9994,2 25118 045.0169 103.5681 0003412 277.1275 218.0379 14.37898740914802
1 25118U 97084G   15167.68833312  .00000789  00000-0  30566-3 0  9996,2 25118 045.0172 097.0402 0003353 282.2674 149.9807 14.37901117915002
1 25118U 97084G   15168.86457404  .00000698  00000-0  27590-3 0  9993,2 25118 045.0171 091.4657 0003307 286.3655 120.5355 14.37902943915173
1 25118U 97084G   15169.92117927  .00000555  00000-0  22896-3 0  9990,2 25118 045.0173 086.4583 0003256 290.1431 191.5278 14.37904081915329
1 25118U 97084G   15171.10626200  .00000479  00000-0  20408-3 0  9994,2 25118 045.0175 080.8422 0003187 294.7230 207.4275 14.37905674915492
1 25118U 97084G   15172.15061279  .00000449  00000-0  19397-3 0  9991,2 25118 045.0176 075.8930 0003129 298.7722 214.6624 14.37907003915640
1 25118U 97084G   15173.18938873  .00000442  00000-0  19188-3 0  9999,2 25118 045.0177 070.9702 0003070 302.7128 193.1249 14.37908338915797
1 25118U 97084G   15174.29222552  .00000500  00000-0  21076-3 0  9996,2 25118 045.0177 065.7437 0003009 306.7579 143.4228 14.37910278915959
1 25118U 97084G   15175.33752588  .00000598  00000-0  24299-3 0  9996,2 25118 045.0178 060.7898 0002931 310.6937 155.7125 14.37912455916100
1 25118U 97084G   15176.51070271  .00000486  00000-0  20631-3 0  9991,2 25118 045.0178 055.2299 0002847 314.9843 110.2441 14.37913587916275
1 25118U 97084G   15177.76998208  .00000456  00000-0  19637-3 0  9999,2 25118 045.0178 049.2618 0002731 319.6170 150.5834 14.37915325916455
1 25118U 97084G   15179.10106612  .00000393  00000-0  17556-3 0  9997,2 25118 045.0178 042.9533 0002586 324.4978 202.7375 14.37916795916642
1 25118U 97084G   15180.47178682  .00000287  00000-0  14106-3 0  9995,2 25118 045.0178 036.4570 0002452 329.6225 100.0319 14.37917912916836
1 25118U 97084G   15181.73237241  .00000241  00000-0  12590-3 0  9997,2 25118 045.0178 030.4827 0002322 334.9942 146.4172 14.37918999917025
1 25118U 97084G   15182.76205008  .00000236  00000-0  12425-3 0  9998,2 25118 045.0178 025.6027 0002223 339.4457 077.3311 14.37919968917174
1 25118U 97084G   15183.95380372  .00000240  00000-0  12537-3 0  9997,2 25118 045.0179 019.9547 0002101 344.2767 127.6107 14.37921023917347
1 25118U 97084G   15185.00657863  .00000310  00000-0  14856-3 0  9991,2 25118 045.0178 014.9653 0002028 349.2107 177.6657 14.37922135917496
1 25118U 97084G   15186.50828877  .00000598  00000-0  24292-3 0  9995,2 25118 045.0178 007.8482 0001883 355.8232 032.2269 14.37925110917702
1 25118U 97084G   15187.55356800  .00000448  00000-0  19359-3 0  9995,2 25118 045.0178 002.8941 0001753 000.8551 043.3579 14.37925407917856
1 25118U 97084G   15188.89421979  .00000535  00000-0  22220-3 0  9991,2 25118 045.0179 356.5403 0001606 007.4019 143.4689 14.37927421918053
1 25118U 97084G   15189.93325419  .00000672  00000-0  26718-3 0  9997,2 25118 045.0179 351.6159 0001502 012.6457 122.0423 14.37929403918204
1 25118U 97084G   15191.03810339  .00000381  00000-0  17175-3 0  9995,2 25118 045.0180 346.3796 0001353 018.7071 080.8277 14.37929328918368
1 25118U 97084G   15192.48694186  .00000673  00000-0  26747-3 0  9994,2 25118 045.0180 339.5130 0001218 027.5255 019.2696 14.37932986918574
1 25118U 97084G   15193.82781509  .00000544  00000-0  22515-3 0  9995,2 25118 045.0180 333.1583 0001144 036.8816 117.7538 14.37934304918766
1 25118U 97084G   15194.86657949  .00000575  00000-0  23529-3 0  9990,2 25118 045.0180 328.2353 0001085 044.7068 092.3764 14.37936100918919
1 25118U 97084G   15196.52572005  .00000531  00000-0  22078-3 0  9994,2 25118 045.0180 320.3720 0000954 058.4892 035.5843 14.37938304919153
1 25118U 97084G   15197.78916348  .00000371  00000-0  16854-3 0  9992,2 25118 045.0179 314.3840 0000877 070.7637 089.9672 14.37939251919330
1 25118U 97084G   15199.50651245  .00000292  00000-0  14238-3 0  9992,2 25118 045.0178 306.2447 0000804 089.7537 329.6009 14.37941017919578
1 25118U 97084G   15200.77206635  .00000230  00000-0  12226-3 0  9990,2 25118 045.0178 300.2469 0000789 103.8183 033.1417 14.37942009919766
1 25118U 97084G   15202.07740277  .00000156  00000-0  98016-4 0  9999,2 25118 045.0177 294.0605 0000792 118.2896 302.4164 14.37942667919954
1 25118U 97084G   15203.12163824  .00000177  00000-0  10465-3 0  9997,2 25118 045.0176 289.1115 0000825 129.8994 301.6324 14.37943540920107
1 25118U 97084G   15204.22494331  .00000175  00000-0  10407-3 0  9993,2 25118 045.0174 283.8824 0000875 141.0799 247.3560 14.37944297920262
1 25118U 97084G   15205.48524934  .00000174  00000-0  10373-3 0  9996,2 25118 045.0172 277.9093 0000952 152.0894 286.7742 14.37945248920442
1 25118U 97084G   15206.53042308  .00000153  00000-0  96953-4 0  9999,2 25118 045.0170 272.9558 0001017 160.0888 294.4708 14.37945835920592
1 25118U 97084G   15207.57580058  .00000155  00000-0  97637-4 0  9995,2 25118 045.0168 268.0011 0001086 167.8140 303.4999 14.37946492920741
1 25118U 97084G   15208.62288890  .00000197  00000-0  11134-3 0  9994,2 25118 045.0166 263.0383 0001156 175.0202 321.9157 14.37947367920893
1 25118U 97084G   15210.13385699  .00000232  00000-0  12282-3 0  9993,2 25118 045.0164 255.8768 0001265 184.3621 221.8544 14.37948643921107
1 25118U 97084G   15211.17892130  .00000232  00000-0  12284-3 0  9993,2 25118 045.0163 250.9235 0001340 190.0985 231.2608 14.37949483921268
1 25118U 97084G   15212.22497817  .00000292  00000-0  14235-3 0  9997,2 25118 045.0162 245.9656 0001406 195.2821 246.3660 14.37950629921413
1 25118U 97084G   15213.48813480  .00000357  00000-0  16367-3 0  9994,2 25118 045.0161 239.9787 0001476 201.2963 305.5778 14.37951977921596
1 25118U 97084G   15214.52831519  .00000364  00000-0  16605-3 0  9996,2 25118 045.0159 235.0486 0001541 205.8144 290.9062 14.37952862921744
1 25118U 97084G   15216.17765120  .00000353  00000-0  16235-3 0  9990,2 25118 045.0157 227.2311 0001628 212.7502 190.2544 14.37954331921978
1 25118U 97084G   15217.51659353  .00000380  00000-0  17142-3 0  9997,2 25118 045.0156 220.8849 0001702 217.3531 283.5922 14.37955853922177
1 25118U 97084G   15218.54711904  .00000407  00000-0  18017-3 0  9994,2 25118 045.0156 216.0004 0001765 220.8432 219.9375 14.37957089922320
1 25118U 97084G   15220.13809845  .00000527  00000-0  21961-3 0  9999,2 25118 045.0157 208.4594 0001846 226.3622 178.3469 14.37959517922557
1 25118U 97084G   15221.18414139  .00000611  00000-0  24717-3 0  9999,2 25118 045.0159 203.5014 0001870 229.8909 195.0716 14.37961174922705
1 25118U 97084G   15222.38281169  .00000514  00000-0  21523-3 0  9991,2 25118 045.0159 197.8201 0001885 233.6265 282.4592 14.37962056922873
1 25118U 97084G   15223.42198478  .00000415  00000-0  18289-3 0  9992,2 25118 045.0160 192.8947 0001903 236.6598 264.0923 14.37962862923027
1 25118U 97084G   15224.85707859  .00000334  00000-0  15607-3 0  9990,2 25118 045.0162 186.0928 0001942 240.9762 135.9844 14.37964106923220
1 25118U 97084G   15225.90243429  .00000290  00000-0  14176-3 0  9996,2 25118 045.0163 181.1381 0001959 244.0660 149.6060 14.37964977923374
1 25118U 97084G   15227.24393284  .00000286  00000-0  14042-3 0  9997,2 25118 045.0163 174.7798 0001961 247.4977 257.4100 14.37966170923577
1 25118U 97084G   15228.35519287  .00000422  00000-0  18514-3 0  9993,2 25118 045.0164 169.5127 0001963 250.7299 252.3960 14.37968110923734
1 25118U 97084G   15229.86429329  .00000361  00000-0  16504-3 0  9996,2 25118 045.0166 162.3598 0001962 254.5921 148.2454 14.37969167923949
1 25118U 97084G   15231.20428900  .00000264  00000-0  13319-3 0  9994,2 25118 045.0168 156.0087 0001969 257.8621 248.4389 14.37969617924147
1 25118U 97084G   15232.24978966 -.00000108  00000-0  11412-4 0  9992,2 25118 045.0168 151.0536 0001950 260.0826 263.6839 14.37966266924296
1 25118U 97084G   15233.28975545 -.00000112  00000-0  98480-5 0  9993,2 25118 045.0166 146.1250 0001966 262.2687 250.2895 14.37967735924441
1 25118U 97084G   15234.86597141 -.00000137  00000-0  18062-5 0  9995,2 25118 045.0170 138.6536 0001926 265.7282 134.3151 14.37968034924668
1 25118U 97084G   15235.91103894 +.00000321 +00000-0 +15200-3 0  9993,2 25118 045.0170 133.7004 0001904 268.8427 146.4390 14.37970095924822
1 25118U 97084G   15236.89185192 +.00000313 +00000-0 +14937-3 0  9999,2 25118 045.0169 129.0516 0001890 271.0276 186.5447 14.37970984924968
1 25118U 97084G   15238.68872631  .00000316  00000-0  15040-3 0  9998,2 25118 045.0168 120.5348 0001858 275.0366 133.4292 14.37972552925226
1 25118U 97084G   15239.81462286 +.00000359 +00000-0 +16427-3 0  9992,2 25118 045.0168 115.1982 0001823 277.3014 205.2502 14.37974011925388
1 25118U 97084G   15241.07137866  .00000388  00000-0  17385-3 0  9992,2 25118 045.0168 109.2414 0001781 279.9597 234.7618 14.37975685925562
1 25118U 97084G   15242.10959661  .00000390  00000-0  17462-3 0  9991,2 25118 045.0169 104.3204 0001752 281.9707 212.5208 14.37976917925715
1 25118U 97084G   15243.48721355  .00000345  00000-0  15964-3 0  9995,2 25118 045.0169 097.7907 0001712 284.0674 148.8741 14.37978137925914
1 25118U 97084G   15243.69093234 +.00000337 +00000-0 +15727-3 0  9994,2 25118 045.0169 096.8251 0001700 284.3534 124.2060 14.37978318925947
1 25118U 97084G   15244.52824904  .00000328  00000-0  15416-3 0  9998,2 25118  45.0169  92.8564 0001670 285.4200 141.8993 14.37979155926062
1 25118U 97084G   15244.67541652 +.00000319 +00000-0 +15139-3 0  9992,2 25118 045.0169 092.1588 0001661 285.4575 184.4462 14.37979282926083
1 25118U 97084G   15245.71995839 +.00000277 +00000-0 +13733-3 0  9999,2 25118 045.0168 087.2079 0001620 287.2563 195.1990 14.37980167926230
1 25118U 97084G   15246.61012632 +.00000252 +00000-0 +12940-3 0  9992,2 25118 045.0168 082.9886 0001586 288.7502 126.3324 14.37980909926363
1 25118U 97084G   15246.97667455  .00000245  00000-0  12707-3 0  9993,2 25118  45.0168  81.2512 0001564 289.1138 225.3306 14.37981205926413
1 25118U 97084G   15248.55184703  .00000259  00000-0  13164-3 0  9992,2 25118  45.0169  73.7849 0001518 292.1277 104.4722 14.37982529926633
1 25118U 97084G   15248.92171154 +.00000259 +00000-0 +13173-3 0  9999,2 25118 045.0169 072.0319 0001506 292.7605 220.3866 14.37982778926694
1 25118U 97084G   15249.89463248  .00000244  00000-0  12680-3 0  9990,2 25118  45.0170  67.4202 0001467 294.1654 220.4214 14.37983362926835
1 25118U 97084G   15251.00633440  .00000240  00000-0  12539-3 0  9998,2 25118  45.0170  62.1507 0001408 294.6244 220.5365 14.37984247926998
1 25118U 97084G   15251.90359612 +.00000250 +00000-0 +12860-3 0  9991,2 25118 045.0172 057.8977 0001381 295.2055 189.3542 14.37985084927124
1 25118U 97084G   15252.52510591  .00000241  00000-0  12572-3 0  9995,2 25118  45.0173  54.9518 0001366 296.7741 168.3046 14.37985588927210
1 25118U 97084G   15252.88205972 +.00000238 +00000-0 +12473-3 0  9994,2 25118 045.0174 053.2599 0001347 297.6591 217.0712 14.37985858927261
1 25118U 97084G   15253.84665177  .00000246  00000-0  12721-3 0  9993,2 25118  45.0176  48.6880 0001315 297.7100 175.3156 14.37986793927409
1 25118U 97084G   15253.92048578 +.00000244 +00000-0 +12672-3 0  9995,2 25118 045.0176 048.3380 0001313 297.8010 197.8155 14.37986853927416
1 25118U 97084G   15254.96561046  .00000271  00000-0  13544-3 0  9999,2 25118  45.0177  43.3843 0001280 298.4957 212.7207 14.37987906927567
1 25118U 97084G   15256.47395932  .00000228  00000-0  12126-3 0  9993,2 25118  45.0179  36.2350 0001230 298.9391 108.2053 14.37988963927770
1 25118U 97084G   15257.53051449  .00000229  00000-0  12183-3 0  9997,2 25118  45.0180  31.2271 0001198 299.2532 182.7298 14.37989946927931
1 25118U 97084G   15257.81495868 +.00000225 +00000-0 +12032-3 0  9994,2 25118 045.0180 029.8789 0001189 299.9270 215.9841 14.37990167927978
1 25118U 97084G   15258.85400145  .00000242  00000-0  12590-3 0  9991,2 25118  45.0181  24.9541 0001160 300.7827 199.2263 14.37991199928125
1 25118U 97084G   15260.36233071  .00000243  00000-0  12629-3 0  9996,2 25118  45.0182  17.8047 0001128 301.7204  94.1317 14.37992325928330
1 25118U 97084G   15260.80463978 +.00000244 +00000-0 +12655-3 0  9996,2 25118 045.0182 015.7084 0001116 302.1773 225.6278 14.37992643928409
1 25118U 97084G   15261.40703216  .00000263  00000-0  13274-3 0  9994,2 25118  45.0183  12.8531 0001097 302.3600 106.9177 14.37993189928487
1 25118U 97084G   15262.52137588  .00000327  00000-0  15387-3 0  9999,2 25118  45.0184   7.5713 0001069 302.6757 120.9045 14.37994486928656
1 25118U 97084G   15262.74824939 +.00000330 +00000-0 +15498-3 0  9993,2 25118 045.0183 006.4960 0001061 303.4921 215.7010 14.37994716928685
1 25118U 97084G   15263.78719573  .00000370  00000-0  16776-3 0  9999,2 25118  45.0184   1.5718 0001033 303.9017 198.9057 14.37995953928837
1 25118U 97084G   15265.51075362  .00000342  00000-0  15887-3 0  9994,2 25118  45.0184 353.4026 0000990 304.6155 129.3359 14.37997531929085
1 25118U 97084G   15265.73101513 +.00000353 +00000-0 +16231-3 0  9992,2 25118 045.0184 352.3587 0000983 305.3631 189.9419 14.37997818929115
1 25118U 97084G   15266.70382465  .00000381  00000-0  17163-3 0  9993,2 25118  45.0183 347.7477 0000961 305.8041 190.4182 14.37998973929258
1 25118U 97084G   15268.21151072  .00000451  00000-0  19456-3 0  9994,2 25118  45.0181 340.6013 0000940 305.8646  82.9148 14.38001069929464
1 25118U 97084G   15268.57315197 +.00000447 +00000-0 +19320-3 0  9998,2 25118 045.0181 338.8873 0000926 306.5622 156.1780 14.38001478929520
1 25118U 97084G   15269.55295390  .00000426  00000-0  18619-3 0  9996,2 25118  45.0180 334.2431 0000905 307.1788 192.7250 14.38002562929664
1 25118U 97084G   15269.62535147 +.00000423 +00000-0 +18539-3 0  9999,2 25118 045.0179 333.9000 0000903 307.3228 207.7327 14.38002636929674
1 25118U 97084G   15270.66409878  .00000427  00000-0  18670-3 0  9996,2 25118  45.0179 328.9764 0000877 308.1030 189.5650 14.38003869929827
1 25118U 97084G   15272.17276803  .00000451  00000-0  19452-3 0  9990,2 25118  45.0177 321.8253 0000847 309.1335  86.2102 14.38005656930032
1 25118U 97084G   15273.21761678  .00000486  00000-0  20575-3 0  9991,2 25118  45.0176 316.8727 0000815 309.9336  99.6497 14.38006992930191
1 25118U 97084G   15274.55860206  .00000501  00000-0  21079-3 0  9994,2 25118  45.0174 310.5165 0000773 311.1690 207.1942 14.38008662930385
1 25118U 97084G   15276.13407801  .00000541  00000-0  22392-3 0  9991,2 25118  45.0172 303.0485 0000727 312.0109  90.2395 14.38010953930603
1 25118U 97084G   15276.50248755 +.00000521 +00000-0 +21742-3 0  9999,2 25118 045.0171 301.3023 0000708 312.5600 198.7351 14.38011235930667
1 25118U 97084G   15277.47427829  .00000492  00000-0  20798-3 0  9994,2 25118  45.0170 296.6958 0000674 313.4154 193.5641 14.38012276930802
1 25118U 97084G   15277.54142529 +.00000509 +00000-0 +21341-3 0  9997,2 25118 045.0170 296.3776 0000676 313.7589 181.1679 14.38012503930812
1 25118U 97084G   15278.51420957  .00000433  00000-0  18842-3 0  9997,2 25118  45.0169 291.7663 0000634 313.8553 181.9078 14.38013209930950
1 25118U 97084G   15280.16382887  .00000425  00000-0  18576-3 0  9995,2 25118  45.0168 283.9467 0000571 314.5807  89.2958 14.38015125931186
1 25118U 97084G   15281.56253626  .00000399  00000-0  17729-3 0  9997,2 25118  45.0168 277.3166 0000511 316.9566 134.8515 14.38016817931399
1 25118U 97084G   15281.90593727 +.00000394 +00000-0 +17561-3 0  9993,2 25118 045.0168 275.6888 0000500 316.6475 114.6240 14.38017209931448
1 25118U 97084G   15283.15308067  .00000306  00000-0  14682-3 0  9997,2 25118  45.0168 269.7772 0000445 319.5226  94.2997 14.38018081931629
1 25118U 97084G   15284.19814213  .00000296  00000-0  14356-3 0  9993,2 25118  45.0168 264.8235 0000394 320.9084 108.3030 14.38019015931779
1 25118U 97084G   15285.39723949  .00000284  00000-0  13984-3 0  9994,2 25118  45.0168 259.1396 0000332 322.7735 200.0280 14.38020052931948
1 25118U 97084G   15285.92701269 +.00000289 +00000-0 +14146-3 0  9990,2 25118 045.0167 256.6284 0000307 322.2594 065.7706 14.38020611932025
1 25118U 97084G   15286.89894031  .00000272  00000-0  13579-3 0  9998,2 25118  45.0167 252.0213 0000250 322.2594  62.1975 14.38021420932156
1 25118U 97084G   15286.97222286 +.00000268 +00000-0 +13446-3 0  9992,2 25118 045.0167 251.6739 0000242 320.8631 083.3365 14.38021473932179
1 25118U 97084G   15288.23979453  .00000324  00000-0  15279-3 0  9997,2 25118  45.0167 245.6654 0000162 316.7781 175.8504 14.38022928932357
1 25118U 97084G   15289.35171644  .00000412  00000-0  18151-3 0  9997,2 25118  45.0168 240.3947 0000103 299.7083 194.7936 14.38024458932512
1 25118U 97084G   15289.88851182 +.00000443 +00000-0 +19157-3 0  9998,2 25118 045.0168 237.8501 0000088 282.1421 113.9842 14.38025163932594
1 25118U 97084G   15290.86017911  .00000486  00000-0  20574-3 0  9994,2 25118  45.0168 233.2442 0000070 238.2759 152.9446 14.38026454932727
1 25118U 97084G   15290.93311318 +.00000520 +00000-0 +21679-3 0  9996,2 25118 045.0168 232.8985 0000070 233.2416 175.9178 14.38026765932743
1 25118U 97084G   15291.90526317  .00000603  00000-0  24420-3 0  9990,2 25118  45.0168 228.2903 0000118 200.8769 205.8867 14.38028623932884
1 25118U 97084G   15293.24605773  .00000705  00000-0  27736-3 0  9999,2 25118  45.0168 221.9348 0000210 187.4057 327.2580 14.38031291933078
1 25118U 97084G   15294.28472730  .00000759  00000-0  29512-3 0  9992,2 25118  45.0168 217.0114 0000285 185.3904 311.5935 14.38033441933221
1 25118U 97084G   15294.81682971 +.00000761 +00000-0 +29589-3 0  9998,2 25118 045.0168 214.4891 0000326 186.3337 187.9742 14.38034424933303
1 25118U 97084G   15295.79330244  .00000807  00000-0  31088-3 0  9997,2 25118  45.0167 209.8605 0000391 185.9576 208.3816 14.38036550933431
1 25118U 97084G   15295.87632826 +.00000841 +00000-0 +32204-3 0  9996,2 25118 045.0167 209.4670 0000400 186.0550 278.5203 14.38036910933455
1 25118U 97084G   15296.85012814  .00000848  00000-0  32433-3 0  9995,2 25118  45.0165 204.8509 0000481 187.7472 283.0159 14.38038854933598
1 25118U 97084G   15296.90673425 +.00000847 +00000-0 +32373-3 0  9994,2 25118 045.0165 204.5825 0000487 187.7717 216.3221 14.38038964933607
1 25118U 97084G   15298.17906992  .00000844  00000-0  32282-3 0  9999,2 25118  45.0164 198.5513 0000587 188.6779 328.6160 14.38041637933780
1 25118U 97084G   15299.21801279  .00000725  00000-0  28389-3 0  9998,2 25118  45.0163 193.6264 0000669 190.3918 310.6755 14.38043094933931
1 25118U 97084G   15299.82304439 +.00000700 +00000-0 +27578-3 0  9993,2 25118 045.0163 190.7583 0000720 191.6115 204.7163 14.38044150934025
1 25118U 97084G   15300.87718256  .00000655  00000-0  26086-3 0  9999,2 25118  45.0163 185.7613 0000805 193.5924 265.2604 14.38045799934174
1 25118U 97084G   15302.14059589  .00000594  00000-0  24092-3 0  9995,2 25118  45.0162 179.7723 0000905 196.2524 329.5925 14.38047503934350
1 25118U 97084G   15303.18017977  .00000591  00000-0  23994-3 0  9992,2 25118  45.0162 174.8443 0000987 199.0049 313.9574 14.38049126934505
1 25118U 97084G   15303.85716029 +.00000579 +00000-0 +23607-3 0  9997,2 25118 045.0161 171.6351 0001048 200.9823 220.0917 14.38050084934603
1 25118U 97084G   15304.77181751  .00000517  00000-0  21588-3 0  9995,2 25118  45.0160 167.2993 0001127 202.8920 277.9367 14.38051045934734
1 25118U 97084G   15305.80133150  .00000577  00000-0  23533-3 0  9998,2 25118  45.0159 162.4190 0001198 205.5503 210.2243 14.38052664934880
1 25118U 97084G   15305.95501064 +.00000487 +00000-0 +20614-3 0  9994,2 25118 045.0159 161.6906 0001208 205.8389 286.3020 14.38052375934902
1 25118U 97084G   15306.84643521  .00000576  00000-0  23516-3 0  9991,2 25118  45.0158 157.4648 0001286 207.6534 223.8582 14.38053917935032
1 25118U 97084G   15306.91961476 +.00000452 +00000-0 +19443-3 0  9998,2 25118 045.0157 157.1179 0001293 207.6851 243.0431 14.38053307935048
1 25118U 97084G   15307.97181606  .00000494  00000-0  20814-3 0  9994,2 25118  45.0156 152.1299 0001380 210.0880 293.1610 14.38054695935194
1 25118U 97084G   15309.01742345  .00000487  00000-0  20602-3 0  9991,2 25118  45.0154 147.1731 0001459 213.3844 308.2203 14.38055828935342
1 25118U 97084G   15310.51909142  .00000390  00000-0  17425-3 0  9990,2 25118  45.0154 140.0542 0001582 217.2935 165.9869 14.38056929935557
1 25118U 97084G   15311.56492713  .00000404  00000-0  17891-3 0  9990,2 25118  45.0155 135.0964 0001656 220.1061 182.7237 14.38058210935703
1 25118U 97084G   15311.93289775 +.00000394 +00000-0 +17556-3 0  9999,2 25118 045.0156 133.3520 0001689 220.8471 288.8179 14.38058577935766
1 25118U 97084G   15312.90483422  .00000393  00000-0  17508-3 0  9998,2 25118  45.0157 128.7444 0001764 223.7887 282.4835 14.38059647935901
1 25118U 97084G   15314.27690359  .00000472  00000-0  20102-3 0  9991,2 25118  45.0159 122.2401 0001898 227.6945 188.6961 14.38061805936100
1 25118U 97084G   15315.52564699  .00000496  00000-0  20880-3 0  9996,2 25118  45.0159 116.3203 0001976 231.5368 175.8996 14.38063565936284
1 25118U 97084G   15315.89489679 +.00000451 +00000-0 +19407-3 0  9994,2 25118 045.0160 114.5700 0001994 232.6117 288.2951 14.38063798936336
1 25118U 97084G   15316.86592487  .00000455  00000-0  19535-3 0  9990,2 25118  45.0161 109.9668 0002057 235.6566 277.1687 14.38065119936477
1 25118U 97084G   15317.90487345  .00000443  00000-0  19151-3 0  9993,2 25118  45.0162 105.0416 0002132 238.9617 257.7553 14.38066455936620
1 25118U 97084G   15319.48565951  .00000479  00000-0  20347-3 0  9996,2 25118  45.0164  97.5477 0002231 244.0899 164.3613 14.38068668936857
1 25118U 97084G   15320.52704738  .00000577  00000-0  23540-3 0  9998,2 25118  45.0165  92.6109 0002299 247.3828 157.6164 14.38070735937000
1 25118U 97084G   15320.89546696 +.00000640 +00000-0 +25595-3 0  9998,2 25118 045.0165 090.8644 0002313 248.6772 265.5016 14.38071701937057
1 25118U 97084G   15321.71869079  .00000667  00000-0  26462-3 0  9996,2 25118  45.0167  86.9618 0002358 251.3252 208.8656 14.38073142937173
1 25118U 97084G   15321.86583845 +.00000682 +00000-0 +26984-3 0  9992,2 25118 045.0167 086.2642 0002363 251.8474 250.8753 14.38073498937191
1 25118U 97084G   15322.83890543  .00000721  00000-0  28236-3 0  9992,2 25118  45.0169  81.6514 0002407 255.1398 250.1020 14.38075397937337
1 25118U 97084G   15324.48819507  .00000688  00000-0  27157-3 0  9999,2 25118  45.0173  73.8329 0002480 260.5373 151.4831 14.38078183937567
1 25118U 97084G   15325.53318193  .00000710  00000-0  27889-3 0  9999,2 25118  45.0174  68.8792 0002519 263.9848 163.2693 14.38080271937729
1 25118U 97084G   15325.82719784 +.00000669 +00000-0 +26526-3 0  9992,2 25118 045.0174 067.4855 0002526 265.0664 245.8099 14.38080561937764
1 25118U 97084G   15326.80036400  .00000697  00000-0  27459-3 0  9995,2 25118  45.0175  62.8723 0002553 268.2944 245.6410 14.38082549937903
1 25118U 97084G   15328.23399175  .00000619  00000-0  24910-3 0  9998,2 25118  45.0176  56.0761 0002597 273.0953 110.0738 14.38084738938106
1 25118U 97084G   15329.57506221  .00000630  00000-0  25272-3 0  9993,2 25118  45.0178  49.7187 0002622 277.6377 215.1326 14.38087082938305
1 25118U 97084G   15329.64846920 +.00000660 +00000-0 +26243-3 0  9996,2 25118 045.0178 049.3707 0002621 277.9260 235.2492 14.38087367938316
1 25118U 97084G   15330.68728737  .00000604  00000-0  24410-3 0  9999,2 25118  45.0179  44.4461 0002627 281.4684 215.0033 14.38088648938462
1 25118U 97084G   15332.19487683  .00000552  00000-0  22717-3 0  9999,2 25118  45.0181  37.2993 0002643 286.6060 102.4092 14.38090626938674
1 25118U 97084G   15333.24000225  .00000549  00000-0  22608-3 0  9994,2 25118  45.0181  32.3448 0002633 290.2376 114.7744 14.38092242938828
1 25118U 97084G   15334.35389032  .00000628  00000-0  25196-3 0  9996,2 25118  45.0182  27.0644 0002616 294.3399 123.0138 14.38094389938991
1 25118U 97084G   15335.55242637  .00000585  00000-0  23795-3 0  9993,2 25118  45.0182  21.3828 0002604 298.8024 209.5583 14.38095909939166
1 25118U 97084G   15335.61937145 +.00000580 +00000-0 +23627-3 0  9994,2 25118 045.0182 021.0655 0002603 299.0854 196.1958 14.38095986939177
1 25118U 97084G   15336.92440075  .00000542  00000-0  22383-3 0  9996,2 25118  45.0182  14.8789 0002589 304.0421 114.1197 14.38097618939354
1 25118U 97084G   15337.56996956 +.00000529 +00000-0 +21950-3 0  9995,2 25118 045.0181 011.8185 0002565 306.4454 217.1648 14.38098415939458
1 25118U 97084G   15339.14877006  .00000425  00000-0  18568-3 0  9991,2 25118  45.0181   4.3338 0002526 312.3587 112.8742 14.38099929939687
1 25118U 97084G   15340.48531402  .00000531  00000-0  22035-3 0  9999,2 25118  45.0180 357.9977 0002474 317.8176 193.6322 14.38102268939871
1 25118U 97084G   15341.01536247 +.00000562 +00000-0 +23036-3 0  9997,2 25118 045.0181 355.4849 0002466 319.9624 058.2990 14.38103146939957
1 25118U 97084G   15342.21108068  .00000556  00000-0  22832-3 0  9992,2 25118  45.0181 349.8163 0002422 324.9636 129.7380 14.38104534940124
1 25118U 97084G   15343.40425738  .00000508  00000-0  21279-3 0  9991,2 25118  45.0180 344.1599 0002372 330.1384 187.8369 14.38105548940293
1 25118U 97084G   15344.84601094  .00000568  00000-0  23225-3 0  9990,2 25118  45.0181 337.3250 0002288 336.3791  93.0566 14.38107803940505
1 25118U 97084G   15344.91786190 +.00000442 +00000-0 +19096-3 0  9991,2 25118 045.0180 336.9844 0002284 336.6946 105.0864 14.38107149940518
1 25118U 97084G   15346.10574508  .00000497  00000-0  20917-3 0  9996,2 25118  45.0180 331.3529 0002205 342.2380 135.4041 14.38109116940683
1 25118U 97084G   15347.21744755  .00000482  00000-0  20400-3 0  9993,2 25118  45.0180 326.0826 0002139 347.7299 130.9941 14.38110509940844
1 25118U 97084G   15348.40768727  .00000550  00000-0  22650-3 0  9995,2 25118  45.0179 320.4400 0002067 353.6992 173.1098 14.38112406941014
1 25118U 97084G   15348.93730973 +.00000589 +00000-0 +23922-3 0  9990,2 25118 045.0179 317.9290 0002028 356.1980 035.2351 14.38113384941098
1 25118U 97084G   15349.85097156  .00000615  00000-0  24761-3 0  9993,2 25118  45.0178 313.5975 0001976   1.1582  85.0816 14.38114886941227
1 25118U 97084G   15349.90933966 +.00000625 +00000-0 +25095-3 0  9999,2 25118 045.0178 313.3208 0001970 001.4891 027.2280 14.38115038941238
1 25118U 97084G   15350.88105461  .00000559  00000-0  22931-3 0  9991,2 25118  45.0178 308.7140 0001899   6.9094  17.4637 14.38116151941375
1 25118U 97084G   15350.95490207 +.00000502 +00000-0 +21053-3 0  9996,2 25118 045.0178 308.3639 0001896 007.4410 039.6268 14.38115934941384
1 25118U 97084G   15352.01014586  .00000478  00000-0  20293-3 0  9994,2 25118  45.0178 303.3611 0001823  13.7985 101.7975 14.38117381941537
1 25118U 97084G   15353.26684244  .00000568  00000-0  23216-3 0  9994,2 25118  45.0178 297.4035 0001770  21.8372 126.2706 14.38119626941719
1 25118U 97084G   15354.30673771  .00000538  00000-0  22253-3 0  9990,2 25118  45.0177 292.4737 0001724  28.4512 108.6569 14.38120963941863
1 25118U 97084G   15354.91496078 +.00000623 +00000-0 +25002-3 0  9990,2 25118 045.0176 289.5902 0001674 032.2087 016.8702 14.38122418941953
1 25118U 97084G   15355.88705266  .00000712  00000-0  27922-3 0  9991,2 25118  45.0174 284.9817 0001621  39.3474   7.3747 14.38124814942086
1 25118U 97084G   15357.15445971  .00000668  00000-0  26476-3 0  9990,2 25118  45.0173 278.9732 0001580  49.0455  85.7284 14.38126917942278
1 25118U 97084G   15358.19946972  .00000639  00000-0  25525-3 0  9994,2 25118  45.0171 274.0189 0001560  57.0150  93.2962 14.38128746942424
1 25118U 97084G   15358.88610164 +.00000655 +00000-0 +26055-3 0  9998,2 25118 045.0170 270.7635 0001546 062.3758 046.2605 14.38130152942526
1 25118U 97084G   15359.85806811  .00000619  00000-0  24877-3 0  9992,2 25118  45.0169 266.1555 0001533  70.1996  35.4514 14.38131709942664
1 25118U 97084G   15361.18886273  .00000500  00000-0  20982-3 0  9993,2 25118  45.0167 259.8463 0001544  81.2803  80.9448 14.38133244942859
1 25118U 97084G   15361.87591168 +.00000422 +00000-0 +18449-3 0  9993,2 25118 045.0167 256.5890 0001547 086.9436 035.7768 14.38133850942951
1 25118U 97084G   15362.84808861  .00000377  00000-0  16987-3 0  9996,2 25118  45.0165 251.9799 0001581  95.0762  25.7619 14.38134887943098
1 25118U 97084G   15364.16493707  .00000281  00000-0  13831-3 0  9991,2 25118  45.0163 245.7370 0001632 104.7810   0.3710 14.38135822943283
1 25118U 97084G   15365.21595605  .00000332  00000-0  15493-3 0  9991,2 25118  45.0162 240.7542 0001676 112.6842  39.1750 14.38137061943437
1 25118U 97084G   15365.89447633 +.00000317 +00000-0 +15007-3 0  9996,2 25118 045.0161 237.5373 0001719 117.9594 310.2052 14.38137599943537
1 25118U 97084G   16001.86638153  .00000288  00000-0  14077-3 0  9993,2 25118  45.0159 232.9295 0001773 124.8434 300.0423 14.38138331943675
1 25118U 97084G   16003.13199421  .00000238  00000-0  12441-3 0  9993,2 25118  45.0156 226.9291 0001868 133.3252  10.3713 14.38139203943851
1 25118U 97084G   16004.56754248  .00000229  00000-0  12139-3 0  9999,2 25118  45.0155 220.1228 0001981 142.7261 240.4470 14.38140357944057
1 25118U 97084G   16004.93586986 +.00000204 +00000-0 +11309-3 0  9993,2 25118 045.0155 218.3766 0002019 144.8170 347.1478 14.38140463944116
1 25118U 97084G   16005.82719644  .00000189  00000-0  10820-3 0  9990,2 25118  45.0155 214.1506 0002099 150.5038 280.6060 14.38140966944247
1 25118U 97084G   16005.90032507 +.00000163 +00000-0 +99839-4 0  9995,2 25118 045.0155 213.8038 0002107 150.9928 299.0935 14.38140871944256
1 25118U 97084G   16007.01964130  .00000140  00000-0  92237-4 0  9995,2 25118  45.0154 208.4970 0002195 157.6413 333.1091 14.38141417944418
1 25118U 97084G   16008.52777334  .00000102  00000-0  79760-4 0  9994,2 25118  45.0154 201.3465 0002347 166.4516 219.9385 14.38142070944626
1 25118U 97084G   16008.96962689 +.00000103 +00000-0 +80140-4 0  9996,2 25118 045.0155 199.2516 0002393 168.7426 347.4802 14.38142362944697
1 25118U 97084G   16009.86850206  .00000080  00000-0  72797-4 0  9990,2 25118  45.0155 194.9899 0002484 173.6496 320.8453 14.38142778944829
1 25118U 97084G   16009.94191954 +.00000091 +00000-0 +76191-4 0  9991,2 25118 045.0155 194.6418 0002490 173.9993 340.9698 14.38142890944835
1 25118U 97084G   16010.98025387  .00000097  00000-0  78407-4 0  9991,2 25118  45.0155 189.7189 0002587 179.5342 316.4334 14.38143517944980
1 25118U 97084G   16012.56117162  .00000228  00000-0  12100-3 0  9993,2 25118  45.0155 182.2233 0002748 187.9010 220.9215 14.38145209945216
1 25118U 97084G   16012.92425791 +.00000217 +00000-0 +11737-3 0  9996,2 25118 045.0155 180.5019 0002786 189.7221 300.7379 14.38145370945267
1 25118U 97084G   16013.82903692  .00000263  00000-0  13256-3 0  9996,2 25118  45.0155 176.2121 0002878 194.3243 305.0138 14.38146314945395
1 25118U 97084G   16013.90249797 +.00000247 +00000-0 +12713-3 0  9993,2 25118 045.0155 175.8638 0002882 194.6059 325.4328 14.38146274945400
1 25118U 97084G   16014.87513183  .00000263  00000-0  13236-3 0  9992,2 25118  45.0156 171.2522 0002972 199.2704 321.2968 14.38147171945547
1 25118U 97084G   16015.54610494 +.00000244 +00000-0 +12623-3 0  9998,2 25118 045.0157 168.0709 0003039 202.5583 195.2275 14.38147647945646
1 25118U 97084G   16016.04507215  .00000252  00000-0  12894-3 0  9999,2 25118  45.0158 165.7053 0003069 204.8603 258.7499 14.38148116945717
1 25118U 97084G   16017.48951840  .00000278  00000-0  13750-3 0  9995,2 25118  45.0161 158.8568 0003199 211.5563 177.6881 14.38149398945929
1 25118U 97084G   16018.53441380  .00000306  00000-0  14660-3 0  9998,2 25118  45.0163 153.9029 0003287 216.3909 187.8777 14.38150431946078
1 25118U 97084G   16018.90228125 +.00000287 +00000-0 +14040-3 0  9999,2 25118 045.0163 152.1589 0003310 218.0665 292.6249 14.38150678946123
1 25118U 97084G   16019.80694461  .00000343  00000-0  15855-3 0  9997,2 25118  45.0164 147.8698 0003385 222.0988 296.8877 14.38151759946259
1 25118U 97084G   16019.87539088 +.00000285 +00000-0 +13959-3 0  9995,2 25118 045.0164 147.5453 0003393 222.4344 291.2660 14.38151538946269
1 25118U 97084G   16020.84578324  .00000336  00000-0  15626-3 0  9990,2 25118  45.0164 142.9446 0003467 226.7898 275.8420 14.38152778946408
1 25118U 97084G   16022.15180425  .00000361  00000-0  16429-3 0  9997,2 25118  45.0166 136.7525 0003564 232.4811 198.4420 14.38154404946594
1 25118U 97084G   16023.19452804  .00000373  00000-0  16823-3 0  9996,2 25118  45.0167 131.8088 0003625 236.7870 197.9260 14.38155580946744
1 25118U 97084G   16024.51282123  .00000365  00000-0  16584-3 0  9993,2 25118  45.0167 125.5586 0003699 242.1615 184.4519 14.38156944946930
1 25118U 97084G   16024.73340611 +.00000370 +00000-0 +16747-3 0  9991,2 25118 045.0168 124.5128 0003712 243.2614 246.5081 14.38157209946961
1 25118U 97084G   16025.63936428  .00000360  00000-0  16405-3 0  9998,2 25118  45.0168 120.2175 0003761 247.0153 257.7813 14.38158163947092
1 25118U 97084G   16026.68424841  .00000316  00000-0  14970-3 0  9991,2 25118  45.0169 115.2635 0003813 251.3868 268.4085 14.38159055947245
1 25118U 97084G   16027.51034130  .00000304  00000-0  14588-3 0  9994,2 25118  45.0173 111.3472 0003967 254.6732 226.2955 14.38182369947367
1 25118U 97084G   16028.59847512  .00000509  00000-0  16583-3 0  9993,2 25118  45.0166 106.1888 0003897 255.6611 104.4291 14.38162264947521
1 25118U 97084G   16028.69931566  .00000228  00000-0  12100-3 0  9996,2 25118  45.0172 105.7097 0004003 259.0928 263.7117 14.38183412947539
1 25118U 97084G   16030.20224686  .00000369  00000-0  16699-3 0  9997,2 25118  45.0173  98.5837 0004062 265.3385 126.3840 14.38185215947746
1 25118U 97084G   16031.54302821  .00000379  00000-0  17021-3 0  9994,2 25118  45.0173  92.2267 0004082 270.8975 229.4108 14.38186716947943
1 25118U 97084G   16031.81981564 +.00000390 +00000-0 +17375-3 0  9996,2 25118 045.0173 090.9144 0004090 272.1389 222.6191 14.38187121947987
1 25118U 97084G   16032.58785679  .00000444  00000-0  19138-3 0  9999,2 25118  45.0172  87.2728 0004087 275.0610 240.0674 14.38188277948094
1 25118U 97084G   16033.62649221  .00000385  00000-0  17225-3 0  9996,2 25118  45.0172  82.3482 0004096 279.4263 218.4274 14.38188994948247
1 25118U 97084G   16035.13479439  .00000340  00000-0  15760-3 0  9999,2 25118  45.0172  75.1965 0004098 285.5460 109.0878 14.38190222948457
1 25118U 97084G   16036.17957980  .00000359  00000-0  16351-3 0  9993,2 25118  45.0173  70.2426 0004086 289.9719 119.2705 14.38191370948613
1 25118U 97084G   16037.52033106  .00000411  00000-0  18074-3 0  9991,2 25118  45.0173  63.8856 0004065 295.8229 221.8810 14.38193153948806
1 25118U 97084G   16038.55916331  .00000455  00000-0  19481-3 0  9996,2 25118  45.0174  58.9600 0004043 300.3489 201.1229 14.38194636948953
1 25118U 97084G   16040.06732978  .00000453  00000-0  19447-3 0  9998,2 25118  45.0175  51.8089 0004003 306.8980  90.6853 14.38196556949161
1 25118U 97084G   16041.18018428  .00000501  00000-0  20999-3 0  9997,2 25118  45.0176  46.5324 0003959 311.7602  93.2261 14.38198206949324
1 25118U 97084G   16042.38228199  .00000504  00000-0  21087-3 0  9990,2 25118  45.0176  40.8326 0003904 317.1141 197.7872 14.38199743949506
1 25118U 97084G   16043.49152935  .00000515  00000-0  21462-3 0  9996,2 25118  45.0176  35.5731 0003851 322.2131 181.4105 14.38201356949664
1 25118U 97084G   16043.95461921 +.00000480 +00000-0 +20295-3 0  9999,2 25118 045.0177 033.3773 0003828 324.2459 059.3623 14.38201782949735
1 25118U 97084G   16045.06660403  .00000517  00000-0  21503-3 0  9993,2 25118  45.0178  28.1047 0003768 329.6339  56.8917 14.38203506949881
1 25118U 97084G   16046.12226068  .00000507  00000-0  21201-3 0  9990,2 25118  45.0179  23.0993 0003705 334.6818 122.8423 14.38204811950041
1 25118U 97084G   16047.38573090  .00000567  00000-0  23145-3 0  9994,2 25118  45.0180  17.1086 0003629 340.9383 184.5959 14.38206700950220
1 25118U 97084G   16048.35725356  .00000648  00000-0  25790-3 0  9994,2 25118  45.0181  12.5022 0003598 346.0723 174.4676 14.38220917950365
1 25118U 97084G   16048.90135998 +.00000524 +00000-0 +21747-3 0  9993,2 25118 045.0182 009.9222 0003553 348.7439 111.6914 14.38221647950440
1 25118U 97084G   16049.71556891  .00000712  00000-0  23158-3 0  9999,2 25118  45.0178   6.0628 0003315 348.9374  11.1882 14.38214039950567
1 25118U 97084G   16049.85917436  .00000735  00000-0  28623-3 0  9997,2 25118  45.0182   5.3807 0003493 354.2618  30.1649 14.38223742950575
1 25118U 97084G   16051.19246935  .00000497  00000-0  20855-3 0  9990,2 25118  45.0183 359.0589 0003375   1.1856  93.2125 14.38224854950779
1 25118U 97084G   16052.24419866  .00000420  00000-0  18342-3 0  9996,2 25118  45.0183 354.0720 0003307   6.7929 138.3314 14.38225859950922
1 25118U 97084G   16052.92012772 +.00000400 +00000-0 +17698-3 0  9997,2 25118 045.0183 350.8670 0003250 010.4748 037.7440 14.38226650951022
1 25118U 97084G   16053.83398699  .00000408  00000-0  17940-3 0  9991,2 25118  45.0182 346.5338 0003189  15.6738  88.7475 14.38227797951152
1 25118U 97084G   16053.90452758 +.00000378 +00000-0 +16993-3 0  9999,2 25118 045.0182 346.1994 0003182 016.1182 093.8903 14.38227778951161
1 25118U 97084G   16055.23322404  .00000346  00000-0  15934-3 0  9990,2 25118  45.0181 339.8993 0003104  24.0783 132.0910 14.38229172951352
1 25118U 97084G   16056.40328976  .00000391  00000-0  17406-3 0  9996,2 25118  45.0181 334.3512 0003029  31.1168  69.0931 14.38230760951527
1 25118U 97084G   16056.89195034 +.00000347 +00000-0 +15973-3 0  9994,2 25118 045.0181 332.0342 0002997 034.2280 078.5393 14.38231026951595
1 25118U 97084G   16057.86331855  .00000383  00000-0  17135-3 0  9997,2 25118  45.0180 327.4284 0002959  40.4767  66.5565 14.38232203951736
1 25118U 97084G   16059.18757317  .00000358  00000-0  16322-3 0  9998,2 25118  45.0179 321.1494 0002904  48.9996  81.1927 14.38233390951929
1 25118U 97084G   16059.88132495 +.00000338 +00000-0 +15683-3 0  9996,2 25118 045.0178 317.8598 0002871 053.7618 071.9118 14.38234008952021
1 25118U 97084G   16060.84653131  .00000329  00000-0  15371-3 0  9993,2 25118  45.0177 313.2832 0002847  60.2921  27.7221 14.38234912952167
1 25118U 97084G   16060.91943630 +.00000309 +00000-0 +14725-3 0  9997,2 25118 045.0177 312.9375 0002845 060.8071 045.0498 14.38234906952178
1 25118U 97084G   16062.10918477  .00000313  00000-0  14866-3 0  9992,2 25118  45.0174 307.2961 0002824  68.8185  83.1107 14.38236097952346
1 25118U 97084G   16062.77953733 +.00000338 +00000-0 +15683-3 0  9994,2 25118 045.0173 304.1175 0002815 073.0666 313.0792 14.38236828952448
1 25118U 97084G   16063.83551943  .00000365  00000-0  16556-3 0  9999,2 25118  45.0171 299.1103 0002802  80.0803  18.8781 14.38237966952595
1 25118U 97084G   16063.90860383 +.00000358 +00000-0 +16311-3 0  9999,2 25118 045.0171 298.7637 0002802 080.5737 037.1577 14.38238001952603
1 25118U 97084G   16065.09735102  .00000434  00000-0  18803-3 0  9994,2 25118  45.0168 293.1268 0002822  89.0649  69.5625 14.38239522952776
1 25118U 97084G   16066.46905025  .00000439  00000-0  18960-3 0  9998,2 25118  45.0167 286.6223 0002839  98.8586 328.8535 14.38240944952961
1 25118U 97084G   16067.51325447  .00000490  00000-0  20638-3 0  9991,2 25118  45.0165 281.6707 0002864 105.6163 333.8850 14.38242525953129
1 25118U 97084G   16067.94183263 +.00000432 +00000-0 +18746-3 0  9999,2 25118 045.0165 279.6384 0002888 108.4716 032.2186 14.38242689953187
1 25118U 97084G   16068.69425880  .00000428  00000-0  18600-3 0  9990,2 25118  45.0164 276.0704 0002917 113.6913 326.5959 14.38243574953296
1 25118U 97084G   16069.88579977  .00000414  00000-0  18139-3 0  9991,2 25118  45.0163 270.4201 0002965 121.6322  14.0545 14.38244817953461
1 25118U 97084G   16070.99597854  .00000390  00000-0  17365-3 0  9992,2 25118  45.0162 265.1558 0003065 129.9022 359.5145 14.38246003953626
1 25118U 97084G   16072.50237983  .00000401  00000-0  17707-3 0  9998,2 25118  45.0160 258.0121 0003182 140.0334 236.6263 14.38247868953830
1 25118U 97084G   16073.55342571  .00000384  00000-0  17158-3 0  9994,2 25118  45.0160 253.0279 0003260 146.4483 277.4639 14.38244695953993
1 25118U 97084G   16073.91058578 +.00000425 +00000-0 +18501-3 0  9994,2 25118 045.0160 251.3343 0003299 148.6516 326.3154 14.38245073954043
1 25118U 97084G   16074.80915454  .00000323  00000-0  15163-3 0  9996,2 25118  45.0160 247.0733 0003390 154.4507 297.5323 14.38245705954178
1 25118U 97084G   16074.88243942 +.00000347 +00000-0 +15943-3 0  9992,2 25118 045.0160 246.7258 0003394 154.8838 316.9134 14.38245946954185
1 25118U 97084G   16075.85428072  .00000372  00000-0  16779-3 0  9995,2 25118  45.0161 242.1172 0003485 160.6454 307.9218 14.38247029954324
1 25118U 97084G   16075.92929329 +.00000375 +00000-0 +16876-3 0  9995,2 25118 045.0160 241.7615 0003492 161.0595 336.2763 14.38247115954336
1 25118U 97084G   16076.97462466  .00000381  00000-0  17066-3 0  9994,2 25118  45.0161 236.8044 0003592 166.9399 348.0485 14.38248184954480
1 25118U 97084G   16078.48191618  .00000377  00000-0  16939-3 0  9993,2 25118  45.0163 229.6568 0003729 175.2076 231.6472 14.38249796954696
1 25118U 97084G   16079.52183046  .00000321  00000-0  15103-3 0  9996,2 25118  45.0164 224.7256 0003826 180.6351 215.8070 14.38250634954849
1 25118U 97084G   16079.88851265 +.00000337 +00000-0 +15616-3 0  9996,2 25118 045.0164 222.9870 0003855 182.4292 314.4263 14.38251139954905
1 25118U 97084G   16081.19369105  .00000352  00000-0  16109-3 0  9995,2 25118  45.0165 216.7980 0003975 189.3229 231.9172 14.38252562955081
1 25118U 97084G   16081.53795869 +.00000345 +00000-0 +15903-3 0  9996,2 25118 045.0165 215.1654 0004016 191.0646 214.4223 14.38252888955132
1 25118U 97084G   16082.73994273  .00000308  00000-0  14695-3 0  9995,2 25118  45.0164 209.4658 0004132 197.0819 317.9682 14.38253886955315
1 25118U 97084G   16084.52737137  .00000292  00000-0  14153-3 0  9999,2 25118  45.0164 200.9898 0004305 205.9490 212.8765 14.38255544955568
1 25118U 97084G   16085.57243653  .00000264  00000-0  13253-3 0  9999,2 25118  45.0165 196.0342 0004395 211.0185 224.1109 14.38256340955727
1 25118U 97084G   16086.76493824  .00000273  00000-0  13537-3 0  9993,2 25118  45.0165 190.3794 0004491 216.5414 279.0212 14.38257356955897
1 25118U 97084G   16088.14169012  .00000274  00000-0  13564-3 0  9997,2 25118  45.0165 183.8509 0004603 222.8336 208.0891 14.38258458956098
1 25118U 97084G   16089.24475543  .00000298  00000-0  14360-3 0  9999,2 25118  45.0165 178.6203 0004685 227.8437 159.9963 14.38259633956256
1 25118U 97084G   16090.50483200  .00000325  00000-0  15236-3 0  9993,2 25118  45.0165 172.6453 0004764 233.2973 205.2178 14.38261138956437
1 25118U 97084G   16091.54964008  .00000349  00000-0  16004-3 0  9998,2 25118  45.0165 167.6909 0004832 237.8899 215.6193 14.38262338956581
1 25118U 97084G   16092.66906478  .00000342  00000-0  15783-3 0  9995,2 25118  45.0163 162.3826 0004891 242.7988 252.4275 14.38263341956741
1 25118U 97084G   16094.17682777  .00000349  00000-0  16024-3 0  9992,2 25118  45.0161 155.2327 0004967 249.4118 140.2058 14.38264821956959
1 25118U 97084G   16095.22204870  .00000306  00000-0  14611-3 0  9996,2 25118  45.0161 150.2761 0005005 253.9724 152.7899 14.38265524957114
1 25118U 97084G   16096.48193883  .00000271  00000-0  13480-3 0  9990,2 25118  45.0161 144.3016 0005041 259.5050 196.9887 14.38266426957293
1 25118U 97084G   16097.52704251  .00000271  00000-0  13487-3 0  9990,2 25118  45.0161 139.3456 0005065 264.0630 208.9755 14.38267303957446
1 25118U 97084G   16097.60091102 +.00000272 +00000-0 +13511-3 0  9992,2 25118 045.0161 138.9953 0005066 264.3868 231.4963 14.38267370957457
1 25118U 97084G   16098.57348654  .00000300  00000-0  14413-3 0  9990,2 25118  45.0161 134.3832 0005088 268.6395 227.8942 14.38268324957590
1 25118U 97084G   16100.15381380  .00000305  00000-0  14573-3 0  9993,2 25118  45.0161 126.8890 0005107 275.4076 131.6314 14.38269797957820
1 25118U 97084G   16101.19469932  .00000282  00000-0  13820-3 0  9996,2 25118  45.0161 121.9530 0005107 279.8947 121.8403 14.38270674957974
1 25118U 97084G   16102.53334141  .00000268  00000-0  13380-3 0  9993,2 25118  45.0161 115.6049 0005093 285.8229 213.8241 14.38271832958164
1 25118U 97084G   16103.83796984  .00000357  00000-0  16276-3 0  9990,2 25118  45.0161 109.4180 0005077 291.5290 129.7497 14.38273442958353
1 25118U 97084G   16105.16388694  .00000432  00000-0  18707-3 0  9998,2 25118  45.0161 103.1301 0005034 297.2008 156.0529 14.38275131958549
1 25118U 97084G   16106.19996588  .00000412  00000-0  18061-3 0  9990,2 25118  45.0162  98.2167 0004995 301.8565 121.2008 14.38276097958693
1 25118U 97084G   16107.46543800  .00000380  00000-0  17009-3 0  9991,2 25118  45.0163  92.2156 0004936 307.7987 193.9693 14.38277285958870
1 25118U 97084G   16107.79796270 +.00000377 +00000-0 +16939-3 0  9995,2 25118 045.0164 090.6387 0004924 309.1550 116.0294 14.38277676958921
1 25118U 97084G   16109.18860347  .00000416  00000-0  18209-3 0  9993,2 25118  45.0167  84.0441 0004842 315.5124 117.1196 14.38279484959124
1 25118U 97084G   16110.38192190  .00000387  00000-0  17240-3 0  9992,2 25118  45.0168  78.3853 0004771 321.0543 176.3421 14.38280559959297
1 25118U 97084G   16111.42680105  .00000287  00000-0  13992-3 0  9995,2 25118  45.0169  73.4304 0004697 325.9729 186.8554 14.38281005959448
1 25118U 97084G   16111.96201977 +.00000273 +00000-0 +13526-3 0  9998,2 25118 045.0170 070.8922 0004657 328.4205 078.3581 14.38281458959526
1 25118U 97084G   16113.22932388  .00000244  00000-0  12590-3 0  9994,2 25118  45.0171  64.8826 0004561 334.6557 160.3526 14.38282435959703
1 25118U 97084G   16114.34105905  .00000225  00000-0  11974-3 0  9999,2 25118  45.0173  59.6107 0004474 340.2667 156.6862 14.38283222959860
1 25118U 97084G   16115.38576442  .00000222  00000-0  11880-3 0  9995,2 25118  45.0174  54.6566 0004389 345.3800 166.1153 14.38283934960013
1 25118U 97084G   16117.26322481 -.00000115  00000-0  89650-5 0  9990,2 25118  45.0177  45.7538 0004211 355.3592 166.6902 14.38279604960284
1 25118U 97084G   16118.83859453  .00000174  00000-0  10326-3 0  9994,2 25118  45.0179  38.2834 0004088   3.6647  43.2606 14.38281083960508
1 25118U 97084G   16118.90718441 +.00000177 +00000-0 +10411-3 0  9991,2 25118 045.0179 037.9582 0004076 003.9873 038.4280 14.38281148960523
1 25118U 97084G   16120.17886773  .00000245  00000-0  12632-3 0  9990,2 25118  45.0180  31.9280 0003981  11.2346 142.1072 14.38282441960704
1 25118U 97084G   16121.21734824  .00000288  00000-0  14041-3 0  9998,2 25118  45.0180  27.0036 0003901  17.1141 118.5053 14.38283478960852
1 25118U 97084G   16122.52207529  .00000305  00000-0  14575-3 0  9992,2 25118  45.0180  20.8165 0003798  24.6333  33.1821 14.38284646961041
1 25118U 97084G   16122.81005115 +.00000313 +00000-0 +14850-3 0  9996,2 25118 045.0180 019.4508 0003767 026.3734 083.9770 14.38284957961081
1 25118U 97084G   16123.85427314  .00000357  00000-0  16284-3 0  9991,2 25118  45.0179  14.4990 0003694  32.7056  89.6913 14.38286270961235
1 25118U 97084G   16125.11076831  .00000385  00000-0  17178-3 0  9990,2 25118  45.0179   8.5407 0003622  40.5372 114.0932 14.38287842961411
1 25118U 97084G   16125.79734163 +.00000359 +00000-0 +16353-3 0  9998,2 25118 045.0179 005.2847 0003570 044.8741 068.1691 14.38288474961516
1 25118U 97084G   16126.76867539  .00000358  00000-0  16297-3 0  9996,2 25118  45.0179   0.6785 0003512  51.1000  56.2326 14.38289535961658
1 25118U 97084G   16126.83645696 +.00000359 +00000-0 +16323-3 0  9993,2 25118 045.0179 000.3571 0003508 051.5241 047.1112 14.38289613961664
1 25118U 97084G   16128.09954513  .00000373  00000-0  16773-3 0  9999,2 25118  45.0175 354.3644 0001900  73.6066  91.4934 14.38310209961847
1 25118U 97084G   16129.07102668  .00000675  00000-0  26629-3 0  9990,2 25118  45.0177 349.7602 0003494  67.0179  93.1850 14.38309482961985
1 25118U 97084G   16130.10241329  .00000248  00000-0  12717-3 0  9993,2 25118  45.0176 344.8690 0003486  74.2086  31.6068 14.38310066962131
1 25118U 97084G   16130.94209138 +.00000317 +00000-0 +14954-3 0  9999,2 25118 045.0176 340.8870 0003471 079.9919 057.8277 14.38311403962259
1 25118U 97084G   16131.91366947 +.00000347 +00000-0 +15944-3 0  9992,2 25118 045.0176 336.2795 0003463 086.3770 047.0789 14.38312519962395
1 25118U 97084G   16132.88676634 +.00000318 +00000-0 +14995-3 0  9999,2 25118 045.0175 331.6647 0003466 092.9943 043.9722 14.38313338962535
1 25118U 97084G   16134.00334164  .00000295  00000-0  14251-3 0  9993,2 25118  45.0174 326.3693 0003475  99.5924  64.5291 14.38314265962695
1 25118U 97084G   16135.50828196  .00000286  00000-0  13945-3 0  9991,2 25118  45.0173 319.2320 0003507 109.4741 294.6857 14.38315604962902
1 25118U 97084G   16136.55292630  .00000304  00000-0  14540-3 0  9998,2 25118  45.0174 314.2777 0003561 117.2213 301.2894 14.38316730963059
1 25118U 97084G   16136.90482328 +.00000300 +00000-0 +14394-3 0  9995,2 25118 045.0174 312.6090 0003581 119.4381 322.9416 14.38317044963117
1 25118U 97084G   16137.74507568  .00000329  00000-0  15351-3 0  9997,2 25118  45.0175 308.6242 0003625 125.2433 352.1342 14.38317901963232
1 25118U 97084G   16138.84979734  .00000333  00000-0  15484-3 0  9999,2 25118  45.0174 303.3851 0003709 132.8411 310.2717 14.38318848963391
1 25118U 97084G   16140.44058414  .00000273  00000-0  13543-3 0  9998,2 25118  45.0174 295.8411 0003799 142.3623 265.7508 14.38319837963625
1 25118U 97084G   16141.48559131  .00000261  00000-0  13146-3 0  9991,2 25118  45.0173 290.8853 0003860 147.9641 276.3949 14.38320722963777
1 25118U 97084G   16142.53775530  .00000231  00000-0  12152-3 0  9994,2 25118  45.0172 285.8954 0003942 153.9977 323.7035 14.38321445963925
1 25118U 97084G   16142.73765207 +.00000233 +00000-0 +12222-3 0  9996,2 25118 045.0172 284.9474 0003956 155.0622 278.7000 14.38321622963958
1 25118U 97084G   16143.72187822  .00000217  00000-0  11699-3 0  9996,2 25118  45.0172 280.2800 0004027 160.6272 334.3582 14.38322198964092
1 25118U 97084G   16145.51037685  .00000151  00000-0  95575-4 0  9999,2 25118  45.0171 271.7982 0004187 170.8753 233.8653 14.38322846964341
1 25118U 97084G   16145.59266942 +.00000150 +00000-0 +95191-4 0  9990,2 25118 045.0171 271.4080 0004198 171.2660 299.9956 14.38322876964365
1 25118U 97084G   16146.63736209  .00000119  00000-0  85036-4 0  9996,2 25118  45.0171 266.4536 0004300 176.9495 308.9374 14.38323256964513
1 25118U 97084G   16147.68449079  .00000080  00000-0  72305-4 0  9990,2 25118  45.0170 261.4876 0004389 182.2540 330.8860 14.38323589964661
1 25118U 97084G   16149.19774123  .00000068  00000-0  68482-4 0  9996,2 25118  45.0170 254.3112 0004535 190.1932 246.1058 14.38324265964885
1 25118U 97084G   16149.41222956 +.00000075 +00000-0 +70818-4 0  9997,2 25118 045.0170 253.2940 0004556 191.1075 276.8827 14.38324431964917
1 25118U 97084G   16150.38402968  .00000124  00000-0  86753-4 0  9998,2 25118  45.0169 248.6853 0004643 195.9836 268.8395 14.38325248965054
1 25118U 97084G   16151.48789270  .00000187  00000-0  10734-3 0  9998,2 25118  45.0168 243.4504 0004760 201.6178 224.5232 14.38326326965218
1 25118U 97084G   16152.53284498  .00000196  00000-0  11027-3 0  9993,2 25118  45.0166 238.4948 0004852 206.7021 235.4252 14.38327123965362
1 25118U 97084G   16152.68626075 +.00000202 +00000-0 +11207-3 0  9998,2 25118 045.0165 237.7673 0004868 207.4121 309.8693 14.38327260965383
1 25118U 97084G   16154.18800784  .00000196  00000-0  11020-3 0  9991,2 25118  45.0163 230.6453 0004984 214.6754 166.1645 14.38328365965603
1 25118U 97084G   16155.23300175  .00000220  00000-0  11792-3 0  9991,2 25118  45.0162 225.6894 0005059 219.6085 177.4395 14.38329172965751
1 25118U 97084G   16156.57317418  .00000222  00000-0  11872-3 0  9998,2 25118  45.0161 219.3336 0005154 225.6768 277.4949 14.38330012965944
1 25118U 97084G   16157.61837267  .00000207  00000-0  11366-3 0  9994,2 25118  45.0160 214.3767 0005221 230.6572 289.7892 14.38330611966095
1 25118U 97084G   16159.19323421  .00000173  00000-0  10263-3 0  9998,2 25118  45.0159 206.9078 0005318 237.7119 165.2654 14.38331613966319
1 25118U 97084G   16159.55474442 +.00000171 +00000-0 +10200-3 0  9997,2 25118 045.0159 205.1934 0005332 239.2923 237.3981 14.38331842966371
1 25118U 97084G   16160.52141390  .00000170  00000-0  10182-3 0  9997,2 25118  45.0158 200.6089 0005379 243.6201 203.3361 14.38332521966516
1 25118U 97084G   16162.19326604  .00000156  00000-0  97056-4 0  9995,2 25118  45.0156 192.6800 0005439 250.9388 221.2619 14.38333491966757
1 25118U 97084G   16162.87715235 +.00000170 +00000-0 +10160-3 0  9998,2 25118 045.0155 189.4366 0005456 253.8760 162.9242 14.38334032966858
1 25118U 97084G   16163.52231770  .00000195  00000-0  10989-3 0  9994,2 25118  45.0154 186.3769 0005473 256.7807 263.9288 14.38334634966943
1 25118U 97084G   16163.92121101 +.00000191 +00000-0 +10837-3 0  9992,2 25118 045.0154 184.4850 0005499 258.5710 169.6137 14.38334899967000
1 25118U 97084G   16165.09700649  .00000199  00000-0  11105-3 0  9999,2 25118  45.0154 178.9085 0005525 263.5886 138.7800 14.38335832967167
1 25118U 97084G   16166.43721703  .00000231  00000-0  12165-3 0  9996,2 25118  45.0154 172.5523 0005530 269.2487 239.4756 14.38336952967365
1 25118U 97084G   16167.48283755  .00000247  00000-0  12686-3 0  9997,2 25118  45.0155 167.5932 0005522 273.8171 254.3964 14.38337768967516
1 25118U 97084G   16167.80881557 +.00000263 +00000-0 +13193-3 0  9999,2 25118 045.0156 166.0472 0005528 275.1458 142.6250 14.38338126967560
1 25118U 97084G   16168.78082355  .00000272  00000-0  13494-3 0  9990,2 25118  45.0156 161.4373 0005514 279.3235 136.4047 14.38338977967696
1 25118U 97084G   16168.85305505 +.00000277 +00000-0 +13639-3 0  9999,2 25118 045.0156 161.0948 0005514 279.6564 150.4508 14.38339057967719
1 25118U 97084G   16169.82500331  .00000254  00000-0  12888-3 0  9991,2 25118  45.0157 156.4852 0005493 283.9462 143.8122 14.38339803967844
1 25118U 97084G   16169.95572250 +.00000250 +00000-0 +12774-3 0  9994,2 25118 045.0157 155.8652 0005490 284.4993 100.7827 14.38339902967874
1 25118U 97084G   16171.08544373  .00000254  00000-0  12908-3 0  9999,2 25118  45.0158 150.5074 0005432 289.6863 190.9954 14.38340957968037
1 25118U 97084G   16172.11445700  .00000229  00000-0  12102-3 0  9996,2 25118  45.0158 145.6272 0005372 294.3094 119.8003 14.38341673968181
1 25118U 97084G   16172.94432273 +.00000215 +00000-0 +11646-3 0  9995,2 25118 045.0159 141.6915 0005346 297.9560 097.3912 14.38342190968308
1 25118U 97084G   16173.38665716  .00000204  00000-0  11268-3 0  9992,2 25118  45.0159 139.5937 0005322 299.9364 228.0538 14.38342431968367
1 25118U 97084G   16173.91602414 +.00000185 +00000-0 +10667-3 0  9997,2 25118 045.0160 137.0831 0005293 302.3185 089.4091 14.38342633968448
1 25118U 97084G   16174.82944696  .00000138  00000-0  91429-4 0  9993,2 25118  45.0161 132.7510 0005249 306.1396 139.9084 14.38342906968572
1 25118U 97084G   16174.96077593 +.00000129 +00000-0 +88204-4 0  9998,2 25118 045.0160 132.1281 0005238 306.6303 100.1033 14.38342935968599
1 25118U 97084G   16175.85973457  .00000097  00000-0  78029-4 0  9999,2 25118  45.0162 127.8646 0005180 310.7716  75.3155 14.38343242968722
1 25118U 97084G   16175.93270385 +.00000091 +00000-0 +75898-4 0  9993,2 25118 045.0162 127.5185 0005166 311.1621 093.1290 14.38343256968735
1 25118U 97084G   16176.90561620  .00000071  00000-0  69528-4 0  9997,2 25118  45.0163 122.9043 0005089 315.7604  91.1921 14.38343636968879
1 25118U 97084G   16178.01831495  .00000073  00000-0  70128-4 0  9991,2 25118  45.0166 117.6272 0005005 320.9235  93.2133 14.38344145969036
1 25118U 97084G   16179.21642508  .00000097  00000-0  78077-4 0  9996,2 25118  45.0168 111.9452 0004911 326.6467 177.3688 14.38344771969203
1 25118U 97084G   16180.32987984  .00000081  00000-0  72895-4 0  9995,2 25118  45.0169 106.6647 0004825 331.8623 183.2597 14.38345190969365
1 25118U 97084G   16180.86460911 +.00000064 +00000-0 +67101-4 0  9995,2 25118 045.0170 104.1286 0004771 334.3461 072.3125 14.38345351969440
1 25118U 97084G   16181.76319527  .00000038  00000-0  58827-4 0  9997,2 25118  45.0171  99.8671 0004697 338.6454  45.4442 14.38345633969564
1 25118U 97084G   16181.92080366 +.00000030 +00000-0 +56093-4 0  9996,2 25118 045.0171 099.1196 0004674 339.3735 141.6109 14.38345670969597
1 25118U 97084G   16182.80673348  .00000014  00000-0  50969-4 0  9990,2 25118  45.0172  94.9180 0004593 343.8266  48.9911 14.38345942969719
1 25118U 97084G   16182.87701369 +.00000012 +00000-0 +50436-4 0  9999,2 25118 045.0172 094.5847 0004585 344.1944 052.8904 14.38345969969730
1 25118U 97084G   16183.86305571  .00000022  00000-0  53431-4 0  9993,2 25118  45.0173  89.9084 0004504 349.1104 118.6968 14.38346349969875
1 25118U 97084G   16185.18725413  .00000056  00000-0  64648-4 0  9990,2 25118  45.0173  83.6283 0004373 355.9914 135.2278 14.38346921970063
1 25118U 97084G   16186.23338495  .00000045  00000-0  60967-4 0  9995,2 25118  45.0174  78.6668 0004276   1.4230 151.9662 14.38347201970212
1 25118U 97084G   16186.90996338 +.00000035 +00000-0 +57844-4 0  9994,2 25118 045.0175 075.4580 0004207 005.0246 055.1194 14.38347405970314
1 25118U 97084G   16187.82457929  .00000040  00000-0  59574-4 0  9992,2 25118  45.0176  71.1204 0004123  10.0559 110.6098 14.38347826970442
1 25118U 97084G   16189.08120793  .00000071  00000-0  69649-4 0  9996,2 25118  45.0177  65.1608 0004015  16.9342 136.9325 14.38348529970624
1 25118U 97084G   16190.52423157  .00000127  00000-0  87606-4 0  9992,2 25118  45.0178  58.3172 0003873  25.0970  48.0746 14.38349496970831
1 25118U 97084G   16190.74015485 +.00000129 +00000-0 +88522-4 0  9997,2 25118 045.0178 057.2931 0003860 026.3813 085.9379 14.38349625970867
1 25118U 97084G   16191.84222602  .00000172  00000-0  10226-3 0  9993,2 25118  45.0177  52.0666 0003768  33.0770  31.3675 14.38350480971022
1 25118U 97084G   16191.91523584 +.00000172 +00000-0 +10222-3 0  9990,2 25118 045.0177 051.7203 0003764 033.5194 049.3410 14.38350518971035
1 25118U 97084G   16193.10015137  .00000174  00000-0  10302-3 0  9994,2 25118  45.0177  46.1007 0003677  40.8139  63.5647 14.38351322971201
1 25118U 97084G   16194.54354994  .00000213  00000-0  11579-3 0  9991,2 25118  45.0176  39.2552 0003578  49.7212 335.9194 14.38352465971413
1 25118U 97084G   16194.91139856 +.00000195 +00000-0 +11000-3 0  9998,2 25118 045.0177 037.5106 0003558 052.1444 080.0883 14.38352587971466
1 25118U 97084G   16195.67054539  .00000208  00000-0  11407-3 0  9992,2 25118  45.0177  33.9102 0003507  57.0970  49.8631 14.38353133971578
1 25118U 97084G   16196.92977241  .00000238  00000-0  12381-3 0  9990,2 25118  45.0177  27.9381 0003446  65.4590  88.1926 14.38354064971750
1 25118U 97084G   16197.97271652  .00000166  00000-0  10048-3 0  9997,2 25118  45.0178  22.9917 0003410  72.5428  86.7891 14.38354394971909
1 25118U 97084G   16198.86411769 +.00000159 +00000-0 +97981-4 0  9995,2 25118 045.0178 018.7641 0003388 078.4128 021.1386 14.38354921972035
1 25118U 97084G   16199.47448028  .00000155  00000-0  96836-4 0  9995,2 25118  45.0178  15.8693 0003378  82.5240 300.5980 14.38355300972115
1 25118U 97084G   16199.90909565 +.00000137 +00000-0 +90852-4 0  9993,2 25118 045.0178 013.8081 0003374 085.4939 030.2830 14.38355461972183
1 25118U 97084G   16200.88088484 +.00000077 +00000-0 +71465-4 0  9993,2 25118 045.0179 009.1994 0003361 092.0998 020.5595 14.38355712972325
1 25118U 97084G   16201.85273929  .00000073  00000-0  70137-4 0  9992,2 25118  45.0180   4.5903 0003361  98.6085  11.2722 14.38356131972465
1 25118U 97084G   16201.92725581 +.00000072 +00000-0 +69768-4 0  9993,2 25118 045.0179 004.2369 0003361 099.1361 036.9714 14.38356164972471
1 25118U 97084G   16203.23164061  .00000075  00000-0  70758-4 0  9993,2 25118  45.0179 358.0506 0003374 107.8975 308.9740 14.38356813972669
1 25118U 97084G   16204.47994400  .00000043  00000-0  60343-4 0  9992,2 25118  45.0179 352.1302 0003407 116.4787 290.4830 14.38357225972845
1 25118U 97084G   16205.53544483  .00000036  00000-0  58045-4 0  9990,2 25118  45.0179 347.1244 0003446 123.2533 354.4837 14.38357641972998
1 25118U 97084G   16205.88651693 +.00000023 +00000-0 +53858-4 0  9993,2 25118 045.0179 345.4594 0003466 125.3334 012.0481 14.38357667973048
1 25118U 97084G   16206.85841925  .00000007  00000-0  48603-4 0  9994,2 25118  45.0180 340.8500 0003508 131.4712   3.3861 14.38357878973185
1 25118U 97084G   16208.50794734  .00000007  00000-0  48720-4 0  9993,2 25118  45.0180 333.0267 0003602 141.9850 262.5591 14.38358353973417
1 25118U 97084G   16208.80231120 +.00000008 +00000-0 +49146-4 0  9995,2 25118 045.0180 331.6308 0003622 143.6681 346.5969 14.38358446973460
1 25118U 97084G   16209.77999758  .00000009  00000-0  49480-4 0  9992,2 25118  45.0179 326.9940 0003686 149.7514   7.9731 14.38358820973606
1 25118U 97084G   16210.59831464 +.00000007 +00000-0 +48592-4 0  9994,2 25118 045.0179 323.1130 0003747 154.6877 284.4679 14.38359122973723
1 25118U 97084G   16211.49685899  .00000019  00000-0  52445-4 0  9998,2 25118  45.0179 318.8515 0003817 159.9611 256.4544 14.38359556973847
1 25118U 97084G   16211.79021381 +.00000034 +00000-0 +57368-4 0  9997,2 25118 045.0179 317.4604 0003840 161.4010 335.5069 14.38359757973897
1 25118U 97084G   16212.76244822  .00000050  00000-0  62681-4 0  9994,2 25118  45.0178 312.8495 0003913 166.9415 329.1721 14.38360216974036
1 25118U 97084G   16214.13908825  .00000085  00000-0  74105-4 0  9999,2 25118  45.0176 306.3205 0004025 174.8059 256.5981 14.38360932974236
1 25118U 97084G   16215.24201953  .00000100  00000-0  78887-4 0  9999,2 25118  45.0174 301.0896 0004121 180.7662 207.2654 14.38361502974396
1 25118U 97084G   16216.50195709  .00000119  00000-0  85157-4 0  9998,2 25118  45.0173 295.1141 0004225 187.3297 251.1164 14.38362307974571
1 25118U 97084G   16216.72238095 +.00000119 +00000-0 +84937-4 0  9993,2 25118 045.0172 294.0687 0004238 188.4399 312.4909 14.38362423974603
1 25118U 97084G   16217.69389911  .00000128  00000-0  88130-4 0  9993,2 25118  45.0171 289.4611 0004313 193.3994 303.0340 14.38362990974746
1 25118U 97084G   16219.20209591  .00000141  00000-0  92289-4 0  9992,2 25118  45.0169 282.3081 0004433 201.0558 192.5571 14.38363788974958
1 25118U 97084G   16219.64432513 +.00000137 +00000-0 +90835-4 0  9992,2 25118 045.0169 280.2107 0004465 203.1414 322.6034 14.38363977975022
1 25118U 97084G   16220.54383887  .00000128  00000-0  88062-4 0  9991,2 25118  45.0167 275.9446 0004534 207.5183 300.5260 14.38364423975152
1 25118U 97084G   16220.68398064 +.00000122 +00000-0 +86014-4 0  9998,2 25118 045.0167 275.2799 0004541 208.2157 306.2022 14.38364473975179
1 25118U 97084G   16221.58742859  .00000115  00000-0  83878-4 0  9990,2 25118  45.0165 270.9951 0004606 212.5248 304.5864 14.38364979975301
1 25118U 97084G   16223.16085249  .00000115  00000-0  83779-4 0  9999,2 25118  45.0163 263.5327 0004710 220.0205 172.3641 14.38365895975523
1 25118U 97084G   16224.34911789  .00000158  00000-0  97686-4 0  9996,2 25118  45.0161 257.8969 0004781 225.4766 205.8547 14.38366733975707
1 25118U 97084G   16224.57011955 +.00000163 +00000-0 +99253-4 0  9995,2 25118 045.0161 256.8488 0004788 226.4853 270.3289 14.38366858975738
1 25118U 97084G   16225.54788800 +.00000202 +00000-0 +11205-3 0  9997,2 25118 045.0159 252.2112 0004840 230.8951 293.8336 14.38367595975873
1 25118U 97084G   16226.51924803 +.00000221 +00000-0 +11827-3 0  9991,2 25118 045.0158 247.6041 0004882 235.2503 284.1797 14.38368296976019
1 25118U 97084G   16227.49104086 +.00000218 +00000-0 +11710-3 0  9999,2 25118 045.0158 242.9950 0004916 239.5709 276.8065 14.38368967976155
1 25118U 97084G   16228.52969800  .00000205  00000-0  11290-3 0  9996,2 25118  45.0158 238.0687 0004950 244.1229 255.7724 14.38369655976305
1 25118U 97084G   16230.17969576  .00000199  00000-0  11115-3 0  9998,2 25118  45.0159 230.2428 0005000 251.1535 160.9366 14.38370786976540
1 25118U 97084G   16231.45146008  .00000207  00000-0  11361-3 0  9990,2 25118  45.0158 224.2110 0005007 256.7380 267.1084 14.38371699976727
1 25118U 97084G   16232.49139509  .00000192  00000-0  10880-3 0  9991,2 25118  45.0157 219.2787 0005009 261.2355 252.7625 14.38372375976874
1 25118U 97084G   16232.95302999 +.00000181 +00000-0 +10511-3 0  9996,2 25118 045.0157 217.0892 0005014 263.1910 123.5364 14.38372655976945
1 25118U 97084G   16234.13964119  .00000173  00000-0  10255-3 0  9992,2 25118  45.0157 211.4611 0004995 268.3015 148.8283 14.38373460977106
1 25118U 97084G   16235.18450465  .00000159  00000-0  98162-4 0  9990,2 25118  45.0158 206.5054 0004977 272.7669 160.0649 14.38374008977265
1 25118U 97084G   16236.37325803  .00000165  00000-0  99907-4 0  9994,2 25118  45.0159 200.8672 0004938 277.9840 196.3576 14.38374673977432
1 25118U 97084G   16237.88493770  .00000165  00000-0  10010-3 0  9997,2 25118  45.0161 193.6973 0004893 284.4186 105.2203 14.38375600977655
1 25118U 97084G   16237.95769275 +.00000162 +00000-0 +99067-4 0  9998,2 25118 045.0161 193.3522 0004888 284.6879 122.0533 14.38375636977660
1 25118U 97084G   16239.22476144  .00000143  00000-0  93010-4 0  9991,2 25118  45.0163 187.3427 0004821 290.1860 203.9953 14.38376363977841
1 25118U 97084G   16239.90159156 +.00000128 +00000-0 +87964-4 0  9991,2 25118 045.0163 184.1326 0004789 293.1018 109.2108 14.38376724977947
1 25118U 97084G   16240.27048084  .00000133  00000-0  89465-4 0  9994,2 25118  45.0164 182.3830 0004767 294.6605 219.6711 14.38376968977993
1 25118U 97084G   16241.44119309  .00000137  00000-0  90928-4 0  9993,2 25118  45.0165 176.8306 0004698 299.8677 162.4764 14.38377659978160
1 25118U 97084G   16241.92771231 +.00000143 +00000-0 +92813-4 0  9996,2 25118 045.0165 174.5231 0004672 301.8945 162.1675 14.38377968978235
1 25118U 97084G   16242.88946338  .00000196  00000-0  11005-3 0  9995,2 25118  45.0165 169.9617 0004609 306.1002 102.8946 14.38378808978374
1 25118U 97084G   16244.23001904  .00000188  00000-0  10756-3 0  9990,2 25118  45.0165 163.6037 0004531 311.9001 205.4441 14.38379542978565
1 25118U 97084G   16244.83316192 +.00000180 +00000-0 +10493-3 0  9994,2 25118 045.0165 160.7430 0004492 314.5272 089.0200 14.38379856978652
1 25118U 97084G   16245.26869814  .00000195  00000-0  10961-3 0  9992,2 25118  45.0165 158.6773 0004457 316.5497 184.4644 14.38380201978715
1 25118U 97084G   16245.80619149 +.00000210 +00000-0 +11476-3 0  9996,2 25118 045.0165 156.1280 0004418 318.9528 087.9923 14.38380631978791
1 25118U 97084G   16246.24021022 +.00000272 +00000-0 +13463-3 0  9998,2 25118 045.0165 154.0696 0004385 321.0779 175.4702 14.38381270978850
1 25118U 97084G   16247.21240866  .00000285  00000-0  13889-3 0  9991,2 25118  45.0166 149.4585 0004308 325.4905 170.1515 14.38381984978991
1 25118U 97084G   16247.88938532 +.00000293 +00000-0 +14153-3 0  9992,2 25118 045.0167 146.2476 0004239 328.5264 076.0197 14.38382529979099
1 25118U 97084G   16248.25717538  .00000344  00000-0  15812-3 0  9995,2 25118  45.0166 144.5032 0004208 330.3324 180.5438 14.38383144979140
1 25118U 97084G   16248.86190303 +.00000315 +00000-0 +14862-3 0  9999,2 25118 045.0167 141.6350 0004150 333.0545 072.2470 14.38383500979232
1 25118U 97084G   16249.83375459  .00000308  00000-0  14661-3 0  9993,2 25118  45.0167 137.0256 0004057 337.6174  64.9901 14.38384416979368
1 25118U 97084G   16249.90664071 +.00000308 +00000-0 +14662-3 0  9993,2 25118 045.0167 136.6800 0004051 337.9593 082.4321 14.38384493979388
1 25118U 97084G   16251.03222932  .00000274  00000-0  13534-3 0  9995,2 25118  45.0166 131.3415 0003944 343.5070 151.0453 14.38385439979542
1 25118U 97084G   16252.47747852  .00000257  00000-0  12984-3 0  9996,2 25118  45.0166 124.4869 0003821 350.6053  74.9805 14.38386690979759
1 25118U 97084G   16252.76332206 +.00000256 +00000-0 +12943-3 0  9995,2 25118 045.0166 123.1310 0003777 352.0580 115.1163 14.38386915979796
1 25118U 97084G   16253.65193339  .00000263  00000-0  13174-3 0  9991,2 25118  45.0165 118.9164 0003689 356.5727  36.4661 14.38387647979924
1 25118U 97084G   16254.83865248  .00000241  00000-0  12479-3 0  9990,2 25118  45.0164 113.2877 0003544   2.8512  61.2128 14.38388454980096
1 25118U 97084G   16254.91167304 +.00000241 +00000-0 +12465-3 0  9992,2 25118 045.0164 112.9414 0003539 003.2247 079.3210 14.38388502980101
1 25118U 97084G   16256.03754551  .00000250  00000-0  12757-3 0  9997,2 25118  45.0163 107.6012 0003437   9.2619 148.9318 14.38389459980262
1 25118U 97084G   16256.93584300 +.00000247 +00000-0 +12657-3 0  9994,2 25118 045.0164 103.3405 0003346 014.2388 120.0335 14.38390158980392
1 25118U 97084G   16257.53881800  .00000231  00000-0  12136-3 0  9991,2 25118  45.0164 100.4805 0003285  17.6172   2.0117 14.38390523980476
1 25118U 97084G   16257.90787828 +.00000223 +00000-0 +11888-3 0  9991,2 25118 045.0164 098.7300 0003253 019.7934 112.7585 14.38390714980536
1 25118U 97084G   16258.80813756  .00000210  00000-0  11452-3 0  9994,2 25118  45.0165  94.4600 0003168  24.9360  93.8661 14.38391236980667
1 25118U 97084G   16258.95213171 +.00000218 +00000-0 +11709-3 0  9998,2 25118 045.0165 093.7770 0003160 025.7861 119.3708 14.38391367980687
1 25118U 97084G   16259.85229013  .00000219  00000-0  11742-3 0  9998,2 25118  45.0166  89.5075 0003064  31.2310  99.6561 14.38391992980819
1 25118U 97084G   16259.92740426 +.00000216 +00000-0 +11670-3 0  9999,2 25118 045.0166 089.1512 0003067 031.5958 128.6251 14.38392018980825
1 25118U 97084G   16260.89852856  .00000193  00000-0  10922-3 0  9991,2 25118  45.0166  84.5451 0002979  37.6548 116.1309 14.38392562980964
1 25118U 97084G   16260.96901984 +.00000192 +00000-0 +10879-3 0  9996,2 25118 045.0166 084.2107 0002976 038.0728 121.0858 14.38392608980977
1 25118U 97084G   16262.00753226  .00000158  00000-0  97807-4 0  9996,2 25118  45.0167  79.2850 0002895  44.8313  97.1825 14.38393136981124
1 25118U 97084G   16263.51167289  .00000136  00000-0  90646-4 0  9991,2 25118  45.0168  72.1506 0002791  54.7378 323.5962 14.38393929981332
1 25118U 97084G   16264.56463207  .00000185  00000-0  10646-3 0  9991,2 25118  45.0169  67.1563 0002717  61.9383  14.1381 14.38394828981498
1 25118U 97084G   16264.92937978 +.00000167 +00000-0 +10050-3 0  9991,2 25118 045.0169 065.4263 0002703 064.4402 102.2122 14.38394933981546
1 25118U 97084G   16265.90115661  .00000169  00000-0  10141-3 0  9990,2 25118  45.0170  60.8170 0002655  71.1386  92.4706 14.38395480981687
1 25118U 97084G   16266.87247719 +.00000171 +00000-0 +10194-3 0  9998,2 25118 045.0172 056.2098 0002616 078.0360 080.1677 14.38396080981826
1 25118U 97084G   16267.84418110  .00000147  00000-0  94084-4 0  9995,2 25118  45.0174  51.6009 0002593  84.8520  69.9345 14.38396536981964
1 25118U 97084G   16269.41907605  .00000179  00000-0  10464-3 0  9996,2 25118  45.0177  44.1311 0002565  95.9344 301.9289 14.38397686982184
1 25118U 97084G   16269.85442852 +.00000157 +00000-0 +97275-4 0  9994,2 25118 045.0178 042.0663 0002555 099.1275 035.2778 14.38397816982253
1 25118U 97084G   16270.45938571  .00000182  00000-0  10537-3 0  9993,2 25118  45.0178  39.1970 0002545 103.6115 286.4415 14.38398331982334
1 25118U 97084G   16271.80421748  .00000245  00000-0  12589-3 0  9995,2 25118  45.0179  32.8187 0002553 112.9462  47.7170 14.38399565982530
1 25118U 97084G   16273.17521824  .00000261  00000-0  13105-3 0  9996,2 25118  45.0181  26.3161 0002571 122.5309 304.3895 14.38400757982723
1 25118U 97084G   16274.49272407  .00000258  00000-0  13031-3 0  9996,2 25118  45.0182  20.0673 0002627 131.4661 284.4376 14.38401806982914
1 25118U 97084G   16274.78610057 +.00000262 +00000-0 +13150-3 0  9992,2 25118 045.0182 018.6759 0002636 133.1795 003.3734 14.38402060982963
1 25118U 97084G   16275.75828456  .00000245  00000-0  12593-3 0  9995,2 25118  45.0182  14.0649 0002674 139.6384 356.0061 14.38402687983101
1 25118U 97084G   16277.48098683  .00000236  00000-0  12308-3 0  9992,2 25118  45.0183   5.8942 0002767 150.9611 273.9211 14.38403963983357
1 25118U 97084G   16277.63442495 +.00000223 +00000-0 +11885-3 0  9998,2 25118 045.0183 005.1665 0002773 151.8439 348.3502 14.38403994983373
1 25118U 97084G   16278.67938286  .00000224  00000-0  11926-3 0  9998,2 25118  45.0183   0.2103 0002832 158.2147 358.2878 14.38404890983528
1 25118U 97084G   16279.71809821  .00000263  00000-0  13170-3 0  9992,2 25118  45.0184 355.2838 0002912 164.1851 336.2741 14.38406102983673
