1 25338U 98030A   15001.56394875  .00000156  00000-0  84696-4 0  9994,2 25338 098.7648 000.1707 0009596 293.9102 216.8259 14.25541558865108
1 25338U 98030A   15001.88551451  .00000325  00000-0  13739-3 0  9991,2 25338 098.7645 000.4931 0009947 294.0101 066.0523 14.25541830865357
1 25338U 98030A   15002.26011528  .00000149  00000-0  81731-4 0  9992,2 25338 098.7650 000.8664 0009582 291.7483 189.6584 14.25541890865201
1 25338U 98030A   15003.31194111  .00000123  00000-0  70782-4 0  9995,2 25338 098.7652 001.9174 0009573 288.3117 187.9603 14.25542679865352
1 25338U 98030A   15003.59135038  .00000124  00000-0  71448-4 0  9999,2 25338 098.7653 002.1966 0009576 287.3608 182.0154 14.25542760865394
1 25338U 98030A   15004.57413909  .00000164  00000-0  88253-4 0  9990,2 25338 098.7656 003.1787 0009568 284.1594 185.9914 14.25542985865530
1 25338U 98030A   15005.55623186  .00000182  00000-0  95829-4 0  9996,2 25338 098.7657 004.1602 0009542 281.1701 186.1870 14.25543385865671
1 25338U 98030A   15005.88625392  .00000311  00000-0  13147-3 0  9999,2 25338 098.7650 004.4907 0009627 282.0602 077.9973 14.25543416865721
1 25338U 98030A   15006.54765155  .00000167  00000-0  89442-4 0  9996,2 25338 098.7659 005.1511 0009566 277.7783 234.6238 14.25544036865817
1 25338U 98030A   15006.72851347  .00000249  00000-0  10545-3 0  9993,2 25338 098.7647 005.3330 0009880 278.8058 081.2476 14.25543847866046
1 25338U 98030A   15007.53166141  .00000188  00000-0  98292-4 0  9992,2 25338 098.7660 006.1345 0009581 274.5176 244.9269 14.25544682865953
1 25338U 98030A   15007.78133910  .00000291  00000-0  12288-3 0  9992,2 25338 098.7652 006.3846 0009611 275.7878 084.2680 14.25544231865994
1 25338U 98030A   15008.51443174  .00000222  00000-0  11283-3 0  9998,2 25338 098.7660 007.1168 0009584 271.3490 248.7828 14.25545363866090
1 25338U 98030A   15009.55701453  .00000234  00000-0  11787-3 0  9992,2 25338 098.7659 008.1589 0009613 267.8578 199.7453 14.25545938866240
1 25338U 98030A   15010.53968981  .00000210  00000-0  10775-3 0  9993,2 25338 098.7659 009.1411 0009603 264.8596 202.9467 14.25546338866383
1 25338U 98030A   15011.53232495  .00000171  00000-0  91402-4 0  9991,2 25338 098.7658 010.1333 0009630 261.6614 257.4344 14.25547112866529
1 25338U 98030A   15012.51521733  .00000198  00000-0  10259-3 0  9995,2 25338 098.7657 011.1156 0009652 258.4768 261.9412 14.25547553866660
1 25338U 98030A   15013.55144894  .00000195  00000-0  10125-3 0  9998,2 25338 098.7657 012.1513 0009663 255.2048 180.1176 14.25548113866815
1 25338U 98030A   15014.19397729  .00000189  00000-0  98799-4 0  9993,2 25338 098.7657 012.7935 0009674 253.1753 237.7198 14.25548746866906
1 25338U 98030A   15015.59156270  .00000163  00000-0  87935-4 0  9994,2 25338 098.7659 014.1902 0009722 248.7060 210.5067 14.25549859867106
1 25338U 98030A   15015.85298315  .00000321  00000-0  13570-3 0  9999,2 25338 098.7656 014.4523 0009833 250.5925 109.4681 14.25549527867345
1 25338U 98030A   15016.57585102  .00000144  00000-0  79948-4 0  9997,2 25338 098.7661 015.1739 0009768 245.5281 222.1753 14.25550258867249
1 25338U 98030A   15017.55856286  .00000126  00000-0  72359-4 0  9999,2 25338 098.7663 016.1560 0009793 242.4614 225.6478 14.25550704867381
1 25338U 98030A   15018.54139644  .00000107  00000-0  64322-4 0  9991,2 25338 098.7665 017.1383 0009813 239.4000 229.7409 14.25551008867528
1 25338U 98030A   15019.53376478  .00000112  00000-0  66337-4 0  9993,2 25338 098.7667 018.1302 0009844 236.2908 282.7886 14.25551289867662
1 25338U 98030A   15020.51675600  .00000104  00000-0  62964-4 0  9995,2 25338 098.7669 019.1127 0009862 233.2068 287.7168 14.25551377867806
1 25338U 98030A   15021.50161216  .00000132  00000-0  74695-4 0  9993,2 25338 098.7670 020.0971 0009907 230.1361 302.1979 14.25551594867946
1 25338U 98030A   15022.53612921  .00000123  00000-0  70936-4 0  9995,2 25338 098.7671 021.1313 0009965 226.9294 211.5297 14.25552286868093
1 25338U 98030A   15023.53446800  .00000122  00000-0  70562-4 0  9991,2 25338 098.7671 022.1293 0010029 223.8647 295.1605 14.25552724868236
1 25338U 98030A   15024.57711071  .00000138  00000-0  77146-4 0  9993,2 25338 098.7670 023.1716 0010070 220.6578 246.1748 14.25552660868389
1 25338U 98030A   15025.56006046  .00000154  00000-0  83943-4 0  9992,2 25338 098.7669 024.1542 0010095 217.6257 250.8432 14.25553029868520
1 25338U 98030A   15026.55123817  .00000120  00000-0  69776-4 0  9999,2 25338 098.7669 025.1451 0010172 214.6673 297.6407 14.25553696868661
1 25338U 98030A   15027.59547785  .00000147  00000-0  81129-4 0  9993,2 25338 098.7668 026.1889 0010235 211.5481 256.7608 14.25554347868819
1 25338U 98030A   15028.57769699  .00000159  00000-0  85958-4 0  9999,2 25338 098.7668 027.1707 0010287 208.6082 257.5950 14.25554815868954
1 25338U 98030A   15029.56026703  .00000210  00000-0  10759-3 0  9995,2 25338 098.7669 028.1529 0010329 205.5980 260.3009 14.25555293869092
1 25338U 98030A   15029.70330818  .00000209  00000-0  10742-3 0  9996,2 25338 098.7669 028.2959 0010319 205.0956 274.4757 14.25555331869119
1 25338U 98030A   15031.02678748  .00000159  00000-0  86048-4 0  9998,2 25338 098.7671 029.6188 0010416 201.2422 226.5833 14.25556302869308
1 25338U 98030A   15031.53597593  .00000171  00000-0  91083-4 0  9991,2 25338 098.7673 030.1278 0010446 199.7111 319.7920 14.25556838869379
1 25338U 98030A   15032.50910925  .00000164  00000-0  88391-4 0  9997,2 25338 098.7675 031.1005 0010512 196.8925 273.9113 14.25557379869517
1 25338U 98030A   15033.21451133  .00000194  00000-0  10103-3 0  9995,2 25338 098.7677 031.8057 0010553 194.8101 294.0744 14.25558144869618
1 25338U 98030A   15034.55265388  .00000148  00000-0  81520-4 0  9999,2 25338 098.7680 033.1434 0010633 190.9360 321.4241 14.25559029869800
1 25338U 98030A   15035.18182926  .00000167  00000-0  89653-4 0  9991,2 25338 098.7681 033.7724 0010657 189.0082 310.4610 14.25559547869897
1 25338U 98030A   15036.57951824  .00000189  00000-0  98598-4 0  9998,2 25338 098.7683 035.1698 0010736 184.9338 283.4389 14.25560175870096
1 25338U 98030A   15037.56233892  .00000206  00000-0  10596-3 0  9997,2 25338 098.7683 036.1524 0010794 182.1810 287.1918 14.25560800870234
1 25338U 98030A   15038.55331709  .00000190  00000-0  99210-4 0  9996,2 25338 098.7683 037.1432 0010852 179.3976 332.8170 14.25561720870374
1 25338U 98030A   15039.53771118  .00000198  00000-0  10252-3 0  9993,2 25338 098.7683 038.1275 0010909 176.6908 344.5983 14.25562480870510
1 25338U 98030A   15040.58022176  .00000200  00000-0  10342-3 0  9997,2 25338 098.7682 039.1699 0010966 173.7201 294.7341 14.25562829870664
1 25338U 98030A   15041.21587811  .00000202  00000-0  10430-3 0  9990,2 25338 098.7681 039.8054 0011004 171.9332 316.8821 14.25563248870759
1 25338U 98030A   15042.19887562  .00000212  00000-0  10842-3 0  9992,2 25338 098.7681 040.7883 0011055 169.1092 321.6232 14.25563945870897
1 25338U 98030A   15043.59848381  .00000163  00000-0  87766-4 0  9998,2 25338 098.7682 042.1876 0011125 165.2837 304.2182 14.25564831871097
1 25338U 98030A   15049.43359955  .00000197  00000-0  10191-3 0  9995,2 25338 098.7693 048.0217 0011391 149.1764 009.4260 14.25567591871927
1 25338U 98030A   15049.56391006  .00000176  00000-0  93013-4 0  9994,2 25338 098.7693 048.1520 0011396 148.8098 318.1738 14.25567498871944
1 25338U 98030A   15050.55533104  .00000142  00000-0  78788-4 0  9997,2 25338 098.7694 049.1434 0011433 146.2447 005.8774 14.25567953872084
1 25338U 98030A   15050.87665554  .00000257  00000-0  10840-3 0  9998,2 25338 098.7687 049.4648 0011155 144.2567 215.9833 14.25567980872134
1 25338U 98030A   15051.53805588  .00000167  00000-0  89349-4 0  9996,2 25338 098.7694 050.1261 0011484 143.5690 009.0899 14.25568256872227
1 25338U 98030A   15052.58262413  .00000175  00000-0  92670-4 0  9996,2 25338 098.7694 051.1706 0011521 140.7860 329.6153 14.25568801872378
1 25338U 98030A   15053.56467439  .00000187  00000-0  97801-4 0  9994,2 25338 098.7693 052.1527 0011546 138.1703 329.3111 14.25569134872510
1 25338U 98030A   15054.55546828  .00000206  00000-0  10575-3 0  9998,2 25338 098.7693 053.1435 0011589 135.4928 013.9164 14.25569605872657
1 25338U 98030A   15055.60021709  .00000184  00000-0  96528-4 0  9999,2 25338 098.7692 054.1883 0011616 132.7367 335.3453 14.25570407872803
1 25338U 98030A   15056.72195323  .00000180  00000-0  94912-4 0  9998,2 25338 098.7692 055.3099 0011636 129.6183 332.0196 14.25570833872966
1 25338U 98030A   15057.56527396  .00000176  00000-0  93039-4 0  9994,2 25338 098.7692 056.1532 0011678 127.2911 339.8683 14.25571043873080
1 25338U 98030A   15058.52704422  .00000200  00000-0  10326-3 0  9993,2 25338 098.7694 057.1140 0011545 123.7621 236.4660 14.25571605873216
1 25338U 98030A   15059.50966257  .00000211  00000-0  10807-3 0  9994,2 25338 098.7694 058.0967 0011576 121.1622 239.0694 14.25572121873355
1 25338U 98030A   15060.56246736  .00000254  00000-0  12615-3 0  9991,2 25338 098.7695 059.1495 0011602 118.3722 241.8629 14.25572889873500
1 25338U 98030A   15061.12396314  .00000243  00000-0  12148-3 0  9991,2 25338 098.7695 059.7110 0011614 116.8818 243.3550 14.25573111873589
1 25338U 98030A   15061.96620635  .00000278  00000-0  13626-3 0  9999,2 25338 098.7695 060.5533 0011635 114.6377 245.6015 14.25573803873700
1 25338U 98030A   15063.01901005  .00000243  00000-0  12152-3 0  9995,2 25338 098.7696 061.6062 0011657 111.8905 248.3515 14.25574168873856
1 25338U 98030A   15063.51031823  .00000267  00000-0  13181-3 0  9991,2 25338 098.7697 062.0975 0011677 110.6123 249.6310 14.25574575873923
1 25338U 98030A   15064.49293444  .00000247  00000-0  12319-3 0  9998,2 25338 098.7698 063.0801 0011717 107.9909 252.2548 14.25574998874067
1 25338U 98030A   15065.54573693  .00000214  00000-0  10944-3 0  9998,2 25338 098.7699 064.1330 0011733 105.1848 255.0629 14.25575449874217
1 25338U 98030A   15066.52835214  .00000214  00000-0  10925-3 0  9996,2 25338 098.7700 065.1157 0011742 102.6176 257.6317 14.25576006874351
1 25338U 98030A   15067.51096688  .00000213  00000-0  10877-3 0  9995,2 25338 098.7701 066.0984 0011747 100.0413 260.2093 14.25576532874491
1 25338U 98030A   15068.42339459  .00000233  00000-0  11718-3 0  9999,2 25338 098.7702 067.0110 0011765 097.6673 262.5843 14.25577112874621
1 25338U 98030A   15069.47619534  .00000207  00000-0  10634-3 0  9997,2 25338 098.7703 068.0640 0011775 094.9049 265.3475 14.25577521874771
1 25338U 98030A   15070.45880902  .00000192  00000-0  99951-4 0  9999,2 25338 098.7704 069.0468 0011779 092.3285 267.9243 14.25577943874914
1 25338U 98030A   15071.44142229  .00000207  00000-0  10609-3 0  9991,2 25338 098.7704 070.0295 0011780 089.7408 270.5121 14.25578484875055
1 25338U 98030A   15071.79236459  .00000263  00000-0  11095-3 0  9990,2 25338 098.7706 070.3817 0011780 088.4800 271.8215 14.25578759875426
1 25338U 98030A   15072.42403520  .00000224  00000-0  11357-3 0  9994,2 25338 098.7705 071.0123 0011783 087.1235 273.1293 14.25579024875195
1 25338U 98030A   15073.47683434  .00000202  00000-0  10436-3 0  9997,2 25338 098.7705 072.0653 0011787 084.3675 275.8848 14.25579436875344
1 25338U 98030A   15073.54702092  .00000202  00000-0  10398-3 0  9994,2 25338 098.7705 072.1355 0011785 084.1630 276.0892 14.25579466875357
1 25338U 98030A   15074.52963297  .00000192  00000-0  99777-4 0  9996,2 25338 098.7705 073.1183 0011774 081.5942 278.6572 14.25579898875499
1 25338U 98030A   15075.51224470  .00000182  00000-0  95629-4 0  9990,2 25338 098.7706 074.1011 0011767 079.0065 281.2437 14.25580271875634
1 25338U 98030A   15076.49485611  .00000171  00000-0  91253-4 0  9991,2 25338 098.7706 075.0840 0011757 076.4086 283.8403 14.25580657875771
1 25338U 98030A   15077.47746616  .00000278  00000-0  13608-3 0  9990,2 25338 098.7707 076.0669 0011741 073.8442 286.4029 14.25581970875910
1 25338U 98030A   15078.46007614  .00000265  00000-0  13095-3 0  9994,2 25338 098.7707 077.0498 0011720 071.2880 288.9571 14.25582571876059
1 25338U 98030A   15079.51287255  .00000180  00000-0  94792-4 0  9992,2 25338 098.7708 078.1029 0011701 068.5142 291.7284 14.25582695876208
1 25338U 98030A   15080.49548211  .00000174  00000-0  92487-4 0  9995,2 25338 098.7709 079.0858 0011690 066.0125 294.2277 14.25583130876340
1 25338U 98030A   15081.47809106  .00000158  00000-0  85394-4 0  9998,2 25338 098.7709 080.0686 0011668 063.3913 296.8460 14.25583621876483
1 25338U 98030A   15082.46069955  .00000178  00000-0  94234-4 0  9993,2 25338 098.7710 081.0515 0011636 060.8232 299.4110 14.25584239876621
1 25338U 98030A   15083.09237627  .00000214  00000-0  10934-3 0  9991,2 25338 098.7710 081.6833 0011618 059.1286 301.1034 14.25584728876719
1 25338U 98030A   15084.14517060  .00000215  00000-0  10981-3 0  9993,2 25338 098.7711 082.7364 0011589 056.3403 303.8881 14.25585203876862
1 25338U 98030A   15084.49610195  .00000224  00000-0  11337-3 0  9990,2 25338 098.7711 083.0874 0011581 055.4105 304.8165 14.25585408876912
1 25338U 98030A   15085.47870935  .00000249  00000-0  12410-3 0  9999,2 25338 098.7711 084.0703 0011544 052.7964 307.4267 14.25586023877058
1 25338U 98030A   15086.95261941  .00000296  00000-0  14378-3 0  9991,2 25338 098.7711 085.5446 0011488 048.8224 311.3945 14.25587090877265
1 25338U 98030A   15088.07559777  .00000327  00000-0  15709-3 0  9997,2 25338 098.7711 086.6680 0011444 045.8325 314.3793 14.25587927877429
1 25338U 98030A   15088.49671445  .00000320  00000-0  15383-3 0  9991,2 25338 098.7712 087.0893 0011427 044.7160 315.4939 14.25588178877486
1 25338U 98030A   15089.47931979  .00000351  00000-0  16715-3 0  9995,2 25338 098.7712 088.0722 0011388 042.0468 318.1583 14.25589001877623
1 25338U 98030A   15090.46192452  .00000318  00000-0  15329-3 0  9994,2 25338 098.7712 089.0551 0011342 039.3877 320.8125 14.25589530877761
1 25338U 98030A   15091.51471471  .00000324  00000-0  15548-3 0  9992,2 25338 098.7712 090.1083 0011292 036.5682 323.6266 14.25590324877918
1 25338U 98030A   15092.49731840  .00000321  00000-0  15460-3 0  9999,2 25338 098.7712 091.0912 0011249 033.8767 326.3129 14.25590999878057
1 25338U 98030A   15093.47992137  .00000321  00000-0  15454-3 0  9999,2 25338 098.7713 092.0741 0011197 031.1842 328.9999 14.25591765878196
1 25338U 98030A   15094.53270989  .00000268  00000-0  13223-3 0  9993,2 25338 098.7713 093.1273 0011131 028.3223 331.8560 14.25592265878347
1 25338U 98030A   15095.51531204  .00000252  00000-0  12510-3 0  9993,2 25338 098.7714 094.1104 0011077 025.6145 334.5581 14.25592822878481
1 25338U 98030A   15096.49791384  .00000241  00000-0  12050-3 0  9995,2 25338 098.7715 095.0934 0011021 022.9078 337.2590 14.25593378878620
1 25338U 98030A   15097.48051521  .00000229  00000-0  11565-3 0  9993,2 25338 098.7715 096.0764 0010960 020.2030 339.9581 14.25593932878762
1 25338U 98030A   15097.76126786  .00000309  00000-0  13033-3 0  9991,2 25338 098.7718 096.3599 0011036 018.6739 341.5318 14.25594065879122
1 25338U 98030A   15098.53330198  .00000207  00000-0  10624-3 0  9991,2 25338 098.7716 097.1296 0010909 017.2033 342.9515 14.25594443878913
1 25338U 98030A   15098.74386855  .00000308  00000-0  13016-3 0  9995,2 25338 098.7716 097.3425 0010979 016.0180 344.1821 14.25594732879260
1 25338U 98030A   15100.49850283  .00000208  00000-0  10664-3 0  9997,2 25338 098.7716 099.0957 0010798 011.6660 348.4767 14.25595525879191
1 25338U 98030A   15101.48110268  .00000211  00000-0  10790-3 0  9993,2 25338 098.7717 100.0787 0010733 008.8964 351.2404 14.25596087879330
1 25338U 98030A   15102.53388788  .00000210  00000-0  10755-3 0  9994,2 25338 098.7717 101.1319 0010652 005.9195 354.2108 14.25596646879488
1 25338U 98030A   15103.51648695  .00000201  00000-0  10381-3 0  9994,2 25338 098.7717 102.1150 0010602 003.0549 357.0693 14.25597125879628
1 25338U 98030A   15104.49908574  .00000213  00000-0  10890-3 0  9995,2 25338 098.7717 103.0980 0010557 000.2219 359.8964 14.25597695879769
1 25338U 98030A   15105.48168391  .00000272  00000-0  13359-3 0  9998,2 25338 098.7717 104.0811 0010491 357.3512 002.7610 14.25598614879902
1 25338U 98030A   15106.46428148  .00000290  00000-0  14119-3 0  9991,2 25338 098.7717 105.0642 0010431 354.4536 005.6526 14.25599406880048
1 25338U 98030A   15106.74503338  .00000296  00000-0  12490-3 0  9993,2 25338 098.7714 105.3464 0010568 353.0165 007.1346 14.25599190880401
1 25338U 98030A   15107.51706417  .00000285  00000-0  13922-3 0  9991,2 25338 098.7718 106.1175 0010365 351.3531 008.7468 14.25600077880191
1 25338U 98030A   15108.42947553  .00000285  00000-0  13911-3 0  9998,2 25338 098.7718 107.0304 0010315 348.6611 011.4335 14.25600680880327
1 25338U 98030A   15109.48225725  .00000297  00000-0  14421-3 0  9995,2 25338 098.7718 108.0836 0010253 345.5240 014.5644 14.25601469880472
1 25338U 98030A   15110.46485302  .00000298  00000-0  14491-3 0  9992,2 25338 098.7718 109.0667 0010188 342.5818 017.5010 14.25602219880610
1 25338U 98030A   15111.44744815  .00000353  00000-0  16813-3 0  9990,2 25338 098.7719 110.0498 0010142 339.5996 020.4777 14.25603267880750
1 25338U 98030A   15112.43004279  .00000391  00000-0  18414-3 0  9994,2 25338 098.7719 111.0329 0010082 336.6315 023.4405 14.25604224880890
1 25338U 98030A   15113.48282227  .00000366  00000-0  17347-3 0  9997,2 25338 098.7719 112.0863 0010030 333.4405 026.6259 14.25604904881047
1 25338U 98030A   15113.69338804  .00000338  00000-0  14259-3 0  9991,2 25338 098.7712 112.2981 0010212 332.6126 027.4993 14.25604404881393
1 25338U 98030A   15114.53560112  .00000344  00000-0  16409-3 0  9990,2 25338 098.7719 113.1396 0009975 330.1759 029.8850 14.25605656881195
1 25338U 98030A   15115.51819423  .00000319  00000-0  15360-3 0  9998,2 25338 098.7719 114.1227 0009927 327.1358 032.9203 14.25606264881336
1 25338U 98030A   15116.50078696  .00000289  00000-0  14107-3 0  9991,2 25338 098.7719 115.1058 0009869 324.0941 035.9574 14.25606808881471
1 25338U 98030A   15117.48337926  .00000243  00000-0  12165-3 0  9995,2 25338 098.7718 116.0888 0009808 320.9979 039.0492 14.25607333881614
1 25338U 98030A   15118.53615634  .00000208  00000-0  10666-3 0  9992,2 25338 098.7718 117.1421 0009744 317.6321 042.4105 14.25607897881762
1 25338U 98030A   15119.44856287  .00000196  00000-0  10181-3 0  9992,2 25338 098.7718 118.0550 0009726 314.8756 045.1633 14.25608379881892
1 25338U 98030A   15120.50133940  .00000181  00000-0  95272-4 0  9994,2 25338 098.7718 119.1083 0009683 311.6024 048.4325 14.25608869882046
1 25338U 98030A   15121.48393056  .00000158  00000-0  85503-4 0  9998,2 25338 098.7718 120.0914 0009646 308.4840 051.5474 14.25609267882187
1 25338U 98030A   15121.62430071  .00000153  00000-0  83525-4 0  9990,2 25338 098.7718 120.2319 0009643 308.0582 051.9727 14.25609300882200
1 25338U 98030A   15122.11559617  .00000143  00000-0  79182-4 0  9996,2 25338 098.7718 120.7234 0009629 306.4739 053.5553 14.25609501882276
1 25338U 98030A   15123.51929712  .00000135  00000-0  75764-4 0  9991,2 25338 098.7719 122.1279 0009569 301.9205 058.1043 14.25610123882472
1 25338U 98030A   15124.43170258  .00000150  00000-0  82305-4 0  9992,2 25338 098.7719 123.0408 0009539 299.0266 060.9957 14.25610574882607
1 25338U 98030A   15125.48447790  .00000125  00000-0  71902-4 0  9999,2 25338 098.7719 124.0942 0009511 295.6400 064.3797 14.25610881882750
1 25338U 98030A   15126.46706787  .00000151  00000-0  82810-4 0  9991,2 25338 098.7719 125.0773 0009487 292.4339 067.5836 14.25611445882892
1 25338U 98030A   15127.51984260  .00000171  00000-0  91240-4 0  9991,2 25338 098.7719 126.1306 0009463 289.0208 070.9946 14.25611973883041
1 25338U 98030A   15128.50243216  .00000185  00000-0  97161-4 0  9993,2 25338 098.7720 127.1138 0009442 285.8296 074.1842 14.25612430883180
1 25338U 98030A   15129.48502140  .00000188  00000-0  98424-4 0  9991,2 25338 098.7720 128.0970 0009426 282.5434 077.4691 14.25612881883328
1 25338U 98030A   15130.46761027  .00000222  00000-0  11257-3 0  9999,2 25338 098.7720 129.0801 0009416 279.3005 080.7109 14.25613536883463
1 25338U 98030A   15131.16945920  .00000272  00000-0  13356-3 0  9990,2 25338 098.7720 129.7824 0009413 277.0125 082.9984 14.25614151883560
1 25338U 98030A   15132.43278681  .00000361  00000-0  17115-3 0  9990,2 25338 098.7719 131.0465 0009398 272.8944 087.1160 14.25615343883746
1 25338U 98030A   15133.48555922  .00000340  00000-0  16249-3 0  9996,2 25338 098.7719 132.0999 0009392 269.4167 090.5936 14.25615941883891
1 25338U 98030A   15134.46814615  .00000369  00000-0  17469-3 0  9998,2 25338 098.7719 133.0830 0009401 266.3143 093.6961 14.25616837884031
1 25338U 98030A   15135.52091751  .00000317  00000-0  15290-3 0  9997,2 25338 098.7719 134.1364 0009408 262.8822 097.1288 14.25617343884187
1 25338U 98030A   15136.50350369  .00000321  00000-0  15439-3 0  9999,2 25338 098.7719 135.1196 0009413 259.6986 100.3132 14.25618066884326
1 25338U 98030A   15137.48608931  .00000278  00000-0  13629-3 0  9998,2 25338 098.7719 136.1028 0009431 256.3611 103.6519 14.25618619884464
1 25338U 98030A   15138.46867462  .00000241  00000-0  12080-3 0  9993,2 25338 098.7719 137.0860 0009455 253.1206 106.8936 14.25619145884608
1 25338U 98030A   15139.52144410  .00000228  00000-0  11510-3 0  9994,2 25338 098.7719 138.1394 0009479 249.6397 110.3765 14.25619823884758
1 25338U 98030A   15140.50402883  .00000213  00000-0  10873-3 0  9990,2 25338 098.7719 139.1225 0009495 246.3084 113.7099 14.25620343884898
1 25338U 98030A   15141.48661333  .00000179  00000-0  94551-4 0  9992,2 25338 098.7719 140.1057 0009522 243.1185 116.9021 14.25620696885039
1 25338U 98030A   15142.46919750  .00000158  00000-0  85492-4 0  9991,2 25338 098.7720 141.0889 0009545 240.1300 119.8931 14.25621103885176
1 25338U 98030A   15143.52196606  .00000135  00000-0  75744-4 0  9990,2 25338 098.7720 142.1422 0009576 236.7584 123.2678 14.25621470885321
1 25338U 98030A   15144.50454985  .00000138  00000-0  77280-4 0  9996,2 25338 098.7720 143.1254 0009603 233.6259 126.4035 14.25621894885468
1 25338U 98030A   15145.48713337  .00000136  00000-0  76380-4 0  9991,2 25338 098.7720 144.1086 0009645 230.4659 129.5668 14.25622303885605
1 25338U 98030A   15146.53990122  .00000117  00000-0  68495-4 0  9994,2 25338 098.7720 145.1620 0009687 227.1530 132.8836 14.25622650885752
1 25338U 98030A   15147.45229985  .00000134  00000-0  75647-4 0  9994,2 25338 098.7720 146.0749 0009724 224.2710 135.7692 14.25623072885889
1 25338U 98030A   15148.50506731  .00000144  00000-0  79619-4 0  9992,2 25338 098.7720 147.1283 0009760 220.9729 139.0718 14.25623496886031
1 25338U 98030A   15148.78581454  .00000171  00000-0  72302-4 0  9999,2 25338 098.7721 147.4102 0009727 220.4008 139.6935 14.25623673886071
1 25338U 98030A   15149.55783449  .00000153  00000-0  83413-4 0  9998,2 25338 098.7719 148.1817 0009814 217.6375 142.4118 14.25623951886187
1 25338U 98030A   15150.47023253  .00000127  00000-0  72575-4 0  9999,2 25338 098.7719 149.0946 0009869 214.7658 145.2878 14.25624188886314
1 25338U 98030A   15151.45281474  .00000256  00000-0  12709-3 0  9994,2 25338 098.7719 150.0777 0009923 211.7011 148.3572 14.25625253886453
1 25338U 98030A   15240.23493744  .00000093  00000-0  57972-4 0  9995,2 25338 098.7761 238.9310 0009896 325.0743 034.9786 14.25655855899103
1 25338U 98030A   15241.49822718  .00000081  00000-0  53046-4 0  9996,2 25338 098.7762 240.1956 0009831 321.1684 038.8788 14.25656148899285
1 25338U 98030A   15242.48078565  .00000061  00000-0  44858-4 0  9998,2 25338 098.7762 241.1792 0009796 318.1036 041.9393 14.25656338899425
1 25338U 98030A   15243.46334397  .00000061  00000-0  44621-4 0  9993,2 25338 098.7763 242.1628 0009757 315.0101 045.0287 14.25656617899563
1 25338U 98030A   15243.95462309 +.00000065 +00000-0 +46190-4 0  9999,2 25338 098.7762 242.6546 0009740 313.4689 046.5680 14.25656757899378
1 25338U 98030A   15244.51608494  .00000073  00000-0  49877-4 0  9993,2 25338  98.7763 243.2167 0009719 311.7395  48.2953 14.25656937899716
1 25338U 98030A   15245.49864315  .00000057  00000-0  42799-4 0  9995,2 25338  98.7763 244.2004 0009682 308.6480  51.3832 14.25657085899857
1 25338U 98030A   15245.91973946 +.00000052 +00000-0 +41002-4 0  9994,2 25338 098.7764 244.6219 0009671 307.2768 052.7529 14.25657153899654
1 25338U 98030A   15246.90229745 +.00000052 +00000-0 +40972-4 0  9990,2 25338 098.7764 245.6056 0009637 304.1236 055.9028 14.25657380899798
1 25338U 98030A   15247.53394178  .00000060  00000-0  44233-4 0  9996,2 25338  98.7765 246.2379 0009600 302.0393  57.9853 14.25657588900145
1 25338U 98030A   15248.51649970  .00000068  00000-0  47757-4 0  9990,2 25338  98.7766 247.2216 0009573 298.9173  61.1046 14.25657803900281
1 25338U 98030A   15249.49905753  .00000067  00000-0  47143-4 0  9990,2 25338  98.7767 248.2053 0009539 295.7185  64.3009 14.25657989900427
1 25338U 98030A   15250.48161520  .00000064  00000-0  45914-4 0  9998,2 25338  98.7768 249.1889 0009520 292.5544  67.4627 14.25658179900566
1 25338U 98030A   15251.53435531  .00000086  00000-0  55020-4 0  9994,2 25338  98.7769 250.2429 0009501 289.1551  70.8600 14.25658565900714
1 25338U 98030A   15252.51691273  .00000084  00000-0  54189-4 0  9993,2 25338  98.7769 251.2265 0009483 285.9911  74.0224 14.25658791900850
1 25338U 98030A   15253.49947003  .00000080  00000-0  52655-4 0  9998,2 25338  98.7769 252.2102 0009460 282.7625  77.2497 14.25659040900993
1 25338U 98030A   15253.99074861  .00000069  00000-0  48162-4 0  9991,2 25338  98.7769 252.7021 0009461 281.1778  78.8338 14.25659097901063
1 25338U 98030A   15254.48202715  .00000063  00000-0  45624-4 0  9991,2 25338  98.7769 253.1939 0009448 279.5181  80.4930 14.25659224901137
1 25338U 98030A   15254.97330562  .00000068  00000-0  47742-4 0  9995,2 25338  98.7769 253.6857 0009448 277.8800  82.1307 14.25659389901207
1 25338U 98030A   15255.53476674  .00000070  00000-0  48269-4 0  9991,2 25338  98.7769 254.2478 0009441 276.0906  83.9197 14.25659547901284
1 25338U 98030A   15256.51732368  .00000069  00000-0  48057-4 0  9998,2 25338  98.7770 255.2315 0009437 272.9233  87.0866 14.25659767901428
1 25338U 98030A   15257.42969793  .00000058  00000-0  43364-4 0  9997,2 25338  98.7770 256.1449 0009431 269.9324  90.0775 14.25659932901558
1 25338U 98030A   15258.48243723  .00000055  00000-0  41992-4 0  9994,2 25338  98.7771 257.1988 0009437 266.4776  93.5324 14.25660186901705
1 25338U 98030A   15259.46499390  .00000041  00000-0  36312-4 0  9991,2 25338  98.7771 258.1825 0009449 263.2924  96.7181 14.25660337901848
1 25338U 98030A   15260.51773314  .00000049  00000-0  39557-4 0  9992,2 25338  98.7772 259.2365 0009459 259.8763 100.1349 14.25660562901995
1 25338U 98030A   15261.50028974  .00000049  00000-0  39562-4 0  9993,2 25338  98.7773 260.2202 0009469 256.6499 103.3625 14.25660731902137
1 25338U 98030A   15262.48284618  .00000059  00000-0  43906-4 0  9998,2 25338  98.7774 261.2039 0009487 253.4603 106.5535 14.25660985902270
1 25338U 98030A   15263.46540256  .00000061  00000-0  44509-4 0  9993,2 25338  98.7775 262.1877 0009507 250.2557 109.7597 14.25661198902413
1 25338U 98030A   15264.51814143  .00000073  00000-0  49603-4 0  9992,2 25338  98.7776 263.2416 0009527 246.8742 113.1433 14.25661453902562
1 25338U 98030A   15265.50069767  .00000072  00000-0  49469-4 0  9995,2 25338  98.7776 264.2254 0009547 243.7113 116.3086 14.25661638902703
1 25338U 98030A   15266.55343625  .00000072  00000-0  49420-4 0  9996,2 25338  98.7776 265.2793 0009580 240.3396 119.6830 14.25661898902852
1 25338U 98030A   15267.53599209  .00000082  00000-0  53323-4 0  9994,2 25338  98.7777 266.2631 0009615 237.1877 122.8376 14.25662208902994
1 25338U 98030A   15268.51854790  .00000084  00000-0  54346-4 0  9990,2 25338  98.7777 267.2467 0009645 234.0617 125.9668 14.25662455903132
1 25338U 98030A   15269.50110354  .00000083  00000-0  53858-4 0  9997,2 25338  98.7777 268.2305 0009680 230.9244 129.1075 14.25662700903270
1 25338U 98030A   15270.48365899  .00000077  00000-0  51555-4 0  9997,2 25338  98.7778 269.2142 0009721 227.8354 132.2000 14.25662959903419
1 25338U 98030A   15271.46621433  .00000070  00000-0  48347-4 0  9993,2 25338  98.7778 270.1979 0009764 224.7198 135.3194 14.25663211903552
1 25338U 98030A   15272.51895214  .00000070  00000-0  48361-4 0  9996,2 25338  98.7778 271.2520 0009802 221.4460 138.5977 14.25663459903700
1 25338U 98030A   15273.50150732  .00000073  00000-0  49665-4 0  9996,2 25338  98.7779 272.2357 0009845 218.3502 141.6978 14.25663704903843
1 25338U 98030A   15274.48406232  .00000072  00000-0  49384-4 0  9990,2 25338  98.7779 273.2195 0009896 215.2911 144.7614 14.25663948903986
1 25338U 98030A   15275.46661715  .00000088  00000-0  55884-4 0  9997,2 25338  98.7780 274.2032 0009944 212.2859 147.7712 14.25664285904125
1 25338U 98030A   15276.51935443  .00000089  00000-0  56553-4 0  9991,2 25338  98.7780 275.2572 0009990 209.0720 150.9904 14.25664522904276
1 25338U 98030A   15277.43172666  .00000081  00000-0  53067-4 0  9992,2 25338  98.7781 276.1707 0010037 206.2607 153.8065 14.25664663904405
1 25338U 98030A   15277.50190911  .00000083  00000-0  54075-4 0  9995,2 25338  98.7781 276.2409 0010040 206.0459 154.0216 14.25664700904416
1 25338U 98030A   15278.48446358  .00000076  00000-0  50768-4 0  9999,2 25338  98.7782 277.2247 0010092 203.0800 156.9927 14.25664906904555
1 25338U 98030A   15279.46701794  .00000073  00000-0  49603-4 0  9999,2 25338  98.7782 278.2084 0010147 200.1223 159.9558 14.25665129904699
1 25338U 98030A   15280.30920732  .00000076  00000-0  51073-4 0  9996,2 25338  98.7782 279.0517 0010191 197.5869 162.4959 14.25665331904816
1 25338U 98030A   15281.43212632  .00000072  00000-0  49370-4 0  9997,2 25338  98.7782 280.1760 0010254 194.1878 165.9015 14.25665587904973
1 25338U 98030A   15282.48486268  .00000061  00000-0  44718-4 0  9990,2 25338  98.7782 281.2300 0010315 191.0422 169.0532 14.25665796905123
1 25338U 98030A   15283.46741644  .00000056  00000-0  42572-4 0  9991,2 25338  98.7782 282.2137 0010373 188.1439 171.9574 14.25666015905269
1 25338U 98030A   15284.44997016  .00000056  00000-0  42316-4 0  9992,2 25338  98.7782 283.1975 0010426 185.2653 174.8419 14.25666211905408
1 25338U 98030A   15285.43252381  .00000042  00000-0  36770-4 0  9993,2 25338  98.7782 284.1812 0010478 182.3876 177.7255 14.25666346905545
1 25338U 98030A   15286.48525959  .00000039  00000-0  35510-4 0  9990,2 25338  98.7782 285.2352 0010538 179.3434 180.7760 14.25666572905691
1 25338U 98030A   15287.53799522  .00000048  00000-0  39067-4 0  9997,2 25338  98.7782 286.2892 0010596 176.3185 183.8074 14.25666846905848
1 25338U 98030A   15287.95908942 +.00000052 +00000-0 +40718-4 0  9991,2 25338 098.7782 286.7108 0010617 175.1167 185.0118 14.25666948905648
1 25338U 98030A   15288.73109549  .00000051  00000-0  40530-4 0  9995,2 25338  98.7783 287.4837 0010663 172.8915 187.2417 14.25667061906017
1 25338U 98030A   15289.50310147  .00000057  00000-0  43045-4 0  9999,2 25338  98.7784 288.2566 0010708 170.6242 189.5139 14.25667253906126
1 25338U 98030A   15290.48565430  .00000062  00000-0  45097-4 0  9990,2 25338  98.7784 289.2404 0010771 167.8446 192.2995 14.25667490906261
1 25338U 98030A   15291.46820691  .00000074  00000-0  50092-4 0  9996,2 25338  98.7785 290.2241 0010828 165.0928 195.0573 14.25667798906401
1 25338U 98030A   15292.52094167  .00000100  00000-0  61091-4 0  9996,2 25338  98.7785 291.2781 0010885 162.1070 198.0495 14.25668177906554
1 25338U 98030A   15293.50349396  .00000107  00000-0  64161-4 0  9990,2 25338  98.7785 292.2619 0010939 159.3354 200.8270 14.25668454906694
1 25338U 98030A   15294.55622815  .00000120  00000-0  69427-4 0  9991,2 25338  98.7785 293.3159 0010992 156.3856 203.7830 14.25668845906843
1 25338U 98030A   15294.83695720 +.00000123 +00000-0 +70618-4 0  9994,2 25338 098.7785 293.5970 0011010 155.6471 204.5231 14.25668940906629
1 25338U 98030A   15295.74932650  .00000130  00000-0  73516-4 0  9999,2 25338  98.7785 294.5104 0011052 153.1198 207.0556 14.25669283907017
1 25338U 98030A   15296.52133118  .00000136  00000-0  76205-4 0  9992,2 25338  98.7785 295.2833 0011092 150.9626 209.2172 14.25669581907120
1 25338U 98030A   15297.50388230  .00000152  00000-0  82850-4 0  9999,2 25338  98.7786 296.2671 0011141 148.2375 211.9478 14.25670012907263
1 25338U 98030A   15298.48643311  .00000135  00000-0  75733-4 0  9994,2 25338  98.7786 297.2508 0011187 145.5245 214.6662 14.25670301907401
1 25338U 98030A   15299.53916584  .00000108  00000-0  64595-4 0  9990,2 25338  98.7785 298.3048 0011233 142.6213 217.5750 14.25670563907552
1 25338U 98030A   15300.52171620  .00000100  00000-0  61081-4 0  9995,2 25338  98.7786 299.2886 0011278 139.9137 220.2877 14.25670840907690
1 25338U 98030A   15301.50426636  .00000090  00000-0  56726-4 0  9992,2 25338  98.7786 300.2724 0011320 137.2070 222.9993 14.25671099907830
1 25338U 98030A   15302.55699836  .00000081  00000-0  53218-4 0  9995,2 25338  98.7786 301.3263 0011360 134.3568 225.8544 14.25671384907981
1 25338U 98030A   15303.46936583  .00000079  00000-0  52198-4 0  9992,2 25338  98.7786 302.2398 0011399 131.9435 228.2718 14.25671669908110
1 25338U 98030A   15304.45191534  .00000085  00000-0  54588-4 0  9993,2 25338  98.7787 303.2235 0011437 129.3068 230.9127 14.25671933908251
1 25338U 98030A   15305.50464679  .00000100  00000-0  60963-4 0  9995,2 25338  98.7788 304.2776 0011475 126.4760 233.7478 14.25672239908409
1 25338U 98030A   15305.57482886  .00000103  00000-0  62286-4 0  9995,2 25338  98.7788 304.3478 0011476 126.2841 233.9400 14.25672269908419
1 25338U 98030A   15306.48719585  .00000109  00000-0  64826-4 0  9993,2 25338  98.7788 305.2613 0011502 123.8005 236.4271 14.25672529908542
1 25338U 98030A   15307.53992672  .00000099  00000-0  60515-4 0  9999,2 25338  98.7789 306.3153 0011532 120.9849 239.2465 14.25672743908691
1 25338U 98030A   15308.52247526  .00000109  00000-0  64794-4 0  9995,2 25338  98.7789 307.2991 0011560 118.3411 241.8936 14.25673051908839
1 25338U 98030A   15309.57520564  .00000104  00000-0  62798-4 0  9994,2 25338  98.7790 308.3531 0011592 115.5815 244.6564 14.25673286908989
1 25338U 98030A   15310.55775364  .00000099  00000-0  60522-4 0  9990,2 25338  98.7789 309.3368 0011614 113.0128 247.2277 14.25673563909126
1 25338U 98030A   15311.54030129  .00000112  00000-0  66163-4 0  9996,2 25338  98.7789 310.3206 0011632 110.4412 249.8017 14.25673977909260
1 25338U 98030A   15312.52284875  .00000112  00000-0  65969-4 0  9997,2 25338  98.7788 311.3043 0011650 107.7927 252.4524 14.25674277909402
1 25338U 98030A   15313.50539595  .00000114  00000-0  67008-4 0  9996,2 25338  98.7787 312.2880 0011672 105.1578 255.0893 14.25674611909543
1 25338U 98030A   15314.48794269  .00000120  00000-0  69512-4 0  9994,2 25338  98.7787 313.2717 0011682 102.6002 257.6484 14.25675011909682
1 25338U 98030A   15315.54067109  .00000110  00000-0  65399-4 0  9996,2 25338  98.7787 314.3257 0011691  99.7780 260.4720 14.25675342909831
1 25338U 98030A   15316.52321733  .00000113  00000-0  66311-4 0  9999,2 25338  98.7787 315.3093 0011697  97.1897 263.0612 14.25675685909971
1 25338U 98030A   15317.01449042  .00000089  00000-0  56568-4 0  9993,2 25338  98.7787 315.8012 0011704  95.8518 264.3996 14.25675710910049
1 25338U 98030A   15318.20758177  .00000090  00000-0  56913-4 0  9993,2 25338  98.7788 316.9957 0011711  92.6962 267.5558 14.25676099910215
1 25338U 98030A   15318.55849090  .00000094  00000-0  58309-4 0  9991,2 25338  98.7788 317.3470 0011712  91.7764 268.4757 14.25676244910269
1 25338U 98030A   15319.54103631  .00000088  00000-0  55913-4 0  9996,2 25338  98.7788 318.3307 0011708  89.1879 271.0641 14.25676530910408
1 25338U 98030A   15320.03230894  .00000081  00000-0  52992-4 0  9991,2 25338  98.7789 318.8226 0011705  87.8832 272.3687 14.25676640910478
1 25338U 98030A   15320.10249074  .00000082  00000-0  53238-4 0  9994,2 25338  98.7789 318.8929 0011705  87.6984 272.5536 14.25676660910482
1 25338U 98030A   15320.52358145  .00000103  00000-0  62380-4 0  9992,2 25338  98.7789 319.3145 0011707  86.6073 273.6446 14.25676917910542
1 25338U 98030A   15321.50612640  .00000121  00000-0  69984-4 0  9991,2 25338  98.7789 320.2982 0011715  83.9847 276.2667 14.25677286910689
1 25338U 98030A   15322.34830749  .00000127  00000-0  72595-4 0  9994,2 25338  98.7789 321.1413 0011710  81.7551 278.4956 14.25677582910809
1 25338U 98030A   15323.47121518  .00000131  00000-0  74015-4 0  9990,2 25338  98.7790 322.2656 0011698  78.8073 281.4420 14.25678020910968
1 25338U 98030A   15324.52394090  .00000131  00000-0  73950-4 0  9991,2 25338  98.7790 323.3195 0011688  76.0313 284.2165 14.25678361911117
1 25338U 98030A   15324.59412256  .00000134  00000-0  75390-4 0  9996,2 25338  98.7790 323.3898 0011686  75.8480 284.3998 14.25678408911125
1 25338U 98030A   15325.43630286  .00000133  00000-0  74771-4 0  9996,2 25338  98.7790 324.2330 0011674  73.6539 286.5923 14.25678697911249
1 25338U 98030A   15326.48902783  .00000133  00000-0  74755-4 0  9998,2 25338  98.7789 325.2870 0011652  70.9065 289.3375 14.25679090911393
1 25338U 98030A   15327.54175250  .00000121  00000-0  69973-4 0  9990,2 25338  98.7789 326.3409 0011638  68.0514 292.1901 14.25679430911546
1 25338U 98030A   15327.96284225 +.00000115 +00000-0 +67325-4 0  9991,2 25338 098.7789 326.7625 0011627 066.9180 293.3224 14.25679549911344
1 25338U 98030A   15329.57701938  .00000111  00000-0  65638-4 0  9996,2 25338  98.7788 328.3786 0011616  62.5590 297.6769 14.25680051911839
1 25338U 98030A   15329.99810892  .00000094  00000-0  58567-4 0  9995,2 25338  98.7788 328.8002 0011607  61.4152 298.8193 14.25680103911895
1 25338U 98030A   15330.55956156  .00000096  00000-0  59235-4 0  9998,2 25338  98.7788 329.3623 0011595  59.9169 300.3158 14.25680310911975
1 25338U 98030A   15331.54210341  .00000091  00000-0  57070-4 0  9997,2 25338  98.7789 330.3460 0011553  57.3519 302.8773 14.25680642912117
1 25338U 98030A   15332.52464513  .00000097  00000-0  59683-4 0  9996,2 25338  98.7789 331.3297 0011517  54.7675 305.4581 14.25680955912258
1 25338U 98030A   15333.57736824  .00000084  00000-0  54237-4 0  9995,2 25338  98.7790 332.3837 0011487  51.9699 308.2515 14.25681151912406
1 25338U 98030A   15334.55990941  .00000103  00000-0  62297-4 0  9993,2 25338  98.7791 333.3674 0011449  49.3372 310.8800 14.25681545912542
1 25338U 98030A   15335.54245047  .00000091  00000-0  57195-4 0  9990,2 25338  98.7791 334.3511 0011411  46.6878 313.5250 14.25681739912682
1 25338U 98030A   15336.38462839  .00000086  00000-0  55299-4 0  9990,2 25338  98.7792 335.1943 0011380  44.4097 315.7993 14.25681916912804
1 25338U 98030A   15337.29698771  .00000080  00000-0  52520-4 0  9995,2 25338  98.7793 336.1078 0011356  41.9251 318.2796 14.25682070912937
1 25338U 98030A   15337.99880239  .00000075  00000-0  50522-4 0  9998,2 25338  98.7793 336.8105 0011332  39.9846 320.2165 14.25682216913033
1 25338U 98030A   15339.12170556  .00000082  00000-0  53335-4 0  9992,2 25338  98.7793 337.9347 0011279  36.9077 323.2876 14.25682552913198
1 25338U 98030A   15339.54279417  .00000097  00000-0  59570-4 0  9997,2 25338  98.7792 338.3563 0011262  35.7698 324.4234 14.25682760913259
1 25338U 98030A   15340.52533411  .00000108  00000-0  64320-4 0  9996,2 25338  98.7792 339.3400 0011209  33.0861 327.1018 14.25683102913390
1 25338U 98030A   15341.50787389  .00000107  00000-0  64165-4 0  9996,2 25338  98.7792 340.3237 0011172  30.3807 329.8018 14.25683364913534
1 25338U 98030A   15342.49041339  .00000109  00000-0  64833-4 0  9997,2 25338  98.7791 341.3074 0011134  27.6667 332.5103 14.25683660913674
1 25338U 98030A   15343.54313400  .00000105  00000-0  63229-4 0  9999,2 25338  98.7791 342.3614 0011089  24.7180 335.4528 14.25683966913821
1 25338U 98030A   15344.52567306  .00000102  00000-0  61743-4 0  9990,2 25338  98.7791 343.3451 0011036  21.9889 338.1762 14.25684242913961
1 25338U 98030A   15345.50821189  .00000100  00000-0  60947-4 0  9994,2 25338  98.7791 344.3289 0010991  19.2543 340.9049 14.25684529914101
1 25338U 98030A   15346.56093177  .00000095  00000-0  59126-4 0  9999,2 25338  98.7792 345.3828 0010939  16.3055 343.8474 14.25684831914256
1 25338U 98030A   15347.61365139  .00000095  00000-0  58912-4 0  9998,2 25338  98.7792 346.4368 0010892  13.3008 346.8456 14.25685152914407
1 25338U 98030A   15348.52600827  .00000094  00000-0  58611-4 0  9990,2 25338  98.7793 347.3503 0010840  10.7186 349.4222 14.25685423914535
1 25338U 98030A   15348.94709596  .00000103  00000-0  62267-4 0  9992,2 25338  98.7793 347.7719 0010821   9.5200 350.6182 14.25685594914594
1 25338U 98030A   15349.50854612  .00000119  00000-0  68906-4 0  9998,2 25338  98.7793 348.3340 0010784   7.9292 352.2056 14.25685868914673
1 25338U 98030A   15350.56126504  .00000110  00000-0  65430-4 0  9998,2 25338  98.7794 349.3880 0010715   4.8975 355.2307 14.25686151914827
1 25338U 98030A   15351.54380249  .00000099  00000-0  60614-4 0  9990,2 25338  98.7794 350.3718 0010661   2.0555 358.0666 14.25686408914962
1 25338U 98030A   15352.52633979  .00000125  00000-0  71467-4 0  9998,2 25338  98.7794 351.3555 0010614 359.2301   0.8860 14.25686834915104
1 25338U 98030A   15353.50887693  .00000127  00000-0  72315-4 0  9996,2 25338  98.7795 352.3393 0010570 356.4200   3.6902 14.25687116915241
1 25338U 98030A   15354.49141370  .00000127  00000-0  72374-4 0  9995,2 25338  98.7795 353.3230 0010515 353.5380   6.5662 14.25687448915386
1 25338U 98030A   15355.54413113  .00000159  00000-0  85772-4 0  9990,2 25338  98.7795 354.3770 0010466 350.4499   9.6480 14.25688081915531
1 25338U 98030A   15356.59684850  .00000139  00000-0  77326-4 0  9998,2 25338  98.7795 355.4310 0010403 347.3199  12.7717 14.25688377915688
1 25338U 98030A   15356.94775426  .00000132  00000-0  74401-4 0  9991,2 25338  98.7795 355.7824 0010386 346.2828  13.8067 14.25688463915730
1 25338U 98030A   15357.36884107  .00000138  00000-0  77079-4 0  9995,2 25338  98.7795 356.2040 0010357 345.0473  15.0399 14.25688660915794
1 25338U 98030A   15358.49173893  .00000137  00000-0  76735-4 0  9990,2 25338  98.7795 357.3283 0010297 341.6889  18.3919 14.25689152915950
1 25338U 98030A   15359.54445543  .00000119  00000-0  69287-4 0  9995,2 25338  98.7795 358.3823 0010245 338.5319  21.5429 14.25689506916100
1 25338U 98030A   15360.52699073  .00000101  00000-0  61364-4 0  9993,2 25338  98.7796 359.3661 0010202 335.6077  24.4618 14.25689762916245
1 25338U 98030A   15361.57970696  .00000086  00000-0  55030-4 0  9997,2 25338  98.7796   0.4201 0010152 332.4547  27.6093 14.25690011916397
1 25338U 98030A   15362.49206084  .00000079  00000-0  52157-4 0  9991,2 25338  98.7797   1.3336 0010102 329.6520  30.4073 14.25690257916528
1 25338U 98030A   15363.54477671  .00000076  00000-0  51160-4 0  9990,2 25338  98.7798   2.3876 0010055 326.3978  33.6562 14.25690547916673
1 25338U 98030A   15364.52731148  .00000076  00000-0  51143-4 0  9992,2 25338  98.7799   3.3714 0010009 323.3850  36.6644 14.25690780916810
1 25338U 98030A   15364.94839782  .00000057  00000-0  43042-4 0  9999,2 25338  98.7799   3.7930 0009998 322.1387  37.9088 14.25690751916871
1 25338U 98030A   15365.58002723  .00000081  00000-0  53258-4 0  9994,2 25338  98.7800   4.4255 0009967 320.1900  39.8547 14.25691018916965
1 25338U 98030A   15365.93093239 +.00000084 +00000-0 +54189-4 0  9992,2 25338 098.7800 004.7769 0009953 319.0893 040.9538 14.25691115916759
1 25338U 98030A   16001.49238060  .00000089  00000-0  56468-4 0  9991,2 25338  98.7800   5.3390 0009924 317.3415  42.6993 14.25691298917099
1 25338U 98030A   16002.54509597  .00000078  00000-0  51956-4 0  9999,2 25338  98.7800   6.3931 0009891 314.0799  45.9565 14.25691509917246
1 25338U 98030A   16003.52763018  .00000081  00000-0  53047-4 0  9995,2 25338  98.7800   7.3769 0009853 310.9898  49.0428 14.25691776917383
1 25338U 98030A   16004.51016433  .00000079  00000-0  52274-4 0  9995,2 25338  98.7800   8.3607 0009819 307.9561  52.0730 14.25691992917526
1 25338U 98030A   16005.56287919  .00000092  00000-0  57720-4 0  9996,2 25338  98.7800   9.4148 0009783 304.5754  55.4501 14.25692344917676
1 25338U 98030A   16006.47523193  .00000090  00000-0  57088-4 0  9999,2 25338  98.7800  10.3284 0009757 301.6785  58.3442 14.25692628917807
1 25338U 98030A   16007.45776563  .00000078  00000-0  51651-4 0  9995,2 25338  98.7800  11.3122 0009728 298.5863  61.4337 14.25692827917942
1 25338U 98030A   16008.51048021  .00000069  00000-0  47993-4 0  9998,2 25338  98.7800  12.3663 0009699 295.2537  64.7637 14.25693029918093
1 25338U 98030A   16009.56319453  .00000064  00000-0  45819-4 0  9994,2 25338  98.7801  13.4204 0009673 291.8696  68.1455 14.25693292918242
1 25338U 98030A   16010.54572774  .00000067  00000-0  47271-4 0  9998,2 25338  98.7801  14.4042 0009658 288.7344  71.2787 14.25693593918383
1 25338U 98030A   16010.96681339  .00000065  00000-0  46268-4 0  9995,2 25338  98.7802  14.8259 0009653 287.4072  72.6052 14.25693690918442
1 25338U 98030A   16011.52826097  .00000065  00000-0  46503-4 0  9992,2 25338  98.7802  15.3881 0009637 285.6633  74.3483 14.25693826918521
1 25338U 98030A   16011.94934662 +.00000067 +00000-0 +46998-4 0  9996,2 25338 098.7802 015.8097 0009630 284.3677 075.6433 14.25693920918324
1 25338U 98030A   16012.79151778  .00000081  00000-0  52914-4 0  9990,2 25338  98.7803  16.6530 0009619 281.6212  78.3887 14.25694191918704
1 25338U 98030A   16012.93187965 +.00000073 +00000-0 +49860-4 0  9990,2 25338 098.7803 016.7936 0009618 281.1770 078.8328 14.25694195918460
1 25338U 98030A   16013.98459340  .00000077  00000-0  51495-4 0  9996,2 25338  98.7804  17.8477 0009609 277.7616  82.2472 14.25694502918879
1 25338U 98030A   16014.54604069  .00000078  00000-0  51729-4 0  9990,2 25338  98.7804  18.4099 0009603 275.9345  84.0740 14.25694660918951
1 25338U 98030A   16015.59875440  .00000069  00000-0  48045-4 0  9996,2 25338  98.7805  19.4641 0009595 272.5372  87.4709 14.25694846919105
1 25338U 98030A   16016.51110624  .00000072  00000-0  49202-4 0  9995,2 25338  98.7805  20.3777 0009585 269.6285  90.3796 14.25695045919230
1 25338U 98030A   16017.56381966  .00000084  00000-0  54484-4 0  9991,2 25338  98.7806  21.4318 0009586 266.2276  93.7807 14.25695354919387
1 25338U 98030A   16018.54635199  .00000093  00000-0  57958-4 0  9999,2 25338  98.7806  22.4157 0009599 263.0089  96.9999 14.25695660919523
1 25338U 98030A   16018.61653286  .00000093  00000-0  58130-4 0  9997,2 25338  98.7806  22.4860 0009601 262.7861  97.2227 14.25695676919538
1 25338U 98030A   16019.59906519  .00000095  00000-0  59016-4 0  9991,2 25338  98.7806  23.4699 0009606 259.6526 100.3571 14.25695929919671
1 25338U 98030A   16020.58159741  .00000094  00000-0  58362-4 0  9991,2 25338  98.7806  24.4538 0009607 256.5423 103.4686 14.25696152919813
1 25338U 98030A   16021.49394844  .00000102  00000-0  61998-4 0  9996,2 25338  98.7807  25.3674 0009618 253.5830 106.4292 14.25696488919948
1 25338U 98030A   16022.54666103  .00000094  00000-0  58380-4 0  9994,2 25338  98.7807  26.4217 0009637 250.1937 109.8204 14.25696788920096
1 25338U 98030A   16023.52919280  .00000077  00000-0  51456-4 0  9998,2 25338  98.7808  27.4056 0009649 247.0287 112.9875 14.25696974920237
1 25338U 98030A   16024.58190526  .00000068  00000-0  47726-4 0  9994,2 25338  98.7808  28.4598 0009662 243.6412 116.3775 14.25697203920385
1 25338U 98030A   16025.56443664  .00000075  00000-0  50623-4 0  9995,2 25338  98.7809  29.4438 0009692 240.4836 119.5377 14.25697514920522
1 25338U 98030A   16026.47678714  .00000061  00000-0  44580-4 0  9992,2 25338  98.7810  30.3574 0009729 237.5846 122.4392 14.25697716920653
1 25338U 98030A   16027.45931847  .00000052  00000-0  40877-4 0  9995,2 25338  98.7811  31.3414 0009751 234.4767 125.5503 14.25697896920793
1 25338U 98030A   16028.51203057  .00000048  00000-0  38962-4 0  9995,2 25338  98.7812  32.3957 0009774 231.1634 128.8674 14.25698050920944
1 25338U 98030A   16028.93311533 +.00000051 +00000-0 +40399-4 0  9991,2 25338 098.7812 032.8174 0009792 229.8478 130.1844 14.25698142920745
1 25338U 98030A   16029.84546561  .00000057  00000-0  42856-4 0  9999,2 25338  98.7813  33.7311 0009827 226.9806 133.0551 14.25698354921137
1 25338U 98030A   16030.54727349  .00000054  00000-0  41533-4 0  9991,2 25338  98.7814  34.4340 0009853 224.7946 135.2438 14.25698498921236
1 25338U 98030A   16031.52980446  .00000060  00000-0  44090-4 0  9997,2 25338  98.7814  35.4180 0009895 221.7118 138.3307 14.25698716921370
1 25338U 98030A   16032.58251607  .00000087  00000-0  55556-4 0  9992,2 25338  98.7815  36.4723 0009938 218.4080 141.6393 14.25699050921525
1 25338U 98030A   16033.49486604  .00000091  00000-0  57353-4 0  9992,2 25338  98.7815  37.3860 0009976 215.5607 144.4908 14.25699268921650
1 25338U 98030A   16034.54757730  .00000081  00000-0  52987-4 0  9997,2 25338  98.7814  38.4403 0010025 212.3449 147.7117 14.25699500921804
1 25338U 98030A   16034.96866181  .00000069  00000-0  48144-4 0  9990,2 25338  98.7814  38.8621 0010046 211.0585 149.0001 14.25699532921868
1 25338U 98030A   16035.60028851  .00000070  00000-0  48275-4 0  9993,2 25338  98.7815  39.4947 0010074 209.1089 150.9530 14.25699681921958
1 25338U 98030A   16035.81084020  .00000143  00000-0  60463-4 0  9990,2 25338  98.7815  39.7042 0009999 208.7289 151.3830 14.25699778921986
1 25338U 98030A   16036.51263810  .00000072  00000-0  49235-4 0  9999,2 25338  98.7815  40.4084 0010115 206.3017 153.7650 14.25699905922086
1 25338U 98030A   16037.49516814  .00000086  00000-0  55035-4 0  9992,2 25338  98.7815  41.3925 0010157 203.3290 156.7430 14.25700251922228
1 25338U 98030A   16038.54787870  .00000085  00000-0  54570-4 0  9993,2 25338  98.7816  42.4468 0010218 200.1584 159.9193 14.25700567922379
1 25338U 98030A   16039.53040836  .00000099  00000-0  60548-4 0  9994,2 25338  98.7816  43.4309 0010272 197.2114 162.8719 14.25700950922518
1 25338U 98030A   16040.58311872  .00000089  00000-0  56385-4 0  9995,2 25338  98.7817  44.4853 0010313 193.9909 166.0986 14.25701151922667
1 25338U 98030A   16040.93402205 +.00000092 +00000-0 +57810-4 0  9993,2 25338 098.7818 044.8367 0010334 192.9686 167.1229 14.25701270922457
1 25338U 98030A   16041.49546735  .00000095  00000-0  58777-4 0  9998,2 25338  98.7818  45.3991 0010368 191.3036 168.7912 14.25701476922796
1 25338U 98030A   16042.54817719  .00000079  00000-0  52333-4 0  9992,2 25338  98.7819  46.4535 0010429 188.2049 171.8961 14.25701710922947
1 25338U 98030A   16043.53070622  .00000082  00000-0  53516-4 0  9994,2 25338  98.7820  47.4376 0010486 185.3139 174.7931 14.25702000923082
1 25338U 98030A   16044.58341577  .00000088  00000-0  55919-4 0  9995,2 25338  98.7821  48.4920 0010538 182.1695 177.9440 14.25702271923236
1 25338U 98030A   16045.56594438  .00000119  00000-0  68962-4 0  9997,2 25338  98.7821  49.4761 0010599 179.3024 180.8172 14.25702703923371
1 25338U 98030A   16046.54847281  .00000099  00000-0  60458-4 0  9992,2 25338  98.7821  50.4602 0010656 176.5013 183.6242 14.25702912923515
1 25338U 98030A   16047.53100108  .00000107  00000-0  64112-4 0  9993,2 25338  98.7822  51.4443 0010712 173.6753 186.4563 14.25703237923655
1 25338U 98030A   16048.58370963  .00000122  00000-0  70451-4 0  9997,2 25338  98.7822  52.4988 0010765 170.6282 189.5100 14.25703624923800
1 25338U 98030A   16049.56623736  .00000130  00000-0  73840-4 0  9999,2 25338  98.7822  53.4830 0010824 167.7403 192.4042 14.25703990923944
1 25338U 98030A   16050.54876480  .00000119  00000-0  68955-4 0  9993,2 25338  98.7822  54.4671 0010877 165.0033 195.1471 14.25704288924089
1 25338U 98030A   16051.53129212  .00000090  00000-0  56834-4 0  9998,2 25338  98.7823  55.4513 0010931 162.2385 197.9179 14.25704461924220
1 25338U 98030A   16052.51381928  .00000079  00000-0  52068-4 0  9993,2 25338  98.7823  56.4355 0010978 159.4637 200.6986 14.25704677924366
1 25338U 98030A   16053.56652674  .00000066  00000-0  46528-4 0  9998,2 25338  98.7823  57.4900 0011033 156.5186 203.6499 14.25704900924511
1 25338U 98030A   16054.54905349  .00000048  00000-0  39273-4 0  9996,2 25338  98.7824  58.4741 0011081 153.7735 206.4007 14.25705097924657
1 25338U 98030A   16055.53158012  .00000052  00000-0  40716-4 0  9992,2 25338  98.7825  59.4583 0011128 151.0451 209.1348 14.25705333924797
1 25338U 98030A   16056.58428709  .00000062  00000-0  44823-4 0  9995,2 25338  98.7826  60.5129 0011174 148.1421 212.0437 14.25705563924946
1 25338U 98030A   16056.79483772  .00000114  00000-0  47986-4 0  9990,2 25338  98.7825  60.7230 0011095 147.8549 212.3782 14.25705522925299
1 25338U 98030A   16057.56681346  .00000047  00000-0  38684-4 0  9993,2 25338  98.7827  61.4971 0011224 145.4261 214.7651 14.25705678925080
1 25338U 98030A   16058.54933964  .00000035  00000-0  33756-4 0  9990,2 25338  98.7828  62.4814 0011267 142.7522 217.4441 14.25705822925229
1 25338U 98030A   16059.53186567  .00000049  00000-0  39506-4 0  9993,2 25338  98.7829  63.4656 0011317 140.1056 220.0957 14.25706056925362
1 25338U 98030A   16060.51439163  .00000065  00000-0  46326-4 0  9992,2 25338  98.7829  64.4499 0011359 137.4079 222.7984 14.25706272925503
1 25338U 98030A   16060.93547408 +.00000057 +00000-0 +42943-4 0  9992,2 25338 098.7829 064.8717 0011372 136.2709 223.9373 14.25706300925307
1 25338U 98030A   16061.56709777  .00000070  00000-0  48270-4 0  9995,2 25338  98.7829  65.5045 0011402 134.5274 225.6838 14.25706491925655
1 25338U 98030A   16062.54962326  .00000064  00000-0  45789-4 0  9990,2 25338  98.7829  66.4887 0011450 131.8934 228.3224 14.25706689925798
1 25338U 98030A   16063.53214863  .00000070  00000-0  48231-4 0  9998,2 25338  98.7829  67.4730 0011486 129.2494 230.9707 14.25706898925930
1 25338U 98030A   16064.51467375  .00000082  00000-0  53334-4 0  9998,2 25338  98.7829  68.4573 0011516 126.6022 233.6218 14.25707164926078
1 25338U 98030A   16065.56737899  .00000087  00000-0  55660-4 0  9994,2 25338  98.7830  69.5119 0011555 123.8191 236.4090 14.25707426926224
1 25338U 98030A   16066.62008388  .00000085  00000-0  54749-4 0  9991,2 25338  98.7830  70.5665 0011587 121.0532 239.1786 14.25707700926379
1 25338U 98030A   16067.53242785  .00000100  00000-0  61012-4 0  9992,2 25338  98.7830  71.4805 0011620 118.6227 241.6122 14.25708062926505
1 25338U 98030A   16068.51495196  .00000095  00000-0  58860-4 0  9997,2 25338  98.7831  72.4648 0011644 115.9718 244.2663 14.25708308926640
1 25338U 98030A   16069.49747580  .00000081  00000-0  53049-4 0  9991,2 25338  98.7832  73.4491 0011667 113.3838 246.8570 14.25708537926782
1 25338U 98030A   16070.55017965  .00000064  00000-0  45834-4 0  9991,2 25338  98.7832  74.5037 0011686 110.6054 249.6380 14.25708772926939
1 25338U 98030A   16071.53270308  .00000060  00000-0  44233-4 0  9990,2 25338  98.7833  75.4881 0011704 107.9932 252.2524 14.25709005927078
1 25338U 98030A   16071.60288330  .00000066  00000-0  46722-4 0  9993,2 25338  98.7833  75.5584 0011705 107.8006 252.4451 14.25709052927085
1 25338U 98030A   16072.51522620  .00000084  00000-0  54210-4 0  9998,2 25338  98.7833  76.4724 0011726 105.4197 254.8279 14.25709371927212
1 25338U 98030A   16073.49774915  .00000084  00000-0  54453-4 0  9991,2 25338  98.7833  77.4568 0011739 102.8544 257.3947 14.25709610927351
1 25338U 98030A   16074.55045209  .00000066  00000-0  46662-4 0  9999,2 25338  98.7834  78.5115 0011750 100.1060 260.1445 14.25709775927503
1 25338U 98030A   16075.46279439  .00000090  00000-0  56831-4 0  9990,2 25338  98.7834  79.4255 0011762  97.7343 262.5172 14.25710129927638
1 25338U 98030A   16075.60315477  .00000082  00000-0  53286-4 0  9991,2 25338  98.7834  79.5662 0011762  97.3497 262.9019 14.25710098927658
1 25338U 98030A   16076.51549686  .00000105  00000-0  63135-4 0  9993,2 25338  98.7834  80.4802 0011772  94.9581 265.2942 14.25710434927782
1 25338U 98030A   16077.56819904  .00000097  00000-0  59801-4 0  9997,2 25338  98.7834  81.5349 0011780  92.2165 268.0363 14.25710652927935
1 25338U 98030A   16078.55072079  .00000087  00000-0  55338-4 0  9991,2 25338  98.7834  82.5193 0011778  89.6290 270.6239 14.25710879928077
1 25338U 98030A   16079.53324230  .00000080  00000-0  52516-4 0  9997,2 25338  98.7834  83.5037 0011774  87.0174 273.2353 14.25711104928218
1 25338U 98030A   16080.51576362  .00000085  00000-0  54841-4 0  9990,2 25338  98.7834  84.4880 0011774  84.4209 275.8313 14.25711376928354
1 25338U 98030A   16081.49828462  .00000079  00000-0  51983-4 0  9996,2 25338  98.7834  85.4724 0011766  81.8876 278.3638 14.25711620928499
1 25338U 98030A   16082.55098542  .00000061  00000-0  44418-4 0  9998,2 25338  98.7834  86.5271 0011749  79.1244 281.1257 14.25711834928641
1 25338U 98030A   16083.53350605  .00000055  00000-0  41984-4 0  9996,2 25338  98.7834  87.5115 0011738  76.5348 283.7139 14.25712046928781
1 25338U 98030A   16084.51602649  .00000056  00000-0  42581-4 0  9998,2 25338  98.7835  88.4959 0011728  73.9300 286.3169 14.25712253928924
1 25338U 98030A   16085.49854672  .00000047  00000-0  38483-4 0  9997,2 25338  98.7836  89.4803 0011712  71.3615 288.8835 14.25712418929064
1 25338U 98030A   16086.55124674  .00000044  00000-0  37615-4 0  9990,2 25338  98.7836  90.5351 0011688  68.5553 291.6872 14.25712628929219
1 25338U 98030A   16087.53376661  .00000040  00000-0  35885-4 0  9997,2 25338  98.7837  91.5195 0011667  65.9826 294.2574 14.25712804929357
1 25338U 98030A   16088.51628628  .00000062  00000-0  45152-4 0  9991,2 25338  98.7837  92.5040 0011642  63.4557 296.7815 14.25713070929490
1 25338U 98030A   16089.49880578  .00000055  00000-0  42227-4 0  9995,2 25338  98.7837  93.4884 0011614  60.8477 299.3863 14.25713241929635
1 25338U 98030A   16090.55150501  .00000055  00000-0  41854-4 0  9995,2 25338  98.7837  94.5432 0011578  58.0762 302.1542 14.25713452929788
1 25338U 98030A   16091.53402410  .00000066  00000-0  46702-4 0  9992,2 25338  98.7837  95.5276 0011549  55.4333 304.7934 14.25713701929924
1 25338U 98030A   16091.60420403  .00000066  00000-0  46533-4 0  9994,2 25338  98.7837  95.5980 0011548  55.2433 304.9832 14.25713707929930
1 25338U 98030A   16091.74456388  .00000069  00000-0  47893-4 0  9993,2 25338  98.7837  95.7386 0011543  54.8561 305.3698 14.25713739929956
1 25338U 98030A   16092.51654303  .00000080  00000-0  52389-4 0  9995,2 25338  98.7836  96.5121 0011521  52.8094 307.4135 14.25713950930064
1 25338U 98030A   16093.49906169  .00000078  00000-0  51539-4 0  9996,2 25338  98.7836  97.4965 0011478  50.2224 309.9964 14.25714181930208
1 25338U 98030A   16094.55175996  .00000074  00000-0  50069-4 0  9993,2 25338  98.7836  98.5513 0011440  47.3314 312.8827 14.25714433930352
1 25338U 98030A   16095.53427821  .00000067  00000-0  47064-4 0  9992,2 25338  98.7836  99.5358 0011400  44.6929 315.5167 14.25714629930497
1 25338U 98030A   16096.51679628  .00000068  00000-0  47663-4 0  9991,2 25338  98.7836 100.5203 0011362  42.0559 318.1491 14.25714853930631
1 25338U 98030A   16096.65715597  .00000070  00000-0  48239-4 0  9995,2 25338  98.7836 100.6609 0011356  41.6777 318.5266 14.25714880930658
1 25338U 98030A   16097.49931408  .00000063  00000-0  45252-4 0  9993,2 25338  98.7836 101.5048 0011315  39.3878 320.8122 14.25715080930779
1 25338U 98030A   16098.55201146  .00000062  00000-0  45151-4 0  9997,2 25338  98.7836 102.5595 0011261  36.5172 323.6773 14.25715355930928
1 25338U 98030A   16099.53452886  .00000061  00000-0  44797-4 0  9999,2 25338  98.7837 103.5441 0011215  33.8442 326.3451 14.25715604931065
1 25338U 98030A   16100.51704617  .00000058  00000-0  43156-4 0  9996,2 25338  98.7837 104.5285 0011165  31.1804 329.0035 14.25715794931203
1 25338U 98030A   16101.56974304  .00000052  00000-0  40684-4 0  9991,2 25338  98.7837 105.5834 0011097  28.3189 331.8592 14.25715996931351
1 25338U 98030A   16102.55225998  .00000051  00000-0  40264-4 0  9992,2 25338  98.7836 106.5678 0011053  25.5612 334.6112 14.25716200931492
1 25338U 98030A   16103.53477679  .00000070  00000-0  48279-4 0  9991,2 25338  98.7836 107.5523 0011006  22.8267 337.3400 14.25716489931631
1 25338U 98030A   16104.51729339  .00000094  00000-0  58497-4 0  9992,2 25338  98.7836 108.5368 0010951  20.1134 340.0474 14.25716804931779
1 25338U 98030A   16105.49980982  .00000088  00000-0  55868-4 0  9995,2 25338  98.7836 109.5213 0010891  17.3827 342.7723 14.25716987931913
1 25338U 98030A   16106.55250573  .00000080  00000-0  52678-4 0  9997,2 25338  98.7835 110.5761 0010841  14.3823 345.7662 14.25717217932069
1 25338U 98030A   16107.53502176  .00000082  00000-0  53273-4 0  9999,2 25338  98.7835 111.5606 0010777  11.6194 348.5232 14.25717473932201
1 25338U 98030A   16108.58771727  .00000091  00000-0  57323-4 0  9995,2 25338  98.7835 112.6154 0010710   8.6425 351.4937 14.25717781932354
1 25338U 98030A   16109.50005318  .00000085  00000-0  54755-4 0  9993,2 25338  98.7834 113.5295 0010644   6.0235 354.1070 14.25718036932482
1 25338U 98030A   16109.92113124  .00000084  00000-0  54285-4 0  9991,2 25338  98.7834 113.9515 0010623   4.7785 355.3494 14.25718128932545
1 25338U 98030A   16110.55274829  .00000075  00000-0  50397-4 0  9992,2 25338  98.7834 114.5843 0010595   2.9472 357.1768 14.25718257932634
1 25338U 98030A   16111.53526358  .00000062  00000-0  45011-4 0  9991,2 25338  98.7834 115.5688 0010531   0.1089   0.0091 14.25718449932777
1 25338U 98030A   16112.44759914  .00000064  00000-0  45984-4 0  9999,2 25338  98.7834 116.4830 0010483 357.4758   2.6367 14.25718648932903
1 25338U 98030A   16113.50029374  .00000068  00000-0  47703-4 0  9992,2 25338  98.7834 117.5378 0010416 354.3831   5.7230 14.25718942933053
1 25338U 98030A   16114.55298823  .00000047  00000-0  38632-4 0  9993,2 25338  98.7834 118.5926 0010347 351.2497   8.8501 14.25719091933208
1 25338U 98030A   16115.53550301  .00000047  00000-0  38580-4 0  9996,2 25338  98.7835 119.5771 0010294 348.3520  11.7420 14.25719293933345
1 25338U 98030A   16115.88640113 +.00000043 +00000-0 +37166-4 0  9990,2 25338 098.7835 119.9287 0010271 347.3042 012.7877 14.25719326933135
1 25338U 98030A   16116.58819734  .00000048  00000-0  39137-4 0  9990,2 25338  98.7835 120.6319 0010230 345.2330  14.8549 14.25719475933495
1 25338U 98030A   16117.57071189  .00000054  00000-0  41525-4 0  9995,2 25338  98.7835 121.6164 0010175 342.2819  17.8004 14.25719683933637
1 25338U 98030A   16118.55322631  .00000048  00000-0  39112-4 0  9997,2 25338  98.7835 122.6009 0010122 339.3029  20.7739 14.25719872933771
1 25338U 98030A   16119.53574063  .00000061  00000-0  44502-4 0  9998,2 25338  98.7835 123.5854 0010066 336.3144  23.7571 14.25720134933917
1 25338U 98030A   16120.51825489  .00000075  00000-0  50607-4 0  9997,2 25338  98.7834 124.5699 0010016 333.3469  26.7194 14.25720376934054
1 25338U 98030A   16121.57094853  .00000078  00000-0  51674-4 0  9995,2 25338  98.7834 125.6247 0009960 330.1118  29.9491 14.25720623934204
1 25338U 98030A   16122.55346240  .00000076  00000-0  50871-4 0  9990,2 25338  98.7833 126.6092 0009912 327.0511  33.0049 14.25720867934341
1 25338U 98030A   16123.46579656  .00000085  00000-0  54634-4 0  9991,2 25338  98.7833 127.5234 0009861 324.1955  35.8563 14.25721152934475
1 25338U 98030A   16124.51848972  .00000092  00000-0  57885-4 0  9997,2 25338  98.7833 128.5782 0009803 320.9012  39.1458 14.25721462934629
1 25338U 98030A   16125.50100321  .00000079  00000-0  52204-4 0  9991,2 25338  98.7833 129.5628 0009766 317.8812  42.1616 14.25721645934768
1 25338U 98030A   16126.48351645  .00000066  00000-0  46813-4 0  9991,2 25338  98.7833 130.5473 0009724 314.7280  45.3107 14.25721876934909
1 25338U 98030A   16127.53620911  .00000065  00000-0  46461-4 0  9991,2 25338  98.7832 131.6021 0009684 311.4188  48.6159 14.25722163935055
1 25338U 98030A   16128.51872210  .00000080  00000-0  52508-4 0  9997,2 25338  98.7832 132.5867 0009640 308.2912  51.7400 14.25722501935199
1 25338U 98030A   16129.50123496  .00000065  00000-0  46510-4 0  9991,2 25338  98.7832 133.5712 0009597 305.0617  54.9662 14.25722722935333
1 25338U 98030A   16130.55392713  .00000048  00000-0  39008-4 0  9993,2 25338  98.7832 134.6260 0009565 301.6447  58.3799 14.25722943935481
1 25338U 98030A   16130.90482450 +.00000057 +00000-0 +43120-4 0  9990,2 25338 098.7831 134.9776 0009555 300.5128 059.5108 14.25723089935274
1 25338U 98030A   16131.95751662 +.00000061 +00000-0 +44476-4 0  9990,2 25338 098.7831 136.0324 0009522 297.1220 062.8988 14.25723336935429
1 25338U 98030A   16133.50146488  .00000072  00000-0  49390-4 0  9999,2 25338  98.7831 137.5795 0009488 292.2377  67.7796 14.25723709935905
1 25338U 98030A   16134.48397715  .00000079  00000-0  52085-4 0  9990,2 25338  98.7830 138.5640 0009474 289.0655  70.9497 14.25723999936043
1 25338U 98030A   16135.53666883  .00000081  00000-0  53277-4 0  9999,2 25338  98.7830 139.6188 0009459 285.6962  74.3174 14.25724273936190
1 25338U 98030A   16136.51918088  .00000097  00000-0  59831-4 0  9994,2 25338  98.7830 140.6033 0009440 282.3680  77.6443 14.25724614936332
1 25338U 98030A   16137.50169279  .00000101  00000-0  61353-4 0  9992,2 25338  98.7829 141.5878 0009429 279.1154  80.8958 14.25724900936474
1 25338U 98030A   16138.48420454  .00000098  00000-0  60238-4 0  9991,2 25338  98.7829 142.5722 0009426 275.8393  84.1711 14.25725181936610
1 25338U 98030A   16139.53689563  .00000091  00000-0  57351-4 0  9991,2 25338  98.7829 143.6270 0009420 272.4156  87.5945 14.25725418936769
1 25338U 98030A   16140.51940715  .00000099  00000-0  60717-4 0  9998,2 25338  98.7829 144.6115 0009415 269.2960  90.7141 14.25725715936909
1 25338U 98030A   16141.50191846  .00000099  00000-0  60799-4 0  9991,2 25338  98.7828 145.5960 0009416 266.0288  93.9815 14.25726029937043
1 25338U 98030A   16142.55460897  .00000090  00000-0  56855-4 0  9991,2 25338  98.7828 146.6508 0009427 262.6076  97.4033 14.25726325937198
1 25338U 98030A   16142.90550578 +.00000086 +00000-0 +55118-4 0  9992,2 25338 098.7828 147.0024 0009433 261.4311 098.5799 14.25726411936985
1 25338U 98030A   16143.53712001  .00000089  00000-0  56536-4 0  9991,2 25338  98.7828 147.6352 0009437 259.3692 100.6425 14.25726624937334
1 25338U 98030A   16143.95819614 +.00000089 +00000-0 +56606-4 0  9993,2 25338 098.7828 148.0572 0009444 258.0013 102.0108 14.25726731937135
1 25338U 98030A   16144.58981036  .00000090  00000-0  56817-4 0  9997,2 25338  98.7828 148.6901 0009444 256.0128 104.0001 14.25726884937483
1 25338U 98030A   16145.57232122  .00000067  00000-0  47342-4 0  9999,2 25338  98.7828 149.6745 0009461 252.8338 107.1806 14.25727036937629
1 25338U 98030A   16146.48465254  .00000068  00000-0  47633-4 0  9998,2 25338  98.7828 150.5887 0009486 249.8590 110.1569 14.25727299937755
1 25338U 98030A   16147.53734250  .00000074  00000-0  50157-4 0  9992,2 25338  98.7828 151.6435 0009508 246.4726 113.5455 14.25727586937902
1 25338U 98030A   16148.51985297  .00000094  00000-0  58477-4 0  9995,2 25338  98.7828 152.6280 0009536 243.2629 116.7575 14.25727920938045
1 25338U 98030A   16149.50236336  .00000083  00000-0  53967-4 0  9995,2 25338  98.7828 153.6125 0009571 240.0037 120.0193 14.25728140938185
1 25338U 98030A   16150.48487355  .00000087  00000-0  55690-4 0  9992,2 25338  98.7827 154.5969 0009605 236.8751 123.1507 14.25728433938328
1 25338U 98030A   16151.53756290  .00000099  00000-0  60438-4 0  9995,2 25338  98.7827 155.6517 0009635 233.5550 126.4742 14.25728769938478
1 25338U 98030A   16152.52007283  .00000107  00000-0  64062-4 0  9993,2 25338  98.7827 156.6362 0009674 230.4062 129.6264 14.25729066938615
1 25338U 98030A   16152.94114845 +.00000100 +00000-0 +60855-4 0  9991,2 25338 098.7827 157.0581 0009699 229.0471 130.9869 14.25729154938410
1 25338U 98030A   16153.50258259  .00000093  00000-0  57944-4 0  9998,2 25338  98.7827 157.6207 0009722 227.2502 132.7860 14.25729292938754
1 25338U 98030A   16153.92365811 +.00000099 +00000-0 +60447-4 0  9995,2 25338 098.7826 158.0426 0009741 225.9723 134.0655 14.25729430938551
1 25338U 98030A   16154.55527140  .00000091  00000-0  57114-4 0  9999,2 25338  98.7827 158.6755 0009767 224.0007 136.0396 14.25729604938902
1 25338U 98030A   16154.90616763 +.00000083 +00000-0 +54015-4 0  9996,2 25338 098.7826 159.0271 0009786 222.8934 137.1483 14.25729669938691
1 25338U 98030A   16155.67813927  .00000106  00000-0  63672-4 0  9997,2 25338  98.7826 159.8006 0009821 220.4589 139.5860 14.25730008939061
1 25338U 98030A   16155.95885621 +.00000104 +00000-0 +62603-4 0  9999,2 25338 098.7826 160.0819 0009836 219.5735 140.4727 14.25730088938841
1 25338U 98030A   16156.87118616  .00000116  00000-0  67574-4 0  9999,2 25338  98.7826 160.9961 0009878 216.7148 143.3356 14.25730398939239
1 25338U 98030A   16156.94136539  .00000113  00000-0  66518-4 0  9995,2 25338  98.7826 161.0664 0009879 216.5058 143.5449 14.25730415939246
1 25338U 98030A   16157.57297838  .00000102  00000-0  62062-4 0  9993,2 25338  98.7826 161.6993 0009904 214.5564 145.4972 14.25730554939332
1 25338U 98030A   16157.99405356 +.00000111 +00000-0 +65806-4 0  9994,2 25338 098.7826 162.1212 0009934 213.2611 146.7946 14.25730762939138
1 25338U 98030A   16158.48530796  .00000102  00000-0  61739-4 0  9997,2 25338  98.7826 162.6135 0009969 211.7056 148.3524 14.25730898939467
1 25338U 98030A   16159.53799604  .00000080  00000-0  52787-4 0  9997,2 25338  98.7826 163.6683 0010013 208.4990 151.5643 14.25731055939619
1 25338U 98030A   16160.45032552  .00000086  00000-0  55076-4 0  9992,2 25338  98.7826 164.5824 0010062 205.6855 154.3826 14.25731319939740
1 25338U 98030A   16161.50301327  .00000076  00000-0  50761-4 0  9993,2 25338  98.7826 165.6372 0010115 202.5000 157.5737 14.25731523939896
1 25338U 98030A   16162.48552161  .00000077  00000-0  51545-4 0  9997,2 25338  98.7826 166.6217 0010172 199.5491 160.5299 14.25731789940036
1 25338U 98030A   16163.46802979  .00000092  00000-0  57643-4 0  9993,2 25338  98.7826 167.6062 0010235 196.5824 163.5022 14.25732147940173
1 25338U 98030A   16164.45053784  .00000102  00000-0  61913-4 0  9992,2 25338  98.7825 168.5906 0010297 193.6265 166.4638 14.25732441940312
1 25338U 98030A   16165.50322488  .00000094  00000-0  58434-4 0  9993,2 25338  98.7825 169.6454 0010361 190.4817 169.6148 14.25732685940469
1 25338U 98030A   16166.48573258  .00000089  00000-0  56518-4 0  9999,2 25338  98.7825 170.6299 0010411 187.6192 172.4831 14.25732936940604
1 25338U 98030A   16167.46824007  .00000098  00000-0  60232-4 0  9997,2 25338  98.7825 171.6142 0010472 184.7161 175.3921 14.25733250940740
1 25338U 98030A   16168.38056828  .00000119  00000-0  69154-4 0  9993,2 25338  98.7825 172.5284 0010525 182.0426 178.0712 14.25733610940873
1 25338U 98030A   16169.50343354  .00000098  00000-0  60007-4 0  9995,2 25338  98.7825 173.6535 0010602 178.7923 181.3284 14.25733859941039
1 25338U 98030A   16170.48594041  .00000091  00000-0  57012-4 0  9990,2 25338  98.7825 174.6379 0010663 175.9923 184.1344 14.25734136941174
1 25338U 98030A   16171.46844711  .00000091  00000-0  57250-4 0  9995,2 25338  98.7825 175.6224 0010714 173.1560 186.9768 14.25734421941311
1 25338U 98030A   16172.45095364  .00000094  00000-0  58660-4 0  9996,2 25338  98.7825 176.6069 0010771 170.3400 189.7989 14.25734695941458
1 25338U 98030A   16173.50363904  .00000079  00000-0  52195-4 0  9991,2 25338  98.7825 177.6616 0010829 167.3279 192.8174 14.25734916941605
1 25338U 98030A   16174.48614518  .00000064  00000-0  46003-4 0  9994,2 25338  98.7825 178.6461 0010892 164.5847 195.5666 14.25735127941740
1 25338U 98030A   16175.46865111  .00000073  00000-0  49515-4 0  9991,2 25338  98.7825 179.6306 0010959 161.8436 198.3137 14.25735439941882
1 25338U 98030A   16175.60901822  .00000124  00000-0  52048-4 0  9999,2 25338  98.7820 179.7705 0010798 161.6902 198.5143 14.25735424942220
1 25338U 98030A   16176.52133590  .00000085  00000-0  54541-4 0  9996,2 25338  98.7826 180.6853 0011022 158.8878 201.2758 14.25735736942031
1 25338U 98030A   16177.50384154  .00000074  00000-0  50182-4 0  9994,2 25338  98.7826 181.6698 0011078 156.1725 203.9969 14.25735931942177
1 25338U 98030A   16178.48634698  .00000064  00000-0  45858-4 0  9996,2 25338  98.7826 182.6543 0011126 153.4738 206.7013 14.25736129942312
1 25338U 98030A   16178.90742067 +.00000065 +00000-0 +46145-4 0  9994,2 25338 098.7826 183.0762 0011151 152.3321 207.8454 14.25736224942119
1 25338U 98030A   16179.88992590  .00000072  00000-0  49363-4 0  9993,2 25338  98.7826 184.0607 0011201 149.6045 210.5785 14.25736461942511
1 25338U 98030A   16180.52153631  .00000080  00000-0  52648-4 0  9990,2 25338  98.7826 184.6936 0011235 147.8451 212.3416 14.25736642942602
1 25338U 98030A   16181.57422010  .00000080  00000-0  52610-4 0  9995,2 25338  98.7826 185.7484 0011289 144.9746 215.2178 14.25736896942750
1 25338U 98030A   16182.48654581  .00000082  00000-0  53448-4 0  9998,2 25338  98.7826 186.6626 0011331 142.5138 217.6833 14.25737162942880
1 25338U 98030A   16183.53922913  .00000086  00000-0  55036-4 0  9991,2 25338  98.7826 187.7173 0011386 139.6847 220.5179 14.25737459943036
1 25338U 98030A   16184.52173339  .00000093  00000-0  58128-4 0  9994,2 25338  98.7827 188.7019 0011427 136.9960 223.2114 14.25737718943171
1 25338U 98030A   16185.50423736  .00000091  00000-0  57053-4 0  9996,2 25338  98.7827 189.6864 0011469 134.3552 225.8569 14.25737982943315
1 25338U 98030A   16186.48674115  .00000069  00000-0  47755-4 0  9996,2 25338  98.7827 190.6708 0011507 131.7461 228.4705 14.25738140943450
1 25338U 98030A   16187.46924477  .00000062  00000-0  44986-4 0  9990,2 25338  98.7827 191.6553 0011542 129.0900 231.1307 14.25738354943597
1 25338U 98030A   16188.52192703  .00000072  00000-0  49022-4 0  9994,2 25338  98.7827 192.7101 0011583 126.2828 233.9423 14.25738631943745
1 25338U 98030A   16188.59210583  .00000072  00000-0  49334-4 0  9994,2 25338  98.7827 192.7805 0011588 126.1076 234.1177 14.25738649943754
1 25338U 98030A   16189.50443021  .00000072  00000-0  49331-4 0  9998,2 25338  98.7827 193.6946 0011618 123.6763 236.5526 14.25738875943888
1 25338U 98030A   16190.48693310  .00000072  00000-0  49167-4 0  9992,2 25338  98.7827 194.6791 0011649 121.1277 239.1047 14.25739148944022
1 25338U 98030A   16191.46943587  .00000073  00000-0  49393-4 0  9997,2 25338  98.7828 195.6636 0011692 118.6242 241.6115 14.25739396944167
1 25338U 98030A   16192.45193848  .00000082  00000-0  53171-4 0  9993,2 25338  98.7828 196.6482 0011720 115.9960 244.2427 14.25739631944309
1 25338U 98030A   16193.50461959  .00000085  00000-0  54563-4 0  9990,2 25338  98.7829 197.7030 0011744 113.1873 247.0545 14.25739881944455
1 25338U 98030A   16194.48712165  .00000088  00000-0  56049-4 0  9990,2 25338  98.7829 198.6874 0011765 110.6219 249.6223 14.25740164944592
1 25338U 98030A   16195.46962349  .00000097  00000-0  59696-4 0  9991,2 25338  98.7829 199.6719 0011786 108.0511 252.1954 14.25740462944737
1 25338U 98030A   16196.45212516  .00000106  00000-0  63351-4 0  9999,2 25338  98.7829 200.6564 0011806 105.4534 254.7950 14.25740738944872
1 25338U 98030A   16197.50480516  .00000101  00000-0  61403-4 0  9994,2 25338  98.7829 201.7112 0011823 102.7344 257.5158 14.25741013945027
1 25338U 98030A   16198.55748481  .00000091  00000-0  57249-4 0  9999,2 25338  98.7829 202.7661 0011829  99.9592 260.2923 14.25741288945176
1 25338U 98030A   16198.90837804 +.00000082 +00000-0 +53322-4 0  9994,2 25338 098.7829 203.1177 0011829 099.0483 261.2035 14.25741311944961
1 25338U 98030A   16199.96105740 +.00000090 +00000-0 +56679-4 0  9995,2 25338 098.7829 204.1725 0011838 096.2840 263.9688 14.25741633945115
1 25338U 98030A   16201.50498668  .00000068  00000-0  47445-4 0  9999,2 25338  98.7830 205.7196 0011845  92.2050 268.0486 14.25741930945597
1 25338U 98030A   16202.48748670  .00000067  00000-0  47032-4 0  9999,2 25338  98.7831 206.7041 0011841  89.6844 270.5692 14.25742235945737
1 25338U 98030A   16203.54016516  .00000066  00000-0  46609-4 0  9992,2 25338  98.7831 207.7590 0011838  86.9274 273.3260 14.25742501945884
1 25338U 98030A   16204.59284339  .00000070  00000-0  48488-4 0  9990,2 25338  98.7832 208.8138 0011837  84.1741 276.0788 14.25742751946033
1 25338U 98030A   16205.50516431  .00000055  00000-0  41854-4 0  9996,2 25338  98.7832 209.7280 0011830  81.8852 278.3669 14.25742906946160
1 25338U 98030A   16206.55784210  .00000045  00000-0  37947-4 0  9991,2 25338  98.7832 210.7829 0011818  79.0331 281.2177 14.25743089946315
1 25338U 98030A   16207.54034112  .00000063  00000-0  45354-4 0  9991,2 25338  98.7833 211.7675 0011803  76.5011 283.7483 14.25743406946452
1 25338U 98030A   16207.96141207 +.00000067 +00000-0 +46976-4 0  9996,2 25338 098.7833 212.1894 0011795 075.4359 284.8128 14.25743511946256
1 25338U 98030A   16208.52284009  .00000061  00000-0  44400-4 0  9991,2 25338  98.7833 212.7520 0011792  73.9369 286.3108 14.25743549946592
1 25338U 98030A   16209.50533880  .00000056  00000-0  42603-4 0  9991,2 25338  98.7834 213.7366 0011770  71.4240 288.8217 14.25743734946739
1 25338U 98030A   16210.48783734  .00000053  00000-0  41220-4 0  9996,2 25338  98.7834 214.7211 0011747  68.8196 291.4238 14.25743905946871
1 25338U 98030A   16210.76856056  .00000079  00000-0  33276-4 0  9995,2 25338  98.7826 215.0020 0011591  67.9731 292.3165 14.25743728947239
1 25338U 98030A   16211.54051417  .00000053  00000-0  41142-4 0  9993,2 25338  98.7835 215.7760 0011728  66.0026 294.2380 14.25744091947027
1 25338U 98030A   16212.52301232  .00000060  00000-0  43949-4 0  9990,2 25338  98.7835 216.7606 0011703  63.4324 296.8054 14.25744293947167
1 25338U 98030A   16213.50551034  .00000047  00000-0  38683-4 0  9990,2 25338  98.7836 217.7452 0011675  60.8611 299.3735 14.25744423947301
1 25338U 98030A   16214.48800810  .00000037  00000-0  34484-4 0  9991,2 25338  98.7836 218.7298 0011635  58.2642 301.9670 14.25744592947441
1 25338U 98030A   16215.54068418  .00000031  00000-0  31988-4 0  9999,2 25338  98.7836 219.7847 0011603  55.4821 304.7452 14.25744739947593
1 25338U 98030A   16216.52318161  .00000047  00000-0  38784-4 0  9999,2 25338  98.7837 220.7692 0011565  52.9188 307.3047 14.25744991947734
1 25338U 98030A   16217.50567892  .00000042  00000-0  36486-4 0  9997,2 25338  98.7837 221.7538 0011528  50.2880 309.9314 14.25745153947874
1 25338U 98030A   16218.48817608  .00000026  00000-0  29621-4 0  9993,2 25338  98.7837 222.7384 0011486  47.6356 312.5794 14.25745248948019
1 25338U 98030A   16219.54085150  .00000019  00000-0  26947-4 0  9990,2 25338  98.7837 223.7933 0011444  44.8076 315.4026 14.25745376948160
1 25338U 98030A   16220.52334836  .00000037  00000-0  34605-4 0  9998,2 25338  98.7838 224.7778 0011402  42.1783 318.0272 14.25745593948308
1 25338U 98030A   16221.50584504  .00000042  00000-0  36635-4 0  9997,2 25338  98.7839 225.7624 0011350  39.5338 320.6667 14.25745790948449
1 25338U 98030A   16222.48834159  .00000034  00000-0  33377-4 0  9990,2 25338  98.7839 226.7470 0011304  36.8234 323.3720 14.25745928948581
1 25338U 98030A   16223.54101632  .00000042  00000-0  36414-4 0  9995,2 25338  98.7840 227.8019 0011243  33.9896 326.2001 14.25746145948731
1 25338U 98030A   16223.96208618 +.00000048 +00000-0 +39116-4 0  9991,2 25338 098.7840 228.2239 0011229 032.8035 327.3839 14.25746218948537
1 25338U 98030A   16224.94458240 +.00000056 +00000-0 +42510-4 0  9999,2 25338 098.7841 229.2085 0011176 030.1230 330.0590 14.25746409948679
1 25338U 98030A   16225.92707840 +.00000065 +00000-0 +46389-4 0  9999,2 25338 098.7841 230.1931 0011125 027.4016 332.7748 14.25746627948817
1 25338U 98030A   16226.90957427 +.00000060 +00000-0 +43987-4 0  9992,2 25338 098.7841 231.1777 0011073 024.6677 335.5030 14.25746808948951
1 25338U 98030A   16227.96224826 +.00000059 +00000-0 +43621-4 0  9992,2 25338 098.7842 232.2326 0011016 021.7474 338.4171 14.25747007949102
1 25338U 98030A   16228.52367433  .00000065  00000-0  46083-4 0  9999,2 25338  98.7842 232.7953 0010990  20.1936 339.9676 14.25747137949446
1 25338U 98030A   16229.50616976  .00000060  00000-0  44246-4 0  9991,2 25338  98.7842 233.7799 0010933  17.4323 342.7230 14.25747322949580
1 25338U 98030A   16230.48866500  .00000048  00000-0  39268-4 0  9994,2 25338  98.7843 234.7645 0010868  14.6392 345.5100 14.25747501949726
1 25338U 98030A   16231.61152588  .00000104  00000-0  43932-4 0  9990,2 25338  98.7839 235.8889 0010881  10.6516 349.5370 14.25747720950203
1 25338U 98030A   16231.68169483  .00000038  00000-0  34749-4 0  9991,2 25338  98.7843 235.9601 0010804  11.2502 348.8917 14.25747668949891
1 25338U 98030A   16232.52383344  .00000039  00000-0  35394-4 0  9997,2 25338  98.7843 236.8041 0010754   8.8565 351.2802 14.25747836950018
1 25338U 98030A   16232.94490268 +.00000040 +00000-0 +35600-4 0  9999,2 25338 098.7843 237.2261 0010723 007.6471 352.4870 14.25747910949813
1 25338U 98030A   16233.57650651  .00000037  00000-0  34597-4 0  9993,2 25338  98.7844 237.8591 0010681   5.8456 354.2847 14.25748033950163
1 25338U 98030A   16234.48882311  .00000026  00000-0  29796-4 0  9997,2 25338  98.7844 238.7734 0010635   3.1964 356.9282 14.25748147950298
1 25338U 98030A   16235.54149603  .00000021  00000-0  27731-4 0  9997,2 25338  98.7844 239.8284 0010573   0.1476 359.9705 14.25748296950441
1 25338U 98030A   16236.45381246  .00000036  00000-0  34100-4 0  9993,2 25338  98.7845 240.7427 0010513 357.5116   2.6009 14.25748495950570
1 25338U 98030A   16237.50648514  .00000041  00000-0  36385-4 0  9997,2 25338  98.7845 241.7977 0010444 354.4413   5.6648 14.25748691950727
1 25338U 98030A   16238.48897956  .00000028  00000-0  30865-4 0  9993,2 25338  98.7846 242.7824 0010382 351.5150   8.5852 14.25748794950865
1 25338U 98030A   16239.47147392  .00000029  00000-0  31280-4 0  9998,2 25338  98.7847 243.7670 0010334 348.6112  11.4832 14.25748938951006
1 25338U 98030A   16240.45396819  .00000048  00000-0  38979-4 0  9991,2 25338  98.7847 244.7517 0010282 345.7217  14.3670 14.25749146951142
1 25338U 98030A   16241.50664045  .00000057  00000-0  42787-4 0  9999,2 25338  98.7847 245.8067 0010218 342.5670  17.5157 14.25749374951295
1 25338U 98030A   16242.48913438  .00000064  00000-0  45873-4 0  9997,2 25338  98.7848 246.7913 0010165 339.5646  20.5125 14.25749625951430
1 25338U 98030A   16243.47162824  .00000054  00000-0  41508-4 0  9992,2 25338  98.7848 247.7760 0010107 336.5690  23.5028 14.25749775951579
1 25338U 98030A   16244.52430014  .00000060  00000-0  44328-4 0  9998,2 25338  98.7848 248.8310 0010045 333.3791  26.6871 14.25750001951721
1 25338U 98030A   16244.94536886 +.00000061 +00000-0 +44738-4 0  9994,2 25338 098.7847 249.2530 0010029 332.0934 027.9706 14.25750077951528
1 25338U 98030A   16245.22608131  .00000063  00000-0  45620-4 0  9992,2 25338  98.7848 249.5343 0010010 331.2303  28.8323 14.25750154951829
1 25338U 98030A   16246.48928724  .00000058  00000-0  43450-4 0  9997,2 25338  98.7848 250.8003 0009946 327.3199  32.7364 14.25750441952001
1 25338U 98030A   16247.54195880  .00000046  00000-0  38378-4 0  9994,2 25338  98.7848 251.8553 0009893 324.0543  35.9970 14.25750584952152
1 25338U 98030A   16248.52445215  .00000055  00000-0  42047-4 0  9991,2 25338  98.7849 252.8400 0009849 321.0380  39.0089 14.25750799952291
1 25338U 98030A   16249.50694538  .00000052  00000-0  40820-4 0  9998,2 25338  98.7849 253.8246 0009804 317.9465  42.0961 14.25750988952438
1 25338U 98030A   16250.48943849  .00000046  00000-0  38471-4 0  9991,2 25338  98.7850 254.8093 0009765 314.8359  45.2026 14.25751172952573
1 25338U 98030A   16251.12104118  .00000199  00000-0  10277-3 0  9993,2 25338  98.7836 255.4412 0009770 312.4040  47.6337 14.25751863952664
1 25338U 98030A   16251.47193159  .00000036  00000-0  34290-4 0  9996,2 25338  98.7851 255.7940 0009722 311.7047  48.3300 14.25751306952712
1 25338U 98030A   16251.96317809  .00000202  00000-0  10407-3 0  9998,2 25338  98.7842 256.2851 0009603 309.8229  50.2135 14.25752103952788
1 25338U 98030A   16252.03335616  .00000143  00000-0  78979-4 0  9996,2 25338  98.7841 256.3554 0009583 309.6097  50.4264 14.25751901952797
1 25338U 98030A   16252.52460270  .00000052  00000-0  40816-4 0  9993,2 25338  98.7852 256.8490 0009688 308.4019  51.6290 14.25751545952864
1 25338U 98030A   16253.43691758  .00000058  00000-0  43304-4 0  9992,2 25338  98.7852 257.7633 0009655 305.4956  54.5322 14.25751723952994
1 25338U 98030A   16254.48958850  .00000050  00000-0  39806-4 0  9991,2 25338  98.7852 258.8183 0009621 302.1225  57.9020 14.25751899953146
1 25338U 98030A   16254.91065682 +.00000045 +00000-0 +37876-4 0  9990,2 25338 098.7852 259.2403 0009611 300.7473 059.2759 14.25751951952944
1 25338U 98030A   16255.54225932  .00000053  00000-0  41414-4 0  9998,2 25338  98.7853 259.8734 0009588 298.7183  61.3032 14.25752107953296
1 25338U 98030A   16255.96332761 +.00000057 +00000-0 +43155-4 0  9991,2 25338 098.7853 260.2954 0009577 297.3464 062.6740 14.25752199953090
1 25338U 98030A   16256.45457397  .00000064  00000-0  46044-4 0  9997,2 25338  98.7853 260.7877 0009560 295.7635  64.2557 14.25752321953421
1 25338U 98030A   16257.50724458  .00000065  00000-0  46468-4 0  9990,2 25338  98.7853 261.8427 0009532 292.3481  67.6688 14.25752538953573
1 25338U 98030A   16258.48973709  .00000049  00000-0  39435-4 0  9991,2 25338  98.7853 262.8274 0009521 289.2142  70.8007 14.25752666953710
1 25338U 98030A   16259.47222950  .00000044  00000-0  37346-4 0  9990,2 25338  98.7853 263.8121 0009505 285.9912  74.0220 14.25752855953850
1 25338U 98030A   16259.61259551  .00000018  00000-0  75455-5 0  9998,2 25338  98.7855 263.9534 0009599 286.1829  73.8778 14.25752100954190
1 25338U 98030A   16260.52489989  .00000053  00000-0  41081-4 0  9996,2 25338  98.7853 264.8671 0009489 282.6449  77.3669 14.25753084954007
1 25338U 98030A   16260.94596798 +.00000056 +00000-0 +42408-4 0  9996,2 25338 098.7853 265.2891 0009490 281.2847 078.7266 14.25753180953807
1 25338U 98030A   16261.57757016  .00000048  00000-0  39004-4 0  9997,2 25338  98.7853 265.9221 0009480 279.2387  80.7720 14.25753277954150
1 25338U 98030A   16261.92846023 +.00000042 +00000-0 +36665-4 0  9997,2 25338 098.7853 266.2738 0009482 278.1000 081.9104 14.25753322953945
1 25338U 98030A   16262.56006232  .00000029  00000-0  31152-4 0  9999,2 25338  98.7853 266.9068 0009478 276.0215  83.9884 14.25753411954293
1 25338U 98030A   16262.91095237 +.00000030 +00000-0 +31557-4 0  9992,2 25338 098.7853 267.2585 0009478 274.8704 085.1393 14.25753480954082
1 25338U 98030A   16263.54255448  .00000029  00000-0  31003-4 0  9998,2 25338  98.7853 267.8915 0009475 272.8159  87.1936 14.25753589954438
1 25338U 98030A   16263.96362250 +.00000036 +00000-0 +34024-4 0  9998,2 25338 098.7853 268.3135 0009479 271.4060 088.6034 14.25753714954231
1 25338U 98030A   16264.59522454  .00000044  00000-0  37650-4 0  9999,2 25338  98.7853 268.9465 0009477 269.3207  90.6887 14.25753862954581
1 25338U 98030A   16264.94611454 +.00000045 +00000-0 +37905-4 0  9991,2 25338 098.7853 269.2982 0009481 268.1812 091.8282 14.25753913954379
1 25338U 98030A   16265.50753861  .00000039  00000-0  35244-4 0  9990,2 25338  98.7854 269.8609 0009479 266.3577  93.6518 14.25753976954716
1 25338U 98030A   16265.99878460 -.00000153  00000-0 -45252-4 0  9995,2 25338  98.7855 270.3538 0009489 265.9966  94.0090 14.25752934954783
1 25338U 98030A   16266.27949662 -.00000128  00000-0 -35022-4 0  9996,2 25338  98.7860 270.6352 0009482 264.9077  95.0990 14.25753075954823
1 25338U 98030A   16266.49003066  .00000030  00000-0  31702-4 0  9990,2 25338  98.7854 270.8455 0009490 263.2400  96.7699 14.25754075954851
1 25338U 98030A   16266.91110771  .00000082  00000-0  34527-4 0  9994,2 25338  98.7859 271.2693 0009544 262.7660  97.2913 14.25754102955236
1 25338U 98030A   16267.19182012  .00000204  00000-0  85892-4 0  9999,2 25338  98.7858 271.5484 0009449 261.6427  98.4163 14.25754246954956
1 25338U 98030A   16267.26199808  .00000062  00000-0  26200-4 0  9998,2 25338  98.7858 271.6187 0009449 261.4041  98.6549 14.25754318954968
1 25338U 98030A   16267.40235222  .00001431  00000-0  60274-3 0  9994,2 25338  98.7862 271.7612 0009593 261.5398  98.5177 14.25758065955301
1 25338U 98030A   16267.40235396 -.00000245  00000-0  00000+0 0  9996,2 25338  98.7857 271.7592 0009468 260.8448  99.2141 14.25753955954986
1 25338U 98030A   16267.75324407  .00000098  00000-0  41092-4 0  9992,2 25338  98.7857 272.1110 0009476 259.6984 100.3609 14.25754294955034
1 25338U 98030A   16268.03394662  .00000038  00000-0  34846-4 0  9997,2 25338  98.7855 272.3929 0009511 258.2470 101.7642 14.25754318955070
1 25338U 98030A   16268.45501462  .00000047  00000-0  38649-4 0  9996,2 25338  98.7855 272.8149 0009512 256.8915 103.1203 14.25754413955130
1 25338U 98030A   16269.57786240  .00000054  00000-0  41622-4 0  9992,2 25338  98.7855 273.9402 0009541 253.1938 106.8195 14.25754646955296
1 25338U 98030A   16269.92875234 +.00000053 +00000-0 +41273-4 0  9994,2 25338 098.7855 274.2919 0009545 252.1243 107.8896 14.25754685955084
1 25338U 98030A   16270.49017618  .00000049  00000-0  39681-4 0  9997,2 25338  98.7855 274.8546 0009559 250.2881 109.7267 14.25754803955421
1 25338U 98030A   16270.77089764  .00000123  00000-0  51706-4 0  9994,2 25338  98.7856 275.1355 0009502 249.9626 110.1020 14.25754880955466
1 25338U 98030A   16272.10426969  .00000054  00000-0  41596-4 0  9994,2 25338  98.7855 276.4722 0009594 245.1154 114.9029 14.25755105955655
1 25338U 98030A   16272.59551550  .00000060  00000-0  44104-4 0  9997,2 25338  98.7855 276.9646 0009604 243.5078 116.5117 14.25755216955721
1 25338U 98030A   16272.66570281  .00000105  00000-0  44047-4 0  9993,2 25338  98.7857 277.0353 0009599 244.1334 115.9344 14.25755193956051
1 25338U 98030A   16273.50782903  .00000065  00000-0  46372-4 0  9991,2 25338  98.7855 277.8789 0009630 240.5614 119.4605 14.25755437955854
1 25338U 98030A   16273.85871882 +.00000062 +00000-0 +45212-4 0  9993,2 25338 098.7854 278.2306 0009641 239.4490 120.5739 14.25755488955648
1 25338U 98030A   16274.49032044  .00000047  00000-0  38534-4 0  9995,2 25338  98.7854 278.8636 0009663 237.4250 122.5997 14.25755574955998
1 25338U 98030A   16275.54298977  .00000034  00000-0  33405-4 0  9999,2 25338  98.7854 279.9186 0009697 234.0925 125.9355 14.25755725956140
1 25338U 98030A   16276.52548110  .00000036  00000-0  34225-4 0  9998,2 25338  98.7854 280.9033 0009730 230.9838 129.0475 14.25755898956283
1 25338U 98030A   16277.50797232  .00000030  00000-0  31619-4 0  9996,2 25338  98.7854 281.8879 0009768 227.8909 132.1441 14.25756054956425
1 25338U 98030A   16278.49046342  .00000027  00000-0  30431-4 0  9991,2 25338  98.7854 282.8725 0009816 224.8214 135.2173 14.25756237956560
1 25338U 98030A   16279.47295458  .00000022  00000-0  28234-4 0  9997,2 25338  98.7855 283.8571 0009857 221.7535 138.2893 14.25756361956704
1 25338U 98030A   16279.54313252  .00000020  00000-0  27466-4 0  9992,2 25338  98.7855 283.9275 0009860 221.5380 138.5050 14.25756358956711
