1 25418U 98046F   15001.62211359  .00000544  00000-0  25494-3 0  9993,2 25418 044.9984 157.0951 0001207 321.3114 087.3149 14.31549437856353
1 25418U 98046F   15002.67384336  .00000584  00000-0  26997-3 0  9998,2 25418 044.9985 152.1604 0001136 323.5888 110.4379 14.31550722856507
1 25418U 98046F   15003.87191561  .00000733  00000-0  32547-3 0  9991,2 25418 044.9987 146.5391 0001064 327.9767 166.3789 14.31551691856672
1 25418U 98046F   15005.52929271  .00000942  00000-0  40307-3 0  9997,2 25418 044.9988 138.7628 0000961 330.7859 073.2596 14.31555284856919
1 25418U 98046F   15007.55687200  .00001009  00000-0  42807-3 0  9997,2 25418 044.9990 129.2495 0000793 340.3807 083.0963 14.31561743857209
1 25418U 98046F   15008.82881259  .00000988  00000-0  42021-3 0  9991,2 25418 044.9990 123.2814 0000688 348.8694 156.0356 14.31567645857381
1 25418U 98046F   15010.78200404  .00000784  00000-0  34435-3 0  9990,2 25418 044.9992 114.1170 0000546 358.0967 142.5752 14.31573520857666
1 25418U 98046F   15012.22373037  .00000805  00000-0  35218-3 0  9998,2 25418 044.9993 107.3522 0000450 004.7631 013.2584 14.31577027857875
1 25418U 98046F   15013.71193127  .00000822  00000-0  35823-3 0  9994,2 25418 044.9994 100.3695 0000382 013.5713 121.5692 14.31581477858084
1 25418U 98046F   15015.51595215  .00000936  00000-0  40091-3 0  9997,2 25418 044.9995 091.9046 0000297 035.3380 046.1547 14.31585331858340
1 25418U 98046F   15016.57522122  .00000824  00000-0  35911-3 0  9992,2 25418 044.9995 086.9343 0000258 052.0498 093.8736 14.31588377858495
1 25418U 98046F   15017.75003628  .00000517  00000-0  24460-3 0  9994,2 25418 044.9995 081.4217 0000230 073.3784 013.0515 14.31591268858660
1 25418U 98046F   15019.42320400  .00000564  00000-0  26207-3 0  9993,2 25418 044.9995 073.5705 0000251 104.4693 333.3340 14.31594638858907
1 25418U 98046F   15020.62105454  .00000365  00000-0  18804-3 0  9990,2 25418 044.9996 067.9497 0000322 124.0388 013.1321 14.31596617859071
1 25418U 98046F   15022.27953267  .00000596  00000-0  27400-3 0  9994,2 25418 044.9997 060.1674 0000409 139.8027 273.0005 14.31598432859314
1 25418U 98046F   15023.55768513  .00000583  00000-0  26933-3 0  9990,2 25418 044.9998 054.1698 0000496 147.9791 018.4706 14.31599506859499
1 25418U 98046F   15025.35529905  .00000622  00000-0  28363-3 0  9993,2 25418 045.0000 045.7349 0000569 154.9646 284.8976 14.31601173859753
1 25418U 98046F   15026.48714878  .00000638  00000-0  28976-3 0  9990,2 25418 045.0000 040.4239 0000643 159.7796 359.0009 14.31603119859917
1 25418U 98046F   15027.53079584  .00000622  00000-0  28381-3 0  9998,2 25418 045.0001 035.5268 0000702 163.4552 339.2331 14.31606701860069
1 25418U 98046F   15029.18897648  .00000639  00000-0  29011-3 0  9999,2 25418 045.0003 027.7460 0000816 168.9332 247.9046 14.31611572860307
1 25418U 98046F   15030.46044010  .00000824  00000-0  35898-3 0  9995,2 25418 045.0004 021.7799 0000879 172.1799 323.8516 14.31614756860482
1 25418U 98046F   15031.51031295  .00000918  00000-0  39363-3 0  9998,2 25418 045.0004 016.8535 0000953 175.5597 336.5443 14.31617097860639
1 25418U 98046F   15033.09456646  .00001271  00000-0  52513-3 0  9999,2 25418 045.0005 009.4197 0001052 178.9007 226.0568 14.31620462860862
1 25418U 98046F   15034.21800618  .00001171  00000-0  48768-3 0  9992,2 25418 045.0004 004.1483 0001132 181.7058 258.8666 14.31626867861024
1 25418U 98046F   15035.34976772  .00001003  00000-0  42536-3 0  9993,2 25418 045.0003 358.8377 0001193 184.1943 334.9408 14.31631796861185
1 25418U 98046F   15036.39355902  .00001031  00000-0  43584-3 0  9990,2 25418 045.0003 353.9398 0001274 187.3091 316.5810 14.31636267861331
1 25418U 98046F   15037.90900078  .00000776  00000-0  34088-3 0  9992,2 25418 045.0002 346.8287 0001352 190.0625 211.7830 14.31641668861552
1 25418U 98046F   15039.25657258  .00000861  00000-0  37228-3 0  9995,2 25418 045.0000 340.5053 0001430 193.0328 320.7756 14.31646786861747
1 25418U 98046F   15040.29963166  .00000831  00000-0  36103-3 0  9997,2 25418 044.9999 335.6107 0001471 194.4983 300.3500 14.31649850861896
1 25418U 98046F   15041.88779752  .00000894  00000-0  38472-3 0  9999,2 25418 044.9996 328.1582 0001563 198.0405 210.0283 14.31653337862125
1 25418U 98046F   15043.23558694  .00000872  00000-0  37621-3 0  9991,2 25418 044.9993 321.8335 0001635 201.4480 319.7715 14.31656727862314
1 25418U 98046F   15044.28093546  .00000767  00000-0  33724-3 0  9990,2 25418 044.9991 316.9280 0001702 204.6022 309.5062 14.31659022862467
1 25418U 98046F   15045.86406066  .00000624  00000-0  28431-3 0  9991,2 25418 044.9987 309.4988 0001800 209.8274 191.5389 14.31662449862692
1 25418U 98046F   15050.14533588  .00000610  00000-0  27873-3 0  9992,2 25418 044.9980 289.4073 0001968 217.9003 310.4449 14.31671399863304
1 25418U 98046F   15051.52231494  .00000800  00000-0  34955-3 0  9996,2 25418 044.9979 282.9449 0002046 221.4476 210.7307 14.31672012863509
1 25418U 98046F   15052.71597767  .00000831  00000-0  36086-3 0  9997,2 25418 044.9978 277.3431 0002079 224.3808 245.9046 14.31674153863670
1 25418U 98046F   15053.82303378  .00000788  00000-0  34504-3 0  9997,2 25418 044.9977 272.1477 0002119 227.0967 194.4979 14.31676870863832
1 25418U 98046F   15055.02755191  .00000908  00000-0  38971-3 0  9991,2 25418 044.9976 266.4948 0002165 229.8662 285.8509 14.31681349864004
1 25418U 98046F   15056.53653803  .00000696  00000-0  31093-3 0  9997,2 25418 044.9978 259.4119 0002230 233.7592 146.8641 14.31684497864221
1 25418U 98046F   15057.58678690  .00000653  00000-0  29480-3 0  9994,2 25418 044.9979 254.4828 0002231 237.7314 161.1669 14.31686005864374
1 25418U 98046F   15058.93602115  .00000884  00000-0  38071-3 0  9995,2 25418 044.9983 248.1433 0002145 249.6373 270.0287 14.31688290864567
1 25418U 98046F   15060.51630749  .00001065  00000-0  44783-3 0  9995,2 25418 044.9984 240.7267 0002195 254.6086 137.8487 14.31692786864795
1 25418U 98046F   15061.56614047  .00001192  00000-0  49515-3 0  9993,2 25418 044.9984 235.7996 0002211 257.8771 150.7443 14.31695986864941
1 25418U 98046F   15063.51932536  .00001208  00000-0  50092-3 0  9996,2 25418 044.9986 226.6331 0002252 263.1139 142.1497 14.31700501865224
1 25418U 98046F   15064.79274985  .00001074  00000-0  45108-3 0  9997,2 25418 044.9987 220.6568 0002294 266.1070 228.8784 14.31702847865400
1 25418U 98046F   15065.84332581  .00001062  00000-0  44660-3 0  9990,2 25418 044.9987 215.7261 0002301 268.7570 246.2664 14.31705510865554
1 25418U 98046F   15067.50354132  .00001150  00000-0  47910-3 0  9990,2 25418 044.9987 207.9341 0002363 273.3374 166.9464 14.31710553865793
1 25418U 98046F   15068.84624611  .00001187  00000-0  49300-3 0  9995,2 25418 044.9988 201.6324 0002371 276.9457 250.5397 14.31714458865980
1 25418U 98046F   15069.87623938  .00001015  00000-0  42895-3 0  9992,2 25418 044.9988 196.7982 0002378 279.8011 161.5737 14.31716322866138
1 25418U 98046F   15071.20104345  .00000936  00000-0  39983-3 0  9993,2 25418 044.9990 190.5806 0002382 283.6207 152.6265 14.31719134866325
1 25418U 98046F   15072.38083471  .00000922  00000-0  39459-3 0  9992,2 25418 044.9991 185.0435 0002388 286.8873 116.1014 14.31721823866496
1 25418U 98046F   15073.50046664  .00000887  00000-0  38162-3 0  9990,2 25418 044.9991 179.7889 0002383 290.0509 129.3157 14.31724000866659
1 25418U 98046F   15074.77209632  .00000845  00000-0  36586-3 0  9998,2 25418 044.9990 173.8210 0002388 294.0813 205.8557 14.31726257866838
1 25418U 98046F   15076.43003101  .00000710  00000-0  31553-3 0  9996,2 25418 044.9988 166.0398 0002369 299.1161 114.4256 14.31728687867074
1 25418U 98046F   15077.48909443  .00001181  00000-0  49037-3 0  9995,2 25418 044.9987 161.0692 0002333 303.1142 174.3686 14.31734372867228
1 25418U 98046F   15079.21682315  .00001052  00000-0  44246-3 0  9998,2 25418 044.9987 152.9602 0002261 309.0030 082.2191 14.31738157867479
1 25418U 98046F   15080.48274586  .00000732  00000-0  32364-3 0  9998,2 25418 044.9988 147.0188 0002250 313.0992 129.3020 14.31739283867659
1 25418U 98046F   15081.60770194  .00000786  00000-0  34394-3 0  9993,2 25418 044.9989 141.7390 0002243 317.6282 168.6928 14.31741904867814
1 25418U 98046F   15082.65739184  .00000838  00000-0  36303-3 0  9993,2 25418 044.9988 136.8123 0002203 321.0997 180.8342 14.31744377867969
1 25418U 98046F   15084.17415656  .00000863  00000-0  37250-3 0  9997,2 25418 044.9987 129.6933 0002140 326.4504 080.8634 14.31747329868188
1 25418U 98046F   15085.51256708  .00001002  00000-0  42380-3 0  9993,2 25418 044.9985 123.4115 0002092 331.9117 140.6227 14.31750709868377
1 25418U 98046F   15086.57024296  .00001099  00000-0  46000-3 0  9994,2 25418 044.9984 118.4471 0002042 336.1651 193.2164 14.31753601868525
1 25418U 98046F   15088.15187448  .00001176  00000-0  48851-3 0  9991,2 25418 044.9984 111.0233 0001964 342.6022 066.8815 14.31757899868752
1 25418U 98046F   15089.49904329  .00001275  00000-0  52511-3 0  9992,2 25418 044.9985 104.7001 0001904 348.6588 171.2810 14.31761741868940
1 25418U 98046F   15091.45188457  .00001259  00000-0  51903-3 0  9993,2 25418 044.9987 095.5339 0001756 357.5724 157.7062 14.31766673869228
1 25418U 98046F   15092.83156286  .00001329  00000-0  54515-3 0  9991,2 25418 044.9988 089.0580 0001627 003.8956 069.6129 14.31770767869426
1 25418U 98046F   15094.09473451  .00001226  00000-0  50695-3 0  9998,2 25418 044.9989 083.1293 0001606 011.5113 099.1450 14.31773676869608
1 25418U 98046F   15095.13008303  .00001144  00000-0  47651-3 0  9991,2 25418 044.9989 078.2696 0001529 018.5443 033.8540 14.31776215869750
1 25418U 98046F   15096.40217873  .00001059  00000-0  44497-3 0  9996,2 25418 044.9990 072.2988 0001464 026.2352 109.3827 14.31779319869938
1 25418U 98046F   15098.13281771  .00000931  00000-0  39754-3 0  9994,2 25418 044.9993 064.1755 0001375 037.9457 026.7095 14.31783163870189
1 25418U 98046F   15099.18261323  .00000849  00000-0  36678-3 0  9991,2 25418 044.9995 059.2479 0001329 045.9016 035.0672 14.31785224870339
1 25418U 98046F   15100.38072493  .00000895  00000-0  38381-3 0  9998,2 25418 044.9997 053.6242 0001302 055.8681 086.6496 14.31788286870502
1 25418U 98046F   15102.11220860  .00000964  00000-0  40935-3 0  9999,2 25418 045.0000 045.4971 0001269 070.6200 005.3508 14.31792575870756
1 25418U 98046F   15103.16971169  .00000923  00000-0  39429-3 0  9991,2 25418 045.0001 040.5335 0001255 079.9316 052.1567 14.31794902870900
1 25418U 98046F   15104.28653806  .00000909  00000-0  38902-3 0  9999,2 25418 045.0002 035.2915 0001281 090.0070 044.2838 14.31797598871061
1 25418U 98046F   15105.59739921  .00001105  00000-0  46171-3 0  9993,2 25418 045.0003 029.1386 0001310 101.5767 316.0473 14.31802278871258
1 25418U 98046F   15106.85159394  .00001174  00000-0  48714-3 0  9994,2 25418 045.0003 023.2515 0001376 112.1997 296.4077 14.31806314871438
1 25418U 98046F   15108.11794936  .00001241  00000-0  51221-3 0  9994,2 25418 045.0004 017.3075 0001456 121.9274 340.4230 14.31810345871619
1 25418U 98046F   15109.17498566  .00001347  00000-0  55134-3 0  9995,2 25418 045.0004 012.3459 0001529 129.2996 026.8280 14.31813994871762
1 25418U 98046F   15110.21869411  .00001402  00000-0  57156-3 0  9991,2 25418 045.0005 007.4469 0001604 136.4156 004.7376 14.31817494871918
1 25418U 98046F   15111.81799579  .00001749  00000-0  70015-3 0  9998,2 25418 045.0005 359.9399 0001711 147.0952 325.7072 14.31824978872146
1 25418U 98046F   15113.14785660  .00001717  00000-0  68811-3 0  9998,2 25418 045.0004 353.6978 0001832 154.7429 339.5458 14.31829745872336
1 25418U 98046F   15114.45871844  .00001534  00000-0  62034-3 0  9991,2 25418 045.0004 347.5445 0001952 162.4879 255.2833 14.31833658872525
1 25418U 98046F   15115.78208539  .00001244  00000-0  51292-3 0  9995,2 25418 045.0002 341.3325 0002103 169.5464 236.2472 14.31836847872711
1 25418U 98046F   15116.83206280  .00001072  00000-0  44915-3 0  9996,2 25418 045.0001 336.4035 0002238 174.9289 248.3240 14.31839400872868
1 25418U 98046F   15118.10343297  .00000907  00000-0  38815-3 0  9996,2 25418 045.0000 330.4355 0002371 181.1010 321.9201 14.31842216873041
1 25418U 98046F   15119.54516459  .00000778  00000-0  34025-3 0  9992,2 25418 044.9999 323.6676 0002510 188.0301 193.7707 14.31845003873256
1 25418U 98046F   15121.03256654  .00000718  00000-0  31809-3 0  9998,2 25418 044.9998 316.6854 0002639 194.6283 301.6106 14.31848028873465
1 25418U 98046F   15122.54798345  .00000590  00000-0  27049-3 0  9992,2 25418 044.9998 309.5714 0002818 201.1192 194.1196 14.31850528873689
1 25418U 98046F   15123.81315313  .00000555  00000-0  25767-3 0  9999,2 25418 044.9998 303.6326 0002953 206.2135 236.8522 14.31852951873865
1 25418U 98046F   15124.94433536  .00000560  00000-0  25924-3 0  9993,2 25418 044.9997 298.3226 0003069 210.7331 308.8389 14.31855064874028
1 25418U 98046F   15126.52701536  .00000671  00000-0  30035-3 0  9999,2 25418 044.9996 290.8928 0003209 217.4429 188.2192 14.31858320874256
1 25418U 98046F   15127.94104183  .00000799  00000-0  34777-3 0  9999,2 25418 044.9995 284.2549 0003280 223.3711 278.1986 14.31861236874452
1 25418U 98046F   15129.46861189  .00000836  00000-0  36148-3 0  9990,2 25418 044.9994 277.0836 0003363 229.3070 234.0318 14.31863896874674
1 25418U 98046F   15130.57532116  .00000916  00000-0  39101-3 0  9990,2 25418 044.9994 271.8883 0003453 233.5181 180.0995 14.31866637874833
1 25418U 98046F   15131.77922606  .00001113  00000-0  46392-3 0  9990,2 25418 044.9993 266.2367 0003524 238.0117 267.3985 14.31870572875006
1 25418U 98046F   15133.50391646  .00001339  00000-0  54762-3 0  9997,2 25418 044.9993 258.1404 0003637 244.7117 159.6179 14.31876514875254
1 25418U 98046F   15134.78225985  .00001493  00000-0  60469-3 0  9992,2 25418 044.9992 252.1393 0003710 249.7600 270.4905 14.31881429875438
1 25418U 98046F   15136.15958785  .00001257  00000-0  51700-3 0  9992,2 25418 044.9991 245.6733 0003762 254.8696 172.0532 14.31884401875639
1 25418U 98046F   15137.48340994  .00001139  00000-0  47348-3 0  9998,2 25418 044.9990 239.4586 0003826 259.9565 157.5793 14.31887759875824
1 25418U 98046F   15139.16153400  .00000878  00000-0  37697-3 0  9994,2 25418 044.9989 231.5806 0003879 266.6018 169.6831 14.31890914876067
1 25418U 98046F   15140.41294657  .00000776  00000-0  33913-3 0  9998,2 25418 044.9989 225.7058 0003911 271.3617 141.9521 14.31893588876245
1 25418U 98046F   15141.53511387  .00000624  00000-0  28281-3 0  9998,2 25418 044.9988 220.4379 0003934 275.9200 167.5490 14.31895199876402
1 25418U 98046F   15142.66654201  .00000475  00000-0  22761-3 0  9997,2 25418 044.9988 215.1265 0003951 280.2614 241.1532 14.31896535876562
1 25418U 98046F   15144.17571221  .00000343  00000-0  17881-3 0  9996,2 25418 044.9986 208.0415 0003975 286.0835 102.3586 14.31898134876781
1 25418U 98046F   15145.52294250  .00000311  00000-0  16680-3 0  9991,2 25418 044.9984 201.7168 0003967 291.2491 208.6487 14.31899585876973
1 25418U 98046F   15146.56503791  .00000284  00000-0  15705-3 0  9995,2 25418 044.9982 196.8245 0003947 295.2321 181.6864 14.31900462877129
1 25418U 98046F   15148.15445065  .00000298  00000-0  16205-3 0  9992,2 25418 044.9979 189.3625 0003924 301.3781 096.6247 14.31901976877354
1 25418U 98046F   15149.50245873  .00000295  00000-0  16114-3 0  9993,2 25418 044.9978 183.0340 0003883 306.9666 206.5225 14.31903259877540
1 25418U 98046F   15150.54577436  .00000266  00000-0  15026-3 0  9991,2 25418 044.9978 178.1359 0003850 311.2709 185.5480 14.31904078877691
1 25418U 98046F   15152.13309894  .00000250  00000-0  14452-3 0  9994,2 25418 044.9979 170.6837 0003797 317.9088 089.2383 14.31905389877927
1 25418U 98046F   15153.48006029  .00000211  00000-0  13010-3 0  9993,2 25418 044.9979 164.3600 0003729 323.7420 193.5043 14.31906198878118
1 25418U 98046F   15155.06247574  .00000287  00000-0  15812-3 0  9996,2 25418 044.9980 156.9310 0003642 330.6509 071.6054 14.31907701878348
1 25418U 98046F   15156.40903622  .00000337  00000-0  17659-3 0  9995,2 25418 044.9979 150.6092 0003550 336.8327 173.4648 14.31908899878538
1 25418U 98046F   15157.45262574  .00000392  00000-0  19701-3 0  9996,2 25418 044.9979 145.7097 0003475 341.6009 153.4600 14.31910059878688
1 25418U 98046F   15159.10960009  .00000504  00000-0  23852-3 0  9995,2 25418 044.9980 137.9304 0003371 349.9363 054.8706 14.31912326878920
1 25418U 98046F   15160.16028473  .00000651  00000-0  29268-3 0  9993,2 25418 044.9982 132.9976 0003291 355.1714 071.0246 14.31914493879076
1 25418U 98046F   15161.43371440  .00000670  00000-0  29963-3 0  9992,2 25418 044.9985 127.0191 0003181 000.6107 156.3274 14.31930291879251
1 25418U 98046F   15163.38480722 -.00000035  00000-0  38927-4 0  9999,2 25418 044.9989 117.8587 0003005 010.5292 133.8727 14.31915580879539
1 25418U 98046F   15165.87155588 -.00000044  00000-0  35608-4 0  9997,2 25418 044.9994 106.1844 0002921 024.9417 350.7858 14.31920021879896
1 25418U 98046F   15166.31332220 -.00000063 +00000-0 +28522-4 0  9995,2 25418 044.9991 104.1104 0002844 026.9183 108.2772 14.31922151879769
1 25418U 98046F   15167.82766016 -.00000095  00000-0  16693-4 0  9997,2 25418 044.9993 097.0004 0002727 036.5431 352.4811 14.31922740880171
1 25418U 98046F   15169.24818991  .00000356  00000-0  18366-3 0  9992,2 25418 044.9996 090.3312 0002709 046.0312 112.7951 14.31925453880374
1 25418U 98046F   15170.83401130  .00000301  00000-0  16307-3 0  9995,2 25418 044.9997 082.8866 0002609 056.0641 005.4683 14.31927828880604
1 25418U 98046F   15172.17826936  .00000337  00000-0  17643-3 0  9992,2 25418 044.9999 076.5756 0002552 066.4026 091.3963 14.31929645880797
1 25418U 98046F   15173.35331175  .00000347  00000-0  18012-3 0  9991,2 25418 045.0000 071.0591 0002541 074.6464 026.2847 14.31931070880966
1 25418U 98046F   15174.82027236  .00000488  00000-0  23237-3 0  9995,2 25418 045.0000 064.1718 0002543 086.1558 024.1986 14.31933916881170
1 25418U 98046F   15176.07112514  .00000423  00000-0  20836-3 0  9999,2 25418 044.9999 058.2997 0002573 093.8582 350.8201 14.31935175881351
1 25418U 98046F   15177.12791875  .00000288  00000-0  15844-3 0  9991,2 25418 044.9999 053.3382 0002592 101.1469 036.5275 14.31935818881503
1 25418U 98046F   15178.80001578  .00000213  00000-0  13054-3 0  9990,2 25418 044.9999 045.4878 0002645 112.5449 013.0649 14.31937413881742
1 25418U 98046F   15180.06221595  .00000176  00000-0  11696-3 0  9992,2 25418 045.0000 039.5619 0002708 120.3606 038.1439 14.31938515881925
1 25418U 98046F   15181.51219981  .00000166  00000-0  11331-3 0  9994,2 25418 045.0001 032.7543 0002775 130.4269 309.9325 14.31939607882138
1 25418U 98046F   15182.76334315  .00000174  00000-0  11626-3 0  9997,2 25418 045.0002 026.8802 0002892 138.8921 277.3791 14.31940636882317
1 25418U 98046F   15183.96833824  .00000169  00000-0  11453-3 0  9991,2 25418 045.0000 021.2229 0003051 146.1132 007.8927 14.31941710882480
1 25418U 98046F   15185.83854564  .00000292  00000-0  15990-3 0  9990,2 25418 045.0000 012.4423 0003230 157.3092 286.9136 14.31944133882750
1 25418U 98046F   15186.96927067  .00000392  00000-0  19691-3 0  9997,2 25418 045.0000 007.1337 0003326 163.6036 355.1371 14.31945987882915
1 25418U 98046F   15188.47883877  .00000396  00000-0  19842-3 0  9997,2 25418 045.0001 000.0461 0003467 172.0976 215.9895 14.31947644883130
1 25418U 98046F   15189.52934808  .00000486  00000-0  23156-3 0  9998,2 25418 045.0002 355.1139 0003595 177.8808 230.8237 14.31949321883282
1 25418U 98046F   15190.79456343  .00000554  00000-0  25663-3 0  9993,2 25418 045.0003 349.1738 0003684 183.9776 273.2352 14.31951379883467
1 25418U 98046F   15191.85157168  .00000418  00000-0  20656-3 0  9990,2 25418 045.0003 344.2111 0003827 189.4226 321.9565 14.31952143883612
1 25418U 98046F   15192.89563573  .00000578  00000-0  26565-3 0  9998,2 25418 045.0003 339.3093 0003896 194.3801 304.3814 14.31954676883767
1 25418U 98046F   15194.49357123  .00000484  00000-0  23069-3 0  9990,2 25418 045.0003 331.8072 0004036 201.9496 262.1847 14.31956595883997
1 25418U 98046F   15195.83067873  .00000462  00000-0  22264-3 0  9991,2 25418 045.0003 325.5296 0004131 208.0745 315.5673 14.31958565884187
1 25418U 98046F   15197.13538535  .00000367  00000-0  18751-3 0  9994,2 25418 045.0003 319.4039 0004265 214.1472 201.8189 14.31959840884374
1 25418U 98046F   15198.45817179  .00000313  00000-0  16736-3 0  9996,2 25418 045.0002 313.1932 0004376 219.9412 181.6473 14.31961052884566
1 25418U 98046F   15199.73576572  .00000288  00000-0  15834-3 0  9996,2 25418 045.0001 307.1950 0004482 225.6677 288.3539 14.31962241884742
1 25418U 98046F   15201.11489145  .00000191  00000-0  12223-3 0  9993,2 25418 045.0000 300.7199 0004588 231.7693 198.5984 14.31962978884943
1 25418U 98046F   15202.43697785  .00000152  00000-0  10782-3 0  9995,2 25418 044.9999 294.5127 0004686 237.3654 175.0284 14.31963894885130
1 25418U 98046F   15203.48668856  .00000129  00000-0  99443-4 0  9994,2 25418 044.9998 289.5844 0004738 241.8584 187.0936 14.31964663885287
1 25418U 98046F   15204.69016277  .00000132  00000-0  10057-3 0  9999,2 25418 044.9997 283.9342 0004802 246.9451 271.9948 14.31965609885454
1 25418U 98046F   15206.19972086  .00000092  00000-0  85808-4 0  9997,2 25418 044.9994 276.8467 0004881 253.3638 134.9750 14.31966295885671
1 25418U 98046F   15207.54691453  .00000122  00000-0  96903-4 0  9995,2 25418 044.9992 270.5216 0004921 259.0021 240.9304 14.31967117885864
1 25418U 98046F   15208.66334546  .00000165  00000-0  11281-3 0  9998,2 25418 044.9989 265.2796 0004948 263.5653 237.2163 14.31967899886022
1 25418U 98046F   15210.18199693  .00000191  00000-0  12227-3 0  9990,2 25418 044.9987 258.1492 0004983 269.8882 147.2291 14.31968909886245
1 25418U 98046F   15211.37971130  .00000189  00000-0  12153-3 0  9991,2 25418 044.9986 252.5256 0004996 274.9398 202.4614 14.31969687886419
1 25418U 98046F   15212.49437536  .00000213  00000-0  13039-3 0  9994,2 25418 044.9984 247.2921 0005004 279.7457 189.3998 14.31970736886579
1 25418U 98046F   15213.55161699  .00000236  00000-0  13886-3 0  9991,2 25418 044.9983 242.3280 0005004 284.2102 240.3783 14.31971700886729
1 25418U 98046F   15215.20263345  .00000231  00000-0  13729-3 0  9997,2 25418 044.9981 234.5758 0004997 291.1117 112.8461 14.31972910886969
1 25418U 98046F   15216.48008610  .00000240  00000-0  14066-3 0  9995,2 25418 044.9980 228.5778 0004970 296.7356 218.9784 14.31973787887140
1 25418U 98046F   15217.52377032  .00000261  00000-0  14813-3 0  9991,2 25418 044.9979 223.6773 0004930 301.1055 200.1043 14.31974547887294
1 25418U 98046F   15218.55848478  .00000270  00000-0  15170-3 0  9999,2 25418 044.9979 218.8189 0004886 305.5186 134.9058 14.31975311887441
1 25418U 98046F   15220.09858922  .00000327  00000-0  17251-3 0  9991,2 25418 044.9979 211.5874 0004814 312.2249 155.2774 14.31976912887661
1 25418U 98046F   15221.13300433  .00000366  00000-0  18688-3 0  9994,2 25418 044.9980 206.7305 0004750 316.4820 088.6998 14.31978099887810
1 25418U 98046F   15222.18367598  .00000308  00000-0  16564-3 0  9992,2 25418 044.9981 201.7973 0004697 321.6382 105.1102 14.31978727887964
1 25418U 98046F   15223.45713583  .00000248  00000-0  14340-3 0  9995,2 25418 044.9982 195.8181 0004621 327.8611 190.0678 14.31979569888146
1 25418U 98046F   15224.89650100  .00000217  00000-0  13196-3 0  9993,2 25418 044.9984 189.0598 0004528 334.6779 050.5246 14.31980563888352
1 25418U 98046F   15226.24334019  .00000211  00000-0  12967-3 0  9991,2 25418 044.9984 182.7360 0004427 341.3164 153.7224 14.31981584888547
1 25418U 98046F   15227.36091067  .00000223  00000-0  13412-3 0  9997,2 25418 044.9984 177.4887 0004345 346.9610 154.8657 14.31982444888704
1 25418U 98046F   15229.24549862  .00000299  00000-0  16221-3 0  9991,2 25418 044.9986 168.6398 0004195 356.6246 149.8964 14.31984467888972
1 25418U 98046F   15230.28998098  .00000250  00000-0  14410-3 0  9991,2 25418 044.9988 163.7357 0004117 002.1714 134.0042 14.31985104889122
1 25418U 98046F   15231.80401189  .00000154  00000-0  10882-3 0  9992,2 25418 044.9990 156.6268 0004006 010.2585 018.5024 14.31985781889341
1 25418U 98046F   15232.92310911  .00000181  00000-0  11856-3 0  9990,2 25418 044.9991 151.3724 0003923 016.6471 026.7963 14.31986729889506
1 25418U 98046F   15234.20068141  .00000132  00000-0  10062-3 0  9992,2 25418 044.9992 145.3740 0003840 024.0629 131.8173 14.31987245889688
1 25418U 98046F   15235.92559001 +.00000181 +00000-0 +11863-3 0  9996,2 25418 044.9992 137.2751 0003727 034.0489 022.5876 14.31988528889747
1 25418U 98046F   15236.84300664  .00000196  00000-0  12426-3 0  9999,2 25418 044.9991 132.9676 0003673 039.6266 071.0045 14.31989211890062
1 25418U 98046F   15236.91049193 +.00000195 +00000-0 +12379-3 0  9990,2 25418 044.9991 132.6507 0003670 040.0446 058.8199 14.31989252889881
1 25418U 98046F   15237.87823353  .00000205  00000-0  12759-3 0  9998,2 25418 044.9990 128.1068 0003622 045.9418 006.6042 14.31990046890212
1 25418U 98046F   15240.53283870  .00000292  00000-0  15957-3 0  9998,2 25418 044.9990 115.6422 0003519 062.7650 007.9353 14.31993157890593
1 25418U 98046F   15240.88964505 +.00000300 +00000-0 +16262-3 0  9997,2 25418 044.9990 113.9668 0003511 065.0581 046.8181 14.31993622890450
1 25418U 98046F   15241.71420829  .00000321  00000-0  17026-3 0  9998,2 25418 044.9990 110.0951 0003489 070.3706 336.3804 14.31994606890761
1 25418U 98046F   15241.79878383 +.00000318 +00000-0 +16931-3 0  9998,2 25418 044.9990 109.6980 0003488 070.9745 052.1996 14.31994685890587
1 25418U 98046F   15242.77543545  .00000284  00000-0  15657-3 0  9992,2 25418 044.9991 105.1121 0003471 077.6247 045.2266 14.31995464890915
1 25418U 98046F   15243.96371927 +.00000294 +00000-0 +16036-3 0  9990,2 25418 044.9991 099.5327 0003472 085.6059 048.9827 14.31996638890894
1 25418U 98046F   15244.03733022  .00000292  00000-0  15973-3 0  9994,2 25418  44.9991  99.1871 0003473  86.0353  68.3978 14.31996697891098
1 25418U 98046F   15245.48749134  .00000255  00000-0  14603-3 0  9993,2 25418  44.9990  92.3779 0003468  95.5383 341.9683 14.31997846891305
1 25418U 98046F   15245.70323133 +.00000253 +00000-0 +14519-3 0  9999,2 25418 044.9990 091.3649 0003478 097.0370 013.7248 14.31998063891149
1 25418U 98046F   15246.96726197 +.00000219 +00000-0 +13277-3 0  9997,2 25418 044.9989 085.4296 0003527 105.5242 047.8532 14.31999064891323
1 25418U 98046F   15248.01620645  .00000203  00000-0  12680-3 0  9996,2 25418  44.9989  80.5043 0003567 112.5344  53.5810 14.31999963891662
1 25418U 98046F   15249.52534091  .00000224  00000-0  13454-3 0  9995,2 25418  44.9990  73.4179 0003638 122.0933 271.4266 14.32001417891883
1 25418U 98046F   15249.96869956 +.00000211 +00000-0 +12984-3 0  9997,2 25418 044.9990 071.3361 0003668 124.6533 036.6773 14.32001695891758
1 25418U 98046F   15250.87154183  .00000234  00000-0  13811-3 0  9993,2 25418  44.9992  67.0968 0003714 130.3966   9.7660 14.32002558892072
1 25418U 98046F   15250.94475721 +.00000234 +00000-0 +13832-3 0  9998,2 25418 044.9992 066.7530 0003719 130.8131 027.1544 14.32002616891896
1 25418U 98046F   15251.91499354  .00000288  00000-0  15801-3 0  9991,2 25418  44.9993  62.1973 0003776 136.8385 347.7308 14.32003715892226
1 25418U 98046F   15252.96461808  .00000292  00000-0  15981-3 0  9994,2 25418  44.9995  57.2688 0003824 142.5677 358.2639 14.32004591892371
1 25418U 98046F   15254.47967149  .00000276  00000-0  15386-3 0  9992,2 25418  44.9997  50.1549 0003956 151.9471 246.8574 14.32005942892598
1 25418U 98046F   15254.91702345 +.00000296 +00000-0 +16120-3 0  9995,2 25418 044.9998 048.1014 0003988 154.3675 341.2602 14.32006494892462
1 25418U 98046F   15255.82752672  .00000256  00000-0  14638-3 0  9992,2 25418  44.9999  43.8262 0004070 159.6187 354.3892 14.32007195892789
1 25418U 98046F   15255.89343449 +.00000250 +00000-0 +14407-3 0  9995,2 25418 044.9999 043.5168 0004071 159.9466 334.1589 14.32007240892606
1 25418U 98046F   15257.20411539  .00000204  00000-0  12729-3 0  9992,2 25418  45.0001  37.3625 0004189 167.4409 250.0456 14.32008262892987
1 25418U 98046F   15258.52731456  .00000211  00000-0  12987-3 0  9995,2 25418  45.0002  31.1495 0004317 174.7949 230.6754 14.32009524893177
1 25418U 98046F   15258.89706190 +.00000219 +00000-0 +13268-3 0  9993,2 25418 045.0002 029.4134 0004345 176.7134 336.7316 14.32009898893037
1 25418U 98046F   15259.79876300  .00000209  00000-0  12897-3 0  9990,2 25418  45.0003  25.1794 0004419 181.4646 304.9486 14.32010486893351
1 25418U 98046F   15259.87206127 +.00000215 +00000-0 +13122-3 0  9992,2 25418 045.0003 024.8353 0004426 181.8394 322.8088 14.32010591893174
1 25418U 98046F   15261.18240125  .00000251  00000-0  14460-3 0  9991,2 25418  45.0005  18.6826 0004546 188.6975 237.5860 14.32011643893556
1 25418U 98046F   15262.50603020  .00000284  00000-0  15654-3 0  9997,2 25418  45.0005  12.4676 0004663 195.1540 221.3427 14.32012646893747
1 25418U 98046F   15262.80123179 +.00000256 +00000-0 +14637-3 0  9991,2 25418 045.0005 011.0815 0004688 196.6844 303.1173 14.32012709893597
1 25418U 98046F   15263.77713859  .00000263  00000-0  14881-3 0  9997,2 25418  45.0005   6.4993 0004772 201.4892 294.2083 14.32013458893923
1 25418U 98046F   15264.82678212  .00000235  00000-0  13850-3 0  9991,2 25418  45.0005   1.5709 0004861 206.5501 305.5449 14.32014187894075
1 25418U 98046F   15266.48461707  .00000232  00000-0  13756-3 0  9996,2 25418  45.0005 353.7868 0004999 214.5425 212.3624 14.32015685894310
1 25418U 98046F   15266.78056829 +.00000250 +00000-0 +14400-3 0  9991,2 25418 045.0005 352.3972 0005014 215.8156 298.2670 14.32016058894167
1 25418U 98046F   15267.75702398  .00000286  00000-0  15737-3 0  9991,2 25418  45.0004 347.8123 0005083 220.3989 292.4255 14.32017178894499
1 25418U 98046F   15269.06602285  .00000338  00000-0  17650-3 0  9995,2 25418  45.0004 341.6660 0005178 226.5363 201.0360 14.32018642894687
1 25418U 98046F   15270.17389551  .00000345  00000-0  17929-3 0  9994,2 25418  45.0002 336.4639 0005245 231.4576 153.0077 14.32019639894845
1 25418U 98046F   15271.22336584  .00000368  00000-0  18758-3 0  9995,2 25418  45.0001 331.5361 0005306 236.2195 163.7726 14.32020686894999
1 25418U 98046F   15272.49702514  .00000366  00000-0  18701-3 0  9991,2 25418  45.0000 325.5556 0005371 242.0325 250.3632 14.32021936895178
1 25418U 98046F   15273.54768016  .00000397  00000-0  19813-3 0  9996,2 25418  44.9999 320.6222 0005408 246.6842 267.3636 14.32023338895321
1 25418U 98046F   15273.61352487 +.00000396 +00000-0 +19808-3 0  9998,2 25418 044.9999 320.3131 0005407 246.9384 246.8854 14.32023426895142
1 25418U 98046F   15274.59658182  .00000400  00000-0  19959-3 0  9990,2 25418  44.9997 315.6971 0005445 251.2976 275.3585 14.32024623895471
1 25418U 98046F   15276.17823109  .00000434  00000-0  21188-3 0  9993,2 25418  44.9995 308.2702 0005499 258.3288 150.0632 14.32026787895703
1 25418U 98046F   15277.52498780  .00000420  00000-0  20690-3 0  9998,2 25418  44.9993 301.9463 0005530 264.2560 253.7699 14.32028236895895
1 25418U 98046F   15278.56841619  .00000386  00000-0  19430-3 0  9997,2 25418  44.9992 297.0466 0005542 268.7467 233.6618 14.32029234896045
1 25418U 98046F   15280.15245877  .00000349  00000-0  18051-3 0  9996,2 25418  44.9991 289.6082 0005555 275.5873 120.9312 14.32030683896270
1 25418U 98046F   15281.20247310  .00000402  00000-0  20020-3 0  9996,2 25418  44.9990 284.6776 0005546 280.2094 134.6897 14.32032258896429
1 25418U 98046F   15282.48034899  .00000334  00000-0  17494-3 0  9998,2 25418  44.9990 278.6771 0005518 285.8436 243.2734 14.32033464896604
1 25418U 98046F   15282.93886196 +.00000296 +00000-0 +16085-3 0  9995,2 25418 044.9990 276.5240 0005516 287.8559 087.3246 14.32033773896482
1 25418U 98046F   15284.13067946  .00000245  00000-0  14227-3 0  9993,2 25418  44.9990 270.9275 0005482 293.2554 112.0624 14.32034859896848
1 25418U 98046F   15285.18086036  .00000253  00000-0  14522-3 0  9997,2 25418  44.9990 265.9962 0005447 297.9512 126.6198 14.32035980896990
1 25418U 98046F   15286.45209837  .00000277  00000-0  15403-3 0  9999,2 25418  44.9990 260.0268 0005398 303.6949 200.8566 14.32037331897176
1 25418U 98046F   15286.91727588 +.00000283 +00000-0 +15605-3 0  9999,2 25418 044.9990 257.8424 0005383 305.7458 079.2665 14.32037757897053
1 25418U 98046F   15287.76237215  .00000365  00000-0  18644-3 0  9993,2 25418  44.9990 253.8740 0005343 309.5879 116.3868 14.32038951897364
1 25418U 98046F   15288.81124119  .00000385  00000-0  19388-3 0  9996,2 25418  44.9990 248.9488 0005286 314.2803 124.1916 14.32039972897516
1 25418U 98046F   15288.88435324 +.00000419 +00000-0 +20633-3 0  9999,2 25418 044.9990 248.6054 0005281 314.6236 141.1304 14.32040253897335
1 25418U 98046F   15290.21698519  .00000460  00000-0  22142-3 0  9999,2 25418  44.9989 242.3477 0005195 320.9332 171.6323 14.32041840897718
1 25418U 98046F   15291.33375314  .00000521  00000-0  24402-3 0  9997,2 25418  44.9989 237.1037 0005123 326.4487 169.0090 14.32043615897876
1 25418U 98046F   15291.87115569 +.00000524 +00000-0 +24527-3 0  9991,2 25418 044.9990 234.5801 0005087 328.9270 059.7082 14.32044391897760
1 25418U 98046F   15292.84847321  .00000569  00000-0  26157-3 0  9997,2 25418  44.9990 229.9908 0005018 333.6693  58.2569 14.32046122898097
1 25418U 98046F   15292.92166141 +.00000584 +00000-0 +26738-3 0  9992,2 25418 044.9991 229.6471 0005011 334.0294 075.5736 14.32046353897919
1 25418U 98046F   15293.89805341  .00000615  00000-0  27868-3 0  9991,2 25418  44.9990 225.0624 0004937 338.4698  69.6549 14.32048105898240
1 25418U 98046F   15295.24478554  .00000642  00000-0  28849-3 0  9994,2 25418  44.9990 218.7386 0004841 345.2731 172.4656 14.32050424898432
1 25418U 98046F   15296.28822657  .00000725  00000-0  31929-3 0  9991,2 25418  44.9989 213.8388 0004762 350.4621 151.8100 14.32052613898589
1 25418U 98046F   15296.91202068 +.00000682 +00000-0 +30346-3 0  9993,2 25418 044.9989 210.9095 0004705 353.5337 127.7442 14.32053381898480
1 25418U 98046F   15297.80330881  .00000734  00000-0  32259-3 0  9990,2 25418  44.9987 206.7241 0004628 358.2148  42.4426 14.32055221898806
1 25418U 98046F   15297.88758029 +.00000700 +00000-0 +30984-3 0  9992,2 25418 044.9987 206.3284 0004621 358.7064 116.8229 14.32055153898625
1 25418U 98046F   15299.14967387  .00000673  00000-0  30022-3 0  9994,2 25418  44.9986 200.4018 0004526   5.4906 142.9210 14.32057236898993
1 25418U 98046F   15300.19357752  .00000553  00000-0  25574-3 0  9994,2 25418  44.9985 195.4997 0004447  11.0892 124.2658 14.32058269899144
1 25418U 98046F   15300.95715442 +.00000519 +00000-0 +24337-3 0  9990,2 25418 044.9985 191.9140 0004385 015.1742 100.5356 14.32059376899068
1 25418U 98046F   15301.78148219  .00000470  00000-0  22526-3 0  9998,2 25418  44.9984 188.0429 0004325  19.7989  29.7660 14.32060393899376
1 25418U 98046F   15302.82702751  .00000465  00000-0  22341-3 0  9990,2 25418  44.9984 183.1332 0004246  25.6509  19.3440 14.32061924899520
1 25418U 98046F   15302.90054265 +.00000475 +00000-0 +22685-3 0  9991,2 25418 044.9984 182.7879 0004239 026.0079 038.3546 14.32062075899346
1 25418U 98046F   15304.10475796  .00000503  00000-0  23729-3 0  9993,2 25418  44.9984 177.1331 0004164  33.1732 125.4270 14.32063909899708
1 25418U 98046F   15304.71052932 +.00000478 +00000-0 +22811-3 0  9995,2 25418 044.9983 174.2884 0004118 036.6360 007.9903 14.32064487899600
1 25418U 98046F   15305.82935081  .00000582  00000-0  26642-3 0  9995,2 25418  44.9981 169.0344 0004050  43.3217  14.8838 14.32066420899953
1 25418U 98046F   15305.90288816 +.00000504 +00000-0 +23768-3 0  9991,2 25418 044.9981 168.6891 0004047 043.7842 033.9044 14.32066093899776
1 25418U 98046F   15307.03319700  .00000492  00000-0  23317-3 0  9990,2 25418  44.9979 163.3812 0003990  50.8291  99.7250 14.32067464900125
1 25418U 98046F   15308.07666125  .00000540  00000-0  25077-3 0  9990,2 25418  44.9977 158.4810 0003946  57.3369  77.9347 14.32069137900275
1 25418U 98046F   15308.61556839 +.00000542 +00000-0 +25157-3 0  9991,2 25418 044.9976 155.9502 0003921 060.6986 335.5644 14.32069911900160
1 25418U 98046F   15309.80778905  .00000462  00000-0  22212-3 0  9993,2 25418  44.9976 150.3513 0003882  68.1881   0.4464 14.32071108900523
1 25418U 98046F   15309.96377812 +.00000455 +00000-0 +21968-3 0  9991,2 25418 044.9976 149.6188 0003882 069.1519 084.4537 14.32071272900357
1 25418U 98046F   15310.85672735  .00000407  00000-0  20189-3 0  9994,2 25418  44.9976 145.4253 0003858  74.8806   6.7314 14.32072162900673
1 25418U 98046F   15310.94162887 +.00000429 +00000-0 +21007-3 0  9990,2 25418 044.9976 145.0266 0003859 075.4032 084.3379 14.32072398900496
1 25418U 98046F   15311.98819442  .00000484  00000-0  23023-3 0  9992,2 25418  44.9977 140.1118 0003846  82.0924  78.3903 14.32074200900837
1 25418U 98046F   15313.57067082  .00000549  00000-0  25411-3 0  9999,2 25418  44.9978 132.6802 0003822  92.4191 314.3528 14.32076729901069
1 25418U 98046F   15313.78643712 +.00000553 +00000-0 +25564-3 0  9996,2 25418 044.9979 131.6669 0003824 093.6637 346.5600 14.32077044900901
1 25418U 98046F   15314.83609275  .00000563  00000-0  25943-3 0  9991,2 25418  44.9979 126.7377 0003833 100.2772 356.6490 14.32078540901246
1 25418U 98046F   15314.91695182 +.00000632 +00000-0 +28484-3 0  9992,2 25418 044.9979 126.3579 0003834 100.6923 053.5047 14.32079068901066
1 25418U 98046F   15315.89355682  .00000556  00000-0  25680-3 0  9998,2 25418  44.9979 121.7716 0003851 107.1040  46.8268 14.32080058901396
1 25418U 98046F   15316.93636375  .00000480  00000-0  22870-3 0  9999,2 25418  44.9980 116.8746 0003878 113.7261  21.5770 14.32081228901548
1 25418U 98046F   15317.98603619  .00000507  00000-0  23877-3 0  9998,2 25418  44.9981 111.9451 0003911 120.2503  31.8609 14.32083033901695
1 25418U 98046F   15319.50091455  .00000481  00000-0  22901-3 0  9995,2 25418  44.9983 104.8309 0003970 129.7315 279.8804 14.32085187901918
1 25418U 98046F   15319.87133619 +.00000484 +00000-0 +23024-3 0  9994,2 25418 044.9983 103.0914 0003983 132.1197 029.0481 14.32085778901777
1 25418U 98046F   15320.84151891  .00000559  00000-0  25790-3 0  9990,2 25418  44.9985  98.5353 0004024 138.1486 349.6388 14.32087730902103
1 25418U 98046F   15320.91686978 +.00000608 +00000-0 +27572-3 0  9992,2 25418 044.9985 098.1814 0004030 138.5917 018.0444 14.32088163901921
1 25418U 98046F   15321.89100969  .00000657  00000-0  29399-3 0  9994,2 25418  44.9987  93.6066 0004077 144.3032 359.3785 14.32089910902253
1 25418U 98046F   15323.20136439  .00000680  00000-0  30234-3 0  9998,2 25418  44.9991  87.4530 0004149 152.0615 273.7116 14.32092151902447
1 25418U 98046F   15324.52491660  .00000674  00000-0  30008-3 0  9996,2 25418  44.9993  81.2374 0004247 159.4978 256.4844 14.32094409902634
1 25418U 98046F   15324.75278478 +.00000634 +00000-0 +28554-3 0  9990,2 25418 044.9993 080.1674 0004258 160.6634 351.2371 14.32094625902471
1 25418U 98046F   15325.79177612  .00000616  00000-0  27895-3 0  9990,2 25418  44.9995  75.2883 0004326 166.4329 307.2058 14.32096413902819
1 25418U 98046F   15327.52701574  .00000571  00000-0  26208-3 0  9990,2 25418  44.9997  67.1394 0004453 175.9682 252.4283 14.32099325903060
1 25418U 98046F   15327.68310480 +.00000568 +00000-0 +26108-3 0  9994,2 25418 044.9997 066.4064 0004462 176.7834 337.1155 14.32099526902896
1 25418U 98046F   15328.73090598  .00000545  00000-0  25248-3 0  9995,2 25418  44.9998  61.4858 0004534 182.3631 338.7536 14.32101113903236
1 25418U 98046F   15329.77595373  .00000525  00000-0  24516-3 0  9996,2 25418  45.0000  56.5781 0004613 187.8100 326.3204 14.32102566903385
1 25418U 98046F   15331.50569876  .00000482  00000-0  22928-3 0  9996,2 25418  45.0002  48.4550 0004741 196.6114 243.9508 14.32104478903639
1 25418U 98046F   15332.56252315  .00000475  00000-0  22694-3 0  9992,2 25418  45.0003  43.4921 0004816 201.7803 292.5807 14.32105654903788
1 25418U 98046F   15332.70352949 +.00000470 +00000-0 +22489-3 0  9999,2 25418 045.0003 042.8299 0004825 202.4303 299.6020 14.32105791903611
1 25418U 98046F   15333.67918255  .00000459  00000-0  22074-3 0  9991,2 25418  45.0003  38.2482 0004893 207.1482 289.7990 14.32106866903945
1 25418U 98046F   15335.48304216  .00000452  00000-0  21829-3 0  9998,2 25418  45.0004  29.7771 0005004 215.7984 230.0857 14.32109172904203
1 25418U 98046F   15336.54267844  .00000407  00000-0  20179-3 0  9998,2 25418  45.0004  24.8009 0005065 220.6463 293.5680 14.32110371904354
1 25418U 98046F   15336.61468130 +.00000396 +00000-0 +19753-3 0  9990,2 25418 045.0004 024.4628 0005069 220.9601 304.8301 14.32110397904172
1 25418U 98046F   15337.59044845  .00000371  00000-0  18837-3 0  9996,2 25418  45.0004  19.8805 0005119 225.5738 295.7372 14.32111493904506
1 25418U 98046F   15339.17257890  .00000322  00000-0  17040-3 0  9999,2 25418  45.0004  12.4504 0005202 232.9316 173.0912 14.32112998904732
1 25418U 98046F   15340.51908061  .00000440  00000-0  21398-3 0  9994,2 25418  45.0004   6.1269 0005257 239.0630 275.6993 14.32115052904920
1 25418U 98046F   15340.99284602 +.00000471 +00000-0 +22525-3 0  9991,2 25418 045.0004 003.9019 0005283 241.0559 198.6168 14.32115757904807
1 25418U 98046F   15342.09897068  .00000491  00000-0  23258-3 0  9996,2 25418  45.0003 358.7073 0005317 245.9759 141.9582 14.32117085905156
1 25418U 98046F   15343.22868631  .00000395  00000-0  19708-3 0  9994,2 25418  45.0003 353.4020 0005327 251.2530 206.6895 14.32117804905311
1 25418U 98046F   15344.35135854  .00000455  00000-0  21947-3 0  9998,2 25418  45.0003 348.1297 0005342 256.1134 235.4959 14.32119500905472
1 25418U 98046F   15344.89807463 +.00000386 +00000-0 +19381-3 0  9991,2 25418 045.0003 345.5622 0005350 258.6368 174.3597 14.32119827905369
1 25418U 98046F   15345.80180550  .00000446  00000-0  21607-3 0  9995,2 25418  45.0004 341.3181 0005348 262.6995 154.1011 14.32121352905680
1 25418U 98046F   15345.87438900 +.00000431 +00000-0 +21032-3 0  9993,2 25418 045.0003 340.9772 0005351 262.9600 168.4159 14.32121344905503
1 25418U 98046F   15347.20707505  .00000399  00000-0  19878-3 0  9990,2 25418  45.0003 334.7185 0005354 268.6484 200.2088 14.32122841905888
1 25418U 98046F   15348.40229484  .00000485  00000-0  23023-3 0  9991,2 25418  45.0002 329.1053 0005346 273.7274 243.2082 14.32124746906051
1 25418U 98046F   15349.44582248  .00000615  00000-0  27822-3 0  9992,2 25418  45.0002 324.2045 0005330 278.2893 223.9075 14.32126912906209
1 25418U 98046F   15349.91074366 +.00000592 +00000-0 +26984-3 0  9993,2 25418 045.0002 322.0210 0005328 280.3612 101.1226 14.32127357906084
1 25418U 98046F   15350.88763237  .00000553  00000-0  25554-3 0  9992,2 25418  45.0001 317.4331 0005298 284.7145  98.1368 14.32128458906412
1 25418U 98046F   15350.96203012 +.00000503 +00000-0 +23698-3 0  9993,2 25418 045.0001 317.0837 0005295 285.0710 121.7199 14.32128272906237
1 25418U 98046F   15352.20843019  .00000483  00000-0  22956-3 0  9992,2 25418  45.0001 311.2302 0005252 290.5644  68.4523 14.32129983906597
1 25418U 98046F   15353.35171022  .00000542  00000-0  25128-3 0  9997,2 25418  45.0001 305.8610 0005205 295.6132 203.4708 14.32132007906760
1 25418U 98046F   15353.96204881 +.00000429 +00000-0 +20981-3 0  9990,2 25418 045.0001 302.9946 0005179 298.2699 110.5595 14.32132286906667
1 25418U 98046F   15354.86540463  .00000438  00000-0  21309-3 0  9994,2 25418  45.0000 298.7522 0005141 302.2698  88.4697 14.32133685906987
1 25418U 98046F   15354.93868633 +.00000536 +00000-0 +24914-3 0  9998,2 25418 045.0000 298.4080 0005136 302.6002 106.3225 14.32134399906801
1 25418U 98046F   15356.21210522  .00000579  00000-0  26496-3 0  9993,2 25418  45.0000 292.4277 0005067 308.2227 192.3935 14.32136874907171
1 25418U 98046F   15357.32871383  .00000613  00000-0  27736-3 0  9991,2 25418  44.9998 287.1837 0005001 313.3476 189.7231 14.32138923907333
1 25418U 98046F   15358.84380920  .00000601  00000-0  27318-3 0  9994,2 25418  44.9995 280.0681 0004902 320.2250  81.7725 14.32141374907552
1 25418U 98046F   15360.19004072  .00000493  00000-0  23326-3 0  9990,2 25418  44.9994 273.7456 0004798 326.5611 182.9209 14.32143027907742
1 25418U 98046F   15361.23360133  .00000472  00000-0  22556-3 0  9990,2 25418  44.9992 268.8445 0004712 331.4929 163.4898 14.32144614907893
1 25418U 98046F   15361.91390473 +.00000368 +00000-0 +18725-3 0  9992,2 25418 044.9992 265.6494 0004653 334.6407 071.1834 14.32145022907802
1 25418U 98046F   15362.74847425  .00000339  00000-0  17643-3 0  9994,2 25418  44.9991 261.7299 0004589 338.8488  53.9402 14.32145948908115
1 25418U 98046F   15362.89014944 +.00000307 +00000-0 +16460-3 0  9993,2 25418 044.9991 261.0645 0004574 339.5194 064.4134 14.32145965907947
1 25418U 98046F   15363.80991927  .00000311  00000-0  16633-3 0  9997,2 25418  44.9990 256.7448 0004498 344.1350 126.4589 14.32147062908268
1 25418U 98046F   15363.86709848 +.00000309 +00000-0 +16547-3 0  9993,2 25418 044.9990 256.4763 0004492 344.4249 061.2540 14.32147116908082
1 25418U 98046F   15364.84336821  .00000308  00000-0  16495-3 0  9990,2 25418  44.9989 251.8912 0004411 349.2452  54.6771 14.32148124908414
1 25418U 98046F   15364.91683966 +.00000231 +00000-0 +13685-3 0  9996,2 25418 044.9989 251.5462 0004404 349.5965 073.4904 14.32147777908235
1 25418U 98046F   15365.89269971 +.00000313 +00000-0 +16699-3 0  9999,2 25418 044.9987 246.9631 0004321 354.5772 064.6423 14.32149118908373
1 25418U 98046F   16001.12092170  .00000316  00000-0  16792-3 0  9995,2 25418  44.9986 245.8913 0004307 355.7888 161.2191 14.32149331908595
1 25418U 98046F   16002.16445418  .00000266  00000-0  14981-3 0  9999,2 25418  44.9984 240.9904 0004215   1.2648 141.1179 14.32149973908746
1 25418U 98046F   16002.91897469 +.00000281 +00000-0 +15510-3 0  9995,2 25418 044.9983 237.4467 0004148 005.2063 071.0449 14.32150694908664
1 25418U 98046F   16003.82167334  .00000314  00000-0  16741-3 0  9991,2 25418  44.9981 233.2070 0004065  10.0855  44.7430 14.32151683908988
1 25418U 98046F   16003.89514133 +.00000276 +00000-0 +15344-3 0  9996,2 25418 044.9981 232.8620 0004061 010.4982 063.4780 14.32151534908807
1 25418U 98046F   16005.09279699  .00000272  00000-0  15190-3 0  9990,2 25418  44.9978 227.2369 0003961  17.1731 117.5761 14.32152665909161
1 25418U 98046F   16005.92021772 +.00000235 +00000-0 +13827-3 0  9993,2 25418 044.9978 223.3507 0003892 021.7879 063.0552 14.32153259909094
1 25418U 98046F   16006.82373078  .00000245  00000-0  14183-3 0  9999,2 25418  44.9977 219.1071 0003819  26.8578  40.7738 14.32154189909410
1 25418U 98046F   16006.89636032 +.00000227 +00000-0 +13515-3 0  9996,2 25418 044.9977 218.7660 0003816 027.2709 055.1822 14.32154147909235
1 25418U 98046F   16008.02779869  .00000234  00000-0  13768-3 0  9997,2 25418  44.9977 213.4520 0003735  33.8307 127.6754 14.32155183909587
1 25418U 98046F   16009.53621116  .00000242  00000-0  14072-3 0  9993,2 25418  44.9977 206.3673 0003615  42.7797 343.2481 14.32156408909805
1 25418U 98046F   16010.88264168  .00000258  00000-0  14676-3 0  9990,2 25418  44.9977 200.0435 0003517  51.2474  83.3627 14.32157574909999
1 25418U 98046F   16010.95629505 +.00000259 +00000-0 +14713-3 0  9991,2 25418 044.9977 199.6976 0003515 051.6869 103.0296 14.32157649909818
1 25418U 98046F   16011.99931929  .00000289  00000-0  15806-3 0  9999,2 25418  44.9976 194.7988 0003457  58.1175  79.3837 14.32158682910156
1 25418U 98046F   16013.51446956  .00000373  00000-0  18889-3 0  9998,2 25418  44.9975 187.6823 0003375  67.7460 329.0714 14.32160611910374
1 25418U 98046F   16013.88452762 +.00000356 +00000-0 +18286-3 0  9992,2 25418 044.9976 185.9443 0003369 070.1002 076.4963 14.32160885910234
1 25418U 98046F   16014.86244779  .00000318  00000-0  16892-3 0  9997,2 25418  44.9976 181.3511 0003329  76.4650  76.9409 14.32161680910564
1 25418U 98046F   16015.53990109 +.00000295 +00000-0 +16023-3 0  9997,2 25418 044.9977 178.1692 0003295 080.8992 328.6813 14.32162272910473
1 25418U 98046F   16015.91027623  .00000289  00000-0  15817-3 0  9994,2 25418  44.9977 176.4297 0003295  83.2127  77.7856 14.32162598910719
1 25418U 98046F   16016.95516782  .00000292  00000-0  15925-3 0  9992,2 25418  44.9980 171.5220 0003274  89.8526  63.5850 14.32163624910861
1 25418U 98046F   16018.46976973  .00000321  00000-0  16970-3 0  9996,2 25418  44.9983 164.4083 0003248  99.7370 310.2100 14.32165100911086
1 25418U 98046F   16019.51386803  .00000346  00000-0  17906-3 0  9997,2 25418  44.9984 159.5045 0003243 106.5045 291.7970 14.32166162911235
1 25418U 98046F   16019.88250269 +.00000316 +00000-0 +16803-3 0  9995,2 25418 044.9985 157.7733 0003243 108.7714 031.9708 14.32166322911092
1 25418U 98046F   16020.85842650  .00000361  00000-0  18465-3 0  9991,2 25418  44.9985 153.1897 0003250 115.1243  22.1446 14.32167472911425
1 25418U 98046F   16022.16989185  .00000363  00000-0  18529-3 0  9995,2 25418  44.9986 147.0301 0003272 123.6248 301.8348 14.32168991911617
1 25418U 98046F   16023.43299411  .00000334  00000-0  17476-3 0  9990,2 25418  44.9987 141.0975 0003325 131.6611 332.4037 14.32170341911797
1 25418U 98046F   16024.46794720  .00000290  00000-0  15860-3 0  9993,2 25418  44.9988 136.2366 0003362 138.0194 267.2236 14.32171268911948
1 25418U 98046F   16025.52659442  .00000291  00000-0  15863-3 0  9996,2 25418  44.9989 131.2644 0003416 144.4185 324.2874 14.32172416912099
1 25418U 98046F   16025.74582456 +.00000287 +00000-0 +15726-3 0  9993,2 25418 044.9989 130.2348 0003424 145.6242 014.4839 14.32172595911934
1 25418U 98046F   16026.72218477  .00000279  00000-0  15448-3 0  9993,2 25418  44.9990 125.6491 0003470 151.5147   7.3931 14.32173471912269
1 25418U 98046F   16028.23423198  .00000245  00000-0  14179-3 0  9992,2 25418  44.9992 118.5474 0003547 160.6104 241.6756 14.32174485912480
1 25418U 98046F   16029.57711862  .00000270  00000-0  15086-3 0  9994,2 25418  44.9993 112.2403 0003626 168.1150 324.5504 14.32175667912672
1 25418U 98046F   16029.65104900 +.00000282 +00000-0 +15559-3 0  9990,2 25418 044.9993 111.8931 0003628 168.5091 345.6973 14.32175810912497
1 25418U 98046F   16030.62751105  .00000280  00000-0  15479-3 0  9993,2 25418  44.9993 107.3070 0003691 173.7187 339.8244 14.32176631912820
1 25418U 98046F   16031.67032293  .00000285  00000-0  15671-3 0  9998,2 25418  44.9993 102.4093 0003754 179.2163 316.0871 14.32177694912975
1 25418U 98046F   16033.18489751  .00000280  00000-0  15474-3 0  9997,2 25418  44.9993  95.2956 0003855 187.1559 204.5949 14.32179186913191
1 25418U 98046F   16034.53217918  .00000332  00000-0  17385-3 0  9992,2 25418  44.9993  88.9673 0003899 191.9099 313.0174 14.32214871913384
1 25418U 98046F   16034.60497265 +.00000309 +00000-0 +16543-3 0  9994,2 25418 044.9992 088.6253 0003902 192.2963 328.3142 14.32214668913202
1 25418U 98046F   16035.58091441  .00000293  00000-0  15928-3 0  9996,2 25418  44.9993  84.0413 0003976 196.8922 320.5058 14.32215400913538
1 25418U 98046F   16036.62426322  .00000335  00000-0  17495-3 0  9990,2 25418  44.9994  79.1405 0004040 202.0791 299.9952 14.32216544913680
1 25418U 98046F   16038.13914292  .00000344  00000-0  17797-3 0  9991,2 25418  44.9994  72.0248 0004131 209.2535 191.0535 14.32217980913902
1 25418U 98046F   16039.48652376  .00000493  00000-0  23275-3 0  9995,2 25418  44.9995  65.6961 0004194 215.4509 298.6446 14.32220284914099
1 25418U 98046F   16040.53557968  .00000455  00000-0  21886-3 0  9998,2 25418  44.9995  60.7686 0004239 220.2392 308.0046 14.32221373914242
1 25418U 98046F   16042.18571328  .00000378  00000-0  19050-3 0  9991,2 25418  44.9996  53.0176 0004309 227.6364 176.9115 14.32223140914489
1 25418U 98046F   16043.46356007  .00000484  00000-0  22962-3 0  9992,2 25418  44.9997  47.0153 0004347 233.2476 286.2505 14.32225462914664
1 25418U 98046F   16045.13094255  .00000531  00000-0  24674-3 0  9997,2 25418  44.9998  39.1832 0004403 240.4277 244.4194 14.32227842914904
1 25418U 98046F   16046.17292943  .00000534  00000-0  24775-3 0  9991,2 25418  44.9999  34.2887 0004425 244.8244 217.7163 14.32229153915050
1 25418U 98046F   16047.22276571  .00000477  00000-0  22677-3 0  9992,2 25418  45.0000  29.3574 0004435 249.2430 231.5074 14.32230205915202
1 25418U 98046F   16048.34403297  .00000660  00000-0  29425-3 0  9995,2 25418  45.0001  24.0906 0004435 253.9350 253.6916 14.32232974915369
1 25418U 98046F   16049.39430039  .00000623  00000-0  28078-3 0  9997,2 25418  45.0003  19.1574 0004434 258.2937 269.7814 14.32234403915516
1 25418U 98046F   16049.86740365 +.00000566 +00000-0 +25963-3 0  9991,2 25418 045.0003 016.9351 0004437 260.1988 189.5714 14.32234766915391
1 25418U 98046F   16050.84360207  .00000431  00000-0  20991-3 0  9991,2 25418  45.0004  12.3499 0004429 264.1313 183.8214 14.32235426915725
1 25418U 98046F   16050.91682257 +.00000430 +00000-0 +20950-3 0  9995,2 25418 045.0004 012.0059 0004426 264.4363 201.4096 14.32235552915544
1 25418U 98046F   16051.87838666  .00000382  00000-0  19200-3 0  9990,2 25418  45.0005   7.4894 0004423 268.2566 120.2478 14.32236559915870
1 25418U 98046F   16051.95171216 +.00000344 +00000-0 +17817-3 0  9990,2 25418 045.0005 007.1450 0004412 268.5964 138.3434 14.32236483915696
1 25418U 98046F   16053.01274624  .00000324  00000-0  17051-3 0  9994,2 25418  45.0005   2.1613 0004386 272.9571 210.0131 14.32237639916030
1 25418U 98046F   16054.20088390  .00000310  00000-0  16546-3 0  9992,2 25418  45.0005 356.5805 0004349 277.8375 217.1521 14.32238730916207
1 25418U 98046F   16055.31786024  .00000347  00000-0  17904-3 0  9993,2 25418  45.0004 351.3339 0004305 282.3914 217.3557 14.32239896916365
1 25418U 98046F   16055.86875152 +.00000329 +00000-0 +17264-3 0  9993,2 25418 045.0004 348.7463 0004296 284.5394 178.3800 14.32240275916256
1 25418U 98046F   16056.70066609  .00000341  00000-0  17691-3 0  9994,2 25418  45.0005 344.8384 0004277 287.1070 149.3911 14.32251106916565
1 25418U 98046F   16056.84494841 +.00000286 +00000-0 +15659-3 0  9992,2 25418 045.0004 344.1606 0004272 287.6911 173.4598 14.32251007916398
1 25418U 98046F   16057.80868123  .00000285  00000-0  15619-3 0  9992,2 25418  45.0004 339.6338 0004232 292.1518 102.9038 14.32251978916729
1 25418U 98046F   16057.89202640 +.00000267 +00000-0 +14958-3 0  9992,2 25418 045.0005 339.2424 0004223 292.6293 172.5782 14.32252034916540
1 25418U 98046F   16058.85770442  .00000278  00000-0  15377-3 0  9997,2 25418  45.0004 334.7065 0004183 296.3986 112.7563 14.32252964916876
1 25418U 98046F   16058.92655137 +.00000243 +00000-0 +14091-3 0  9992,2 25418 045.0004 334.3832 0004178 296.7682 107.7118 14.32252848916696
1 25418U 98046F   16060.20466512  .00000224  00000-0  13395-3 0  9998,2 25418  45.0003 328.3798 0004089 301.9422 218.9974 14.32253851917063
1 25418U 98046F   16060.89503181 +.00000229 +00000-0 +13573-3 0  9990,2 25418 045.0003 325.1370 0004052 304.7332 179.2532 14.32254479916970
1 25418U 98046F   16061.85568446  .00000302  00000-0  16251-3 0  9990,2 25418  45.0002 320.6245 0003993 308.7034  93.3031 14.32255653917309
1 25418U 98046F   16061.92874961 +.00000271 +00000-0 +15112-3 0  9990,2 25418 045.0002 320.2814 0003993 309.1220 109.9812 14.32255581917120
1 25418U 98046F   16063.13322789  .00000313  00000-0  16659-3 0  9995,2 25418  44.9999 314.6236 0003907 314.1867 201.3486 14.32256746917483
1 25418U 98046F   16064.17604025  .00000331  00000-0  17333-3 0  9996,2 25418  44.9996 309.7251 0003810 318.7488 178.8511 14.32257837917630
1 25418U 98046F   16065.48739153  .00000383  00000-0  19232-3 0  9999,2 25418  44.9994 303.5652 0003702 324.4577 101.1688 14.32259371917828
1 25418U 98046F   16066.53527992  .00000382  00000-0  19186-3 0  9999,2 25418  44.9992 298.6428 0003608 329.2155 104.6831 14.32260541917976
1 25418U 98046F   16066.75043148 +.00000387 +00000-0 +19360-3 0  9998,2 25418 044.9991 297.6321 0003589 330.1901 134.1309 14.32260818917812
1 25418U 98046F   16067.72840339  .00000423  00000-0  20710-3 0  9995,2 25418  44.9990 293.0380 0003501 334.6123 137.1410 14.32262303918149
1 25418U 98046F   16069.06349516  .00000385  00000-0  19307-3 0  9992,2 25418  44.9989 286.7665 0003372 340.8162 181.5144 14.32263817918339
1 25418U 98046F   16070.44018362  .00000392  00000-0  19576-3 0  9994,2 25418  44.9987 280.2995 0003257 347.0968  80.5040 14.32265503918536
1 25418U 98046F   16071.48890845  .00000404  00000-0  19987-3 0  9993,2 25418  44.9985 275.3731 0003162 352.2330  87.9796 14.32266750918683
1 25418U 98046F   16072.52368126  .00000449  00000-0  21653-3 0  9993,2 25418  44.9984 270.5118 0002991 356.6722  24.1516 14.32268278918837
1 25418U 98046F   16072.88687959 +.00000409 +00000-0 +20189-3 0  9999,2 25418 044.9984 268.8057 0002955 358.4727 096.8698 14.32268465918693
1 25418U 98046F   16073.86293543  .00000404  00000-0  20004-3 0  9991,2 25418  44.9983 264.2204 0002850   3.3088  89.6017 14.32269568919024
1 25418U 98046F   16075.06064869  .00000393  00000-0  19593-3 0  9990,2 25418  44.9981 258.5939 0002748   9.5451 144.9451 14.32270895919191
1 25418U 98046F   16075.96973183 +.00000411 +00000-0 +20255-3 0  9995,2 25418 044.9981 254.3232 0002655 014.4237 151.9872 14.32272122919139
1 25418U 98046F   16076.86481206  .00000395  00000-0  19675-3 0  9990,2 25418  44.9982 250.1184 0002571  19.2538  86.8098 14.32273147919453
1 25418U 98046F   16076.94576360 +.00000394 +00000-0 +19623-3 0  9997,2 25418 044.9982 249.7381 0002576 019.7148 144.1528 14.32273232919274
1 25418U 98046F   16077.91532686  .00000373  00000-0  18865-3 0  9992,2 25418  44.9983 245.1834 0002462  25.1218 102.8215 14.32274309919608
1 25418U 98046F   16078.96477266  .00000381  00000-0  19171-3 0  9990,2 25418  44.9984 240.2534 0002359  31.1285 113.1817 14.32275584919753
1 25418U 98046F   16080.47975623  .00000384  00000-0  19266-3 0  9997,2 25418  44.9986 233.1367 0002240  40.2803   3.1217 14.32277191919978
1 25418U 98046F   16081.52297007  .00000355  00000-0  18193-3 0  9993,2 25418  44.9985 228.2361 0002156  46.9461 340.6682 14.32278133920126
1 25418U 98046F   16082.80295538  .00000291  00000-0  15845-3 0  9992,2 25418  44.9985 222.2233 0002075  55.4289  98.4217 14.32279069920302
1 25418U 98046F   16084.52360175  .00000260  00000-0  14693-3 0  9999,2 25418  44.9985 214.1404 0001954  67.3457 327.0812 14.32280602920550
1 25418U 98046F   16085.73173703  .00000228  00000-0  13543-3 0  9999,2 25418  44.9986 208.4650 0001891  76.2363  73.6065 14.32281516920723
1 25418U 98046F   16086.84858532  .00000231  00000-0  13637-3 0  9990,2 25418  44.9986 203.2184 0001861  84.9898  69.1232 14.32282457920882
1 25418U 98046F   16088.51324381  .00000265  00000-0  14874-3 0  9997,2 25418  44.9987 195.3984 0001808  97.9042   7.8404 14.32283937921120
1 25418U 98046F   16088.66176890 +.00000272 +00000-0 +15141-3 0  9999,2 25418 044.9987 194.7007 0001810 099.0722 053.2405 14.32284109920958
1 25418U 98046F   16089.55395516  .00000283  00000-0  15555-3 0  9997,2 25418  44.9987 190.5097 0001809 105.8635 331.2035 14.32284912921274
1 25418U 98046F   16091.51507068  .00000292  00000-0  15865-3 0  9997,2 25418  44.9987 181.2973 0001837 120.7480 358.0447 14.32286781921550
1 25418U 98046F   16091.57965359 +.00000296 +00000-0 +16035-3 0  9998,2 25418 044.9987 180.9939 0001853 120.9996 331.1197 14.32286898921373
1 25418U 98046F   16092.70438404  .00000256  00000-0  14550-3 0  9996,2 25418  44.9985 175.7105 0001880 128.9535   8.1394 14.32287791921727
1 25418U 98046F   16093.75308780  .00000229  00000-0  13551-3 0  9995,2 25418  44.9984 170.7840 0001926 136.4262  13.2539 14.32288640921877
1 25418U 98046F   16095.19438130  .00000228  00000-0  13517-3 0  9999,2 25418  44.9983 164.0133 0001973 146.2366 242.2767 14.32289945922083
1 25418U 98046F   16096.54281578  .00000256  00000-0  14548-3 0  9997,2 25418  44.9983 157.6788 0002038 154.9568 353.1292 14.32291158922275
1 25418U 98046F   16097.65754063  .00000269  00000-0  15025-3 0  9999,2 25418  44.9983 152.4421 0002100 161.6686 339.7658 14.32292022922433
1 25418U 98046F   16099.17298571  .00000273  00000-0  15193-3 0  9996,2 25418  44.9982 145.3228 0002186 170.6168 232.3814 14.32293243922659
1 25418U 98046F   16100.51148655  .00000260  00000-0  14688-3 0  9998,2 25418  44.9982 139.0350 0002263 177.7975 293.5212 14.32294403922846
1 25418U 98046F   16100.58568156 +.00000257 +00000-0 +14587-3 0  9991,2 25418 044.9982 138.6864 0002266 178.1687 316.0881 14.32294461922666
1 25418U 98046F   16101.56253296  .00000230  00000-0  13612-3 0  9995,2 25418  44.9982 134.0974 0002323 183.3236 312.6987 14.32295245922996
1 25418U 98046F   16103.14987905  .00000212  00000-0  12956-3 0  9992,2 25418  44.9981 126.6403 0002419 191.3413 217.3616 14.32296574923224
1 25418U 98046F   16104.19518619  .00000280  00000-0  15438-3 0  9993,2 25418  44.9981 121.7296 0002480 196.3779 207.4146 14.32297813923379
1 25418U 98046F   16105.39963074  .00000296  00000-0  16032-3 0  9993,2 25418  44.9981 116.0713 0002547 201.8415 298.3929 14.32298871923545
1 25418U 98046F   16106.51594980  .00000287  00000-0  15691-3 0  9994,2 25418  44.9981 110.8269 0002614 206.7558 295.0867 14.32299693923706
1 25418U 98046F   16107.82739898  .00000311  00000-0  16576-3 0  9999,2 25418  44.9982 104.6658 0002696 212.3132 218.2588 14.32300892923892
1 25418U 98046F   16107.89842377 +.00000312 +00000-0 +16606-3 0  9998,2 25418 044.9982 104.3321 0002703 212.6096 224.5399 14.32300950923713
1 25418U 98046F   16109.14918050  .00000308  00000-0  16447-3 0  9998,2 25418  44.9984  98.4562 0002761 217.5890 195.0476 14.32302178924088
1 25418U 98046F   16110.42682350  .00000285  00000-0  15631-3 0  9990,2 25418  44.9986  92.4542 0002791 222.6160 304.2809 14.32303441924260
1 25418U 98046F   16110.75454602 +.00000258 +00000-0 +14632-3 0  9993,2 25418 044.9986 090.9147 0002819 223.9710 194.3909 14.32303639924123
1 25418U 98046F   16112.15075310  .00000206  00000-0  12718-3 0  9990,2 25418  44.9988  84.3555 0002874 229.1977 195.3719 14.32304720924514
1 25418U 98046F   16113.20049289  .00000212  00000-0  12934-3 0  9990,2 25418  44.9990  79.4241 0002906 233.1166 209.4515 14.32305666924662
1 25418U 98046F   16114.39790937  .00000221  00000-0  13281-3 0  9990,2 25418  44.9991  73.7989 0002920 237.5073 265.2630 14.32306635924834
1 25418U 98046F   16114.73177647 +.00000201 +00000-0 +12522-3 0  9990,2 25418 044.9991 072.2305 0002931 238.8301 187.1219 14.32306719924692
1 25418U 98046F   16116.12862664  .00000196  00000-0  12334-3 0  9999,2 25418  44.9993  65.6684 0002956 243.6168 191.8757 14.32307613925089
1 25418U 98046F   16117.17814047  .00000188  00000-0  12072-3 0  9997,2 25418  44.9994  60.7381 0002967 247.2246 205.1095 14.32308251925239
1 25418U 98046F   16118.23625716  .00000197  00000-0  12384-3 0  9994,2 25418  44.9996  55.7673 0002975 250.8894 262.6921 14.32309107925380
1 25418U 98046F   16119.27932251  .00000206  00000-0  12697-3 0  9992,2 25418  44.9998  50.8673 0002968 254.3349 242.8131 14.32310025925535
1 25418U 98046F   16120.32814091  .00000226  00000-0  13443-3 0  9993,2 25418  44.9999  45.9403 0002959 257.7660 252.6453 14.32311061925688
1 25418U 98046F   16120.80741457 +.00000227 +00000-0 +13476-3 0  9998,2 25418 045.0000 043.6888 0002974 259.3622 204.7240 14.32311485925567
1 25418U 98046F   16121.84243214  .00000245  00000-0  14133-3 0  9992,2 25418  45.0002  38.8267 0002961 262.8631 143.2615 14.32312517925909
1 25418U 98046F   16123.18874036  .00000309  00000-0  16501-3 0  9995,2 25418  45.0002  32.5024 0002928 267.3395 247.4958 14.32314146926099
1 25418U 98046F   16123.88039025 +.00000323 +00000-0 +17005-3 0  9999,2 25418 045.0002 029.2531 0002922 269.4233 215.2333 14.32314931926006
1 25418U 98046F   16124.85467992  .00000346  00000-0  17845-3 0  9992,2 25418  45.0001  24.6760 0002898 272.4099 200.8641 14.32316135926330
1 25418U 98046F   16126.18410534  .00000305  00000-0  16353-3 0  9998,2 25418  45.0001  18.4308 0002844 276.9496 217.9151 14.32317438926523
1 25418U 98046F   16127.49448602  .00000272  00000-0  15122-3 0  9996,2 25418  45.0001  12.2749 0002809 281.2583 136.9080 14.32318820926719
1 25418U 98046F   16127.77157911 +.00000262 +00000-0 +14761-3 0  9994,2 25418 045.0001 010.9731 0002799 281.9853 126.3497 14.32319099926567
1 25418U 98046F   16128.74821678  .00000256  00000-0  14564-3 0  9994,2 25418  45.0001   6.3851 0002752 285.0560 124.0293 14.32320204926893
1 25418U 98046F   16129.80908140  .00000286  00000-0  15657-3 0  9999,2 25418  45.0002   1.4013 0002707 288.0576 196.5057 14.32321547927041
1 25418U 98046F   16131.07082406  .00000317  00000-0  16788-3 0  9990,2 25418  45.0001 355.4741 0002645 292.7224 224.1239 14.32323071927227
1 25418U 98046F   16131.97333715 +.00000307 +00000-0 +16434-3 0  9998,2 25418 045.0000 351.2343 0002607 295.7801 199.2452 14.32323854927161
1 25418U 98046F   16132.87782008  .00000289  00000-0  15746-3 0  9995,2 25418  44.9999 346.9851 0002561 298.4495 184.9255 14.32324611927488
1 25418U 98046F   16133.99965986  .00000263  00000-0  14798-3 0  9995,2 25418  44.9997 341.7148 0002489 302.0879 211.4954 14.32325585927646
1 25418U 98046F   16135.04844565  .00000243  00000-0  14066-3 0  9998,2 25418  44.9996 336.7876 0002413 305.1298 221.6079 14.32326496927792
1 25418U 98046F   16136.49827564  .00000258  00000-0  14620-3 0  9990,2 25418  44.9996 329.9764 0002317 308.5153 141.3145 14.32328016928009
1 25418U 98046F   16136.85455539 +.00000254 +00000-0 +14466-3 0  9993,2 25418 044.9997 328.3027 0002285 309.4799 179.2380 14.32328337927865
1 25418U 98046F   16137.83200602  .00000273  00000-0  15187-3 0  9993,2 25418  44.9997 323.7108 0002219 312.2812 181.4142 14.32329363928197
1 25418U 98046F   16139.56212145  .00000258  00000-0  14631-3 0  9996,2 25418  44.9997 315.5827 0002124 318.0624 105.3915 14.32330684928443
1 25418U 98046F   16139.71004147 +.00000256 +00000-0 +14537-3 0  9997,2 25418 044.9997 314.8877 0002095 318.1203 148.8038 14.32330835928278
1 25418U 98046F   16141.51455755  .00000248  00000-0  14270-3 0  9998,2 25418  44.9997 306.4103 0002000 324.9334  95.7681 14.32332137928724
1 25418U 98046F   16141.88149449 +.00000244 +00000-0 +14103-3 0  9999,2 25418 044.9996 304.6864 0001976 326.4974 188.1029 14.32332371928582
1 25418U 98046F   16142.78407418  .00000231  00000-0  13622-3 0  9993,2 25418  44.9996 300.4463 0001897 328.8630 164.2914 14.32333059928906
1 25418U 98046F   16143.83420304  .00000214  00000-0  12998-3 0  9995,2 25418  44.9994 295.5128 0001799 331.9837 181.2843 14.32333816929059
1 25418U 98046F   16143.90020118 +.00000205 +00000-0 +12656-3 0  9993,2 25418 044.9994 295.2028 0001789 332.0528 161.8567 14.32333820928874
1 25418U 98046F   16144.88314765  .00000162  00000-0  11110-3 0  9991,2 25418  44.9994 290.5849 0001700 334.7187 192.5527 14.32334383929206
1 25418U 98046F   16146.54213193  .00000144  00000-0  10436-3 0  9999,2 25418  44.9994 282.7909 0001553 339.0432 110.8847 14.32335559929443
1 25418U 98046F   16146.83486123 +.00000146 +00000-0 +10504-3 0  9994,2 25418 044.9993 281.4156 0001525 340.4876 180.3294 14.32335745929297
1 25418U 98046F   16147.66560571  .00000138  00000-0  10218-3 0  9999,2 25418  44.9994 277.5127 0001453 343.9071 144.7040 14.32336188929607
1 25418U 98046F   16149.18794235  .00000149  00000-0  10610-3 0  9992,2 25418  44.9994 270.3608 0001334 349.3061  76.6776 14.32337049929829
1 25418U 98046F   16150.45328744  .00000165  00000-0  11200-3 0  9996,2 25418  44.9993 264.4163 0001208 354.0575 122.8710 14.32337890930009
1 25418U 98046F   16150.73957953 +.00000162 +00000-0 +11095-3 0  9996,2 25418 044.9992 263.0713 0001186 355.5829 159.0121 14.32338030929853
1 25418U 98046F   16151.71487661  .00000171  00000-0  11417-3 0  9997,2 25418  44.9991 258.4896 0001114 358.5780 149.9132 14.32338761930181
1 25418U 98046F   16152.69087186 +.00000149 +00000-0 +10626-3 0  9999,2 25418 044.9990 253.9044 0001023 001.5326 144.4606 14.32339350930131
1 25418U 98046F   16153.16505209  .00000149  00000-0  10628-3 0  9995,2 25418  44.9990 251.6767 0000979   2.3386  71.0894 14.32339715930399
1 25418U 98046F   16154.41497475  .00000139  00000-0  10237-3 0  9994,2 25418  44.9988 245.8046 0000862   8.1312  36.6522 14.32340585930577
1 25418U 98046F   16154.78416709 +.00000131 +00000-0 +99544-4 0  9996,2 25418 044.9987 244.0701 0000838 010.0758 140.2586 14.32340784930432
1 25418U 98046F   16155.69272727  .00000152  00000-0  10741-3 0  9991,2 25418  44.9986 239.8016 0000761  14.4169 145.3652 14.32341435930750
1 25418U 98046F   16157.20097331  .00000161  00000-0  11066-3 0  9997,2 25418  44.9985 232.7157 0000640  22.3863   2.0692 14.32342241930975
1 25418U 98046F   16158.54747704  .00000172  00000-0  11464-3 0  9995,2 25418  44.9984 226.3898 0000539  31.7015 102.6131 14.32342943931161
1 25418U 98046F   16158.62073838 +.00000174 +00000-0 +11526-3 0  9995,2 25418 044.9984 226.0456 0000536 032.3856 120.0611 14.32342991930984
1 25418U 98046F   16159.66397564  .00000159  00000-0  10987-3 0  9998,2 25418  44.9983 221.1445 0000466  41.4686  95.5581 14.32343498931325
1 25418U 98046F   16161.17878134  .00000121  00000-0  95919-4 0  9992,2 25418  44.9981 214.0278 0000370  57.3662 338.2057 14.32344301931545
1 25418U 98046F   16162.52932366  .00000081  00000-0  81086-4 0  9995,2 25418  44.9979 207.6829 0000316  76.6514  89.6365 14.32344975931739
1 25418U 98046F   16163.57481534  .00000077  00000-0  79898-4 0  9990,2 25418  44.9978 202.7711 0000297  95.3255  67.1864 14.32345588931884
1 25418U 98046F   16163.90342443 +.00000075 +00000-0 +79131-4 0  9990,2 25418 044.9978 201.2272 0000285 101.2012 317.4013 14.32345758931746
1 25418U 98046F   16164.61937713  .00000081  00000-0  81160-4 0  9991,2 25418  44.9977 197.8636 0000289 114.9379  38.9999 14.32346128932033
1 25418U 98046F   16166.21033567  .00000119  00000-0  95078-4 0  9998,2 25418  44.9976 190.3889 0000336 139.8079 305.7447 14.32346997932268
1 25418U 98046F   16167.47921435  .00000140  00000-0  10270-3 0  9991,2 25418  44.9975 184.4275 0000408 153.5919   1.1880 14.32347653932444
1 25418U 98046F   16169.00169193  .00000139  00000-0  10262-3 0  9996,2 25418  44.9975 177.2745 0000505 166.4328 286.5123 14.32348484932667
1 25418U 98046F   16170.11990689  .00000099  00000-0  87686-4 0  9992,2 25418  44.9974 172.0207 0000657 168.4541 296.0650 14.32344418932821
1 25418U 98046F   16171.23793508  .00000082  00000-0  81661-4 0  9996,2 25418  44.9976 166.7685 0000664 175.5069 299.6248 14.32345031932986
1 25418U 98046F   16172.50087977  .00000051  00000-0  70124-4 0  9991,2 25418  44.9977 160.8350 0000749 183.0215 330.7010 14.32345621933162
1 25418U 98046F   16173.80945622  .00000046  00000-0  68224-4 0  9997,2 25418  44.9979 154.6871 0000851 189.8984 237.9420 14.32346184933353
1 25418U 98046F   16175.21518382  .00000066  00000-0  75854-4 0  9992,2 25418  44.9979 148.0827 0000934 192.9848 290.4140 14.32346768933550
1 25418U 98046F   16176.33720888  .00000073  00000-0  78169-4 0  9992,2 25418  44.9979 142.8113 0001002 195.7181 318.9320 14.32347192933714
1 25418U 98046F   16177.37986380  .00000072  00000-0  78023-4 0  9996,2 25418  44.9980 137.9127 0001054 197.4853 298.7555 14.32347655933863
1 25418U 98046F   16177.91855071 +.00000065 +00000-0 +75181-4 0  9992,2 25418 044.9981 135.3818 0001090 199.1862 197.4501 14.32347858933751
1 25418U 98046F   16178.89458600  .00000058  00000-0  72607-4 0  9999,2 25418  44.9983 130.7963 0001147 201.4342 192.9429 14.32348349934088
1 25418U 98046F   16180.08657833  .00000038  00000-0  65451-4 0  9999,2 25418  44.9986 125.1963 0001218 205.7322 221.0359 14.32348975934253
1 25418U 98046F   16181.21682152  .00000036  00000-0  64761-4 0  9998,2 25418  44.9989 119.8865 0001295 209.3667 291.0802 14.32349576934410
1 25418U 98046F   16182.26639169  .00000042  00000-0  67024-4 0  9996,2 25418  44.9989 114.9555 0001363 211.2607 306.4785 14.32350122934560
1 25418U 98046F   16183.30978554  .00000055  00000-0  71740-4 0  9990,2 25418  44.9990 110.0535 0001417 213.1106 290.0434 14.32350615934715
1 25418U 98046F   16183.91717234 +.00000055 +00000-0 +71509-4 0  9996,2 25418 044.9991 107.1999 0001471 215.2485 182.8972 14.32350876934613
1 25418U 98046F   16184.75073381  .00000065  00000-0  75380-4 0  9999,2 25418  44.9991 103.2837 0001513 216.7307 163.7941 14.32351204934921
1 25418U 98046F   16185.86804169  .00000061  00000-0  73860-4 0  9995,2 25418  44.9992  98.0343 0001570 218.0832 169.3646 14.32351685935081
1 25418U 98046F   16187.22077015  .00000038  00000-0  65355-4 0  9993,2 25418  44.9992  91.6791 0001627 220.0568 309.4267 14.32352232935275
1 25418U 98046F   16188.52441696  .00000038  00000-0  65255-4 0  9996,2 25418  44.9995  85.5546 0001697 224.9652 193.2247 14.32352934935469
1 25418U 98046F   16188.81369296 +.00000035 +00000-0 +64453-4 0  9999,2 25418 044.9994 084.1955 0001720 226.0101 245.2633 14.32353062935310
1 25418U 98046F   16189.85614381  .00000042  00000-0  66735-4 0  9995,2 25418  44.9996  79.2981 0001777 228.5110 223.3208 14.32353573935654
1 25418U 98046F   16189.92922505 +.00000047 +00000-0 +68899-4 0  9991,2 25418 044.9996 078.9548 0001781 228.7146 240.3225 14.32353643935471
1 25418U 98046F   16191.19135016  .00000088  00000-0  83660-4 0  9994,2 25418  44.9997  73.0253 0001847 231.5253 271.9119 14.32354461935847
1 25418U 98046F   16192.50153472  .00000112  00000-0  92606-4 0  9994,2 25418  44.9998  66.8700 0001922 235.0157 190.8809 14.32355148936031
1 25418U 98046F   16192.79109481 +.00000119 +00000-0 +95313-4 0  9991,2 25418 044.9998 065.5097 0001935 235.2503 245.1988 14.32355347935882
1 25418U 98046F   16193.68270304  .00000133  00000-0  10030-3 0  9991,2 25418  44.9998  61.3209 0001949 237.6744 164.7733 14.32355848936206
1 25418U 98046F   16195.02827895  .00000149  00000-0  10602-3 0  9996,2 25418  44.9997  54.9993 0002001 240.6224 266.9659 14.32356840936395
1 25418U 98046F   16195.63428041 +.00000146 +00000-0 +10486-3 0  9990,2 25418 044.9997 052.1522 0002030 242.0660 153.3772 14.32357228936290
1 25418U 98046F   16196.68306714  .00000157  00000-0  10902-3 0  9993,2 25418  44.9997  47.2248 0002060 244.0635 164.6577 14.32358058936635
1 25418U 98046F   16198.09853966  .00000101  00000-0  88410-4 0  9995,2 25418  44.9998  40.5747 0002102 247.5119 267.1273 14.32358735936834
1 25418U 98046F   16199.40698463  .00000132  00000-0  99761-4 0  9995,2 25418  44.9999  34.4274 0002161 250.5351 177.6055 14.32359665937027
1 25418U 98046F   16199.90147147 +.00000136 +00000-0 +10124-3 0  9997,2 25418 045.0000 032.1043 0002175 251.7475 208.6740 14.32359966936902
1 25418U 98046F   16200.87750057 +.00000107 +00000-0 +90897-4 0  9990,2 25418 045.0000 027.5187 0002204 254.0114 204.1606 14.32360373937040
1 25418U 98046F   16201.85348734  .00000116  00000-0  93917-4 0  9990,2 25418  45.0000  22.9334 0002235 256.3184 199.3873 14.32360946937372
1 25418U 98046F   16201.92711027 +.00000116 +00000-0 +94007-4 0  9998,2 25418 045.0000 022.5875 0002235 256.4527 219.2563 14.32360995937192
1 25418U 98046F   16202.97029698  .00000125  00000-0  97316-4 0  9996,2 25418  45.0000  17.6865 0002270 258.5739 201.5234 14.32361707937532
1 25418U 98046F   16204.49215088  .00000089  00000-0  84042-4 0  9996,2 25418  45.0000  10.5365 0002304 262.6481 132.4729 14.32362522937758
1 25418U 98046F   16205.54112909  .00000086  00000-0  83038-4 0  9992,2 25418  45.0000   5.6082 0002324 265.3771 144.0307 14.32363248937907
1 25418U 98046F   16205.90581182 +.00000084 +00000-0 +82323-4 0  9999,2 25418 045.0000 003.8949 0002325 266.1900 225.5237 14.32363504937769
1 25418U 98046F   16206.88800103  .00000060  00000-0  73519-4 0  9995,2 25418  45.0001 359.2804 0002335 268.9449 252.3266 14.32363950938099
1 25418U 98046F   16207.93090924  .00000101  00000-0  88411-4 0  9997,2 25418  45.0002 354.3806 0002346 271.7862 232.4468 14.32364777938249
1 25418U 98046F   16209.51491584  .00000077  00000-0  79785-4 0  9996,2 25418  45.0003 346.9386 0002369 275.6886 124.3819 14.32365333938477
1 25418U 98046F   16209.88330801 +.00000087 +00000-0 +83328-4 0  9999,2 25418 045.0003 345.2079 0002363 276.8282 224.6959 14.32365527938334
1 25418U 98046F   16210.63779689  .00000077  00000-0  79771-4 0  9991,2 25418  45.0003 341.6632 0002371 278.6340 157.1803 14.32365776938630
1 25418U 98046F   16211.83506925  .00000064  00000-0  74890-4 0  9998,2 25418  45.0003 336.0384 0002364 282.0646 213.4666 14.32366236938806
1 25418U 98046F   16213.49157206  .00000030  00000-0  62495-4 0  9997,2 25418  45.0002 328.2560 0002363 286.5525 119.0154 14.32366867939048
1 25418U 98046F   16213.78834966 +.00000031 +00000-0 +62689-4 0  9990,2 25418 045.0001 326.8618 0002357 287.4673 209.9184 14.32367018938895
1 25418U 98046F   16214.76336738  .00000031  00000-0  62794-4 0  9990,2 25418  45.0001 322.2811 0002352 290.1655 199.7746 14.32367463939228
1 25418U 98046F   16216.14646005  .00000053  00000-0  71090-4 0  9998,2 25418  45.0000 315.7831 0002345 294.1144 134.6610 14.32368113939428
1 25418U 98046F   16217.19526966  .00000087  00000-0  83223-4 0  9995,2 25418  44.9999 310.8556 0002330 297.0840 145.1270 14.32368681939577
1 25418U 98046F   16218.51954733  .00000098  00000-0  87285-4 0  9993,2 25418  44.9998 304.6338 0002294 300.9016 136.5771 14.32369230939765
1 25418U 98046F   16218.74104249 +.00000100 +00000-0 +88006-4 0  9993,2 25418 044.9997 303.5932 0002289 301.7223 199.0054 14.32369325939601
1 25418U 98046F   16219.71674211  .00000108  00000-0  90913-4 0  9990,2 25418  44.9996 299.0092 0002265 304.6238 192.1862 14.32369783939933
1 25418U 98046F   16221.23161056  .00000088  00000-0  83743-4 0  9998,2 25418  44.9993 291.8921 0002226 309.1826  86.6386 14.32370481940152
1 25418U 98046F   16222.57747887  .00000072  00000-0  77830-4 0  9991,2 25418  44.9991 285.5690 0002181 313.7009 188.8384 14.32371174940341
1 25418U 98046F   16223.69537638  .00000087  00000-0  83375-4 0  9993,2 25418  44.9989 280.3169 0002141 317.3772 195.2084 14.32371867940501
1 25418U 98046F   16224.60341152 +.00000096 +00000-0 +86606-4 0  9999,2 25418 044.9988 276.0507 0002101 320.4050 199.0200 14.32372338940447
1 25418U 98046F   16225.64650384 +.00000134 +00000-0 +10043-3 0  9998,2 25418 044.9986 271.1499 0002056 323.9874 179.3795 14.32373013940599
1 25418U 98046F   16226.62265314 +.00000159 +00000-0 +10978-3 0  9996,2 25418 044.9984 266.5636 0002012 327.4127 174.3704 14.32373579940738
1 25418U 98046F   16227.59874010 +.00000155 +00000-0 +10843-3 0  9999,2 25418 044.9983 261.9775 0001962 330.9334 168.9465 14.32374038941063
1 25418U 98046F   16229.11331786  .00000145  00000-0  10474-3 0  9996,2 25418  44.9981 254.8613 0001887 336.7185  60.6960 14.32374851941282
1 25418U 98046F   16230.53343082  .00000110  00000-0  91725-4 0  9997,2 25418  44.9981 248.1891 0001811 342.8911 184.4805 14.32375631941480
1 25418U 98046F   16230.60016863 +.00000103 +00000-0 +89227-4 0  9995,2 25418 044.9981 247.8756 0001810 343.1902 168.6508 14.32375650941305
1 25418U 98046F   16232.18385654  .00000073  00000-0  78153-4 0  9999,2 25418  44.9980 240.4348 0001721 350.1138  55.9854 14.32376488941728
1 25418U 98046F   16233.46115330  .00000075  00000-0  79018-4 0  9996,2 25418  44.9979 234.4335 0001638 356.1211 162.7913 14.32377187941900
1 25418U 98046F   16235.18542339  .00000089  00000-0  83945-4 0  9999,2 25418  44.9978 226.3320 0001521   4.6686  54.1301 14.32378009942152
1 25418U 98046F   16236.45230355  .00000099  00000-0  87686-4 0  9999,2 25418  44.9978 220.3796 0001460  12.1872 105.6647 14.32378547942338
1 25418U 98046F   16236.92141300 +.00000105 +00000-0 +89967-4 0  9994,2 25418 044.9978 218.1754 0001434 014.8098 004.3705 14.32378775942217
1 25418U 98046F   16238.18696970  .00000096  00000-0  86823-4 0  9999,2 25418  44.9979 212.2292 0001361  23.1423  48.2652 14.32379385942580
1 25418U 98046F   16239.38095689  .00000085  00000-0  82744-4 0  9998,2 25418  44.9980 206.6194 0001317  31.6223  82.6057 14.32380012942752
1 25418U 98046F   16239.92304491 +.00000076 +00000-0 +79212-4 0  9998,2 25418 044.9981 204.0724 0001292 035.3630 356.8784 14.32380273942649
1 25418U 98046F   16240.89903753  .00000076  00000-0  79406-4 0  9997,2 25418  44.9983 199.4867 0001233  42.5467 347.3294 14.32380865942973
1 25418U 98046F   16240.97236828 +.00000074 +00000-0 +78628-4 0  9991,2 25418 044.9983 199.1422 0001228 043.2063 005.1701 14.32380903942796
1 25418U 98046F   16242.03304925  .00000088  00000-0  83864-4 0  9997,2 25418  44.9984 194.1588 0001176  51.5481  71.5882 14.32381585943136
1 25418U 98046F   16243.22197786  .00000119  00000-0  95162-4 0  9993,2 25418  44.9985 188.5729 0001153  61.6082  78.2465 14.32382309943300
1 25418U 98046F   16244.33807299  .00000148  00000-0  10575-3 0  9999,2 25418  44.9984 183.3290 0001149  71.8645  68.7780 14.32382985943469
1 25418U 98046F   16244.87699407 +.00000150 +00000-0 +10644-3 0  9998,2 25418 044.9984 180.7969 0001148 076.5384 325.7761 14.32383226943356
1 25418U 98046F   16245.85268885  .00000183  00000-0  11858-3 0  9993,2 25418  44.9984 176.2127 0001175  85.5471 312.8748 14.32383949943689
1 25418U 98046F   16247.33938716  .00000229  00000-0  13553-3 0  9990,2 25418  44.9985 169.2276 0001209  98.4656  53.6457 14.32385297943891
1 25418U 98046F   16247.87698572 +.00000215 +00000-0 +13028-3 0  9994,2 25418 044.9986 166.7017 0001231 103.1801 303.7818 14.32385621943787
1 25418U 98046F   16248.78070869  .00000215  00000-0  13034-3 0  9995,2 25418  44.9987 162.4557 0001269 110.4382 281.1519 14.32386362944103
1 25418U 98046F   16248.92285856 +.00000211 +00000-0 +12889-3 0  9998,2 25418 044.9987 161.7878 0001281 111.6600 293.6469 14.32386471943934
1 25418U 98046F   16249.82992715  .00000192  00000-0  12182-3 0  9991,2 25418  44.9988 157.5261 0001329 118.8219 288.3835 14.32387053944253
1 25418U 98046F   16249.89918068 +.00000192 +00000-0 +12202-3 0  9990,2 25418 044.9988 157.2007 0001336 119.3060 285.3566 14.32387116944074
1 25418U 98046F   16251.09581640  .00000170  00000-0  11376-3 0  9994,2 25418  44.9989 151.5786 0001403 128.1728 333.0125 14.32387819944432
1 25418U 98046F   16252.14635954  .00000159  00000-0  10985-3 0  9991,2 25418  44.9988 146.6428 0001482 135.3564 348.2872 14.32388427944583
1 25418U 98046F   16252.84318625 +.00000165 +00000-0 +11212-3 0  9992,2 25418 044.9988 143.3688 0001535 140.2463 340.1224 14.32388861944491
1 25418U 98046F   16253.73480311  .00000186  00000-0  11961-3 0  9997,2 25418  44.9987 139.1797 0001604 146.1779 256.3430 14.32389513944814
1 25418U 98046F   16254.85298741  .00000172  00000-0  11440-3 0  9992,2 25418  44.9986 133.9260 0001715 152.3950 261.7275 14.32390219944972
1 25418U 98046F   16254.92628016 +.00000173 +00000-0 +11484-3 0  9991,2 25418 044.9986 133.5817 0001720 152.8115 279.6178 14.32390277944794
1 25418U 98046F   16256.12437876  .00000168  00000-0  11316-3 0  9995,2 25418  44.9984 127.9525 0001815 159.2187 337.2995 14.32391114945150
1 25418U 98046F   16257.43418506  .00000138  00000-0  10207-3 0  9994,2 25418  44.9984 121.7984 0001932 166.3786 250.8209 14.32391871945344
1 25418U 98046F   16257.72355131 +.00000135 +00000-0 +10112-3 0  9992,2 25418 044.9984 120.4387 0001961 167.9519 302.8376 14.32392045945190
1 25418U 98046F   16258.68763071  .00000138  00000-0  10218-3 0  9994,2 25418  44.9984 115.9090 0002038 173.0483 233.9255 14.32392688945524
1 25418U 98046F   16259.74841880  .00000166  00000-0  11246-3 0  9990,2 25418  44.9984 110.9248 0002150 178.1797 304.1527 14.32393529945677
1 25418U 98046F   16259.96107928 +.00000171 +00000-0 +11403-3 0  9993,2 25418 044.9984 109.9256 0002163 179.0956 320.9041 14.32393672945514
1 25418U 98046F   16261.07738502  .00000193  00000-0  12207-3 0  9993,2 25418  44.9985 104.6805 0002292 184.2562 317.6662 14.32394537945862
1 25418U 98046F   16262.51895270  .00000186  00000-0  11962-3 0  9998,2 25418  44.9986  97.9072 0002453 190.9065 191.8138 14.32395437946078
1 25418U 98046F   16263.56792440  .00000196  00000-0  12320-3 0  9999,2 25418  44.9985  92.9784 0002569 195.5588 201.5400 14.32396301946220
1 25418U 98046F   16263.93794458 +.00000208 +00000-0 +12753-3 0  9995,2 25418 044.9985 091.2398 0002589 197.0430 309.9547 14.32396660946085
1 25418U 98046F   16264.62716494  .00000218  00000-0  13141-3 0  9999,2 25418  44.9986  88.0014 0002651 200.0134 264.4711 14.32397339946375
1 25418U 98046F   16264.91393461 +.00000191 +00000-0 +12133-3 0  9996,2 25418 044.9986 086.6540 0002671 201.1597 303.5178 14.32397416946222
1 25418U 98046F   16265.88994397  .00000172  00000-0  11447-3 0  9994,2 25418  44.9987  82.0681 0002778 205.1414 297.3175 14.32398115946559
1 25418U 98046F   16265.96395296 +.00000171 +00000-0 +11396-3 0  9998,2 25418 044.9986 081.7203 0002798 205.3378 319.1273 14.32398193946375
1 25418U 98046F   16267.91576794  .00000169  00000-0  11347-3 0  9992,2 25418  44.9989  72.5493 0002954 213.6028 305.3797 14.32399546946848
1 25418U 98046F   16269.42402789  .00000214  00000-0  12998-3 0  9996,2 25418  44.9992  65.4625 0003078 219.8673 164.1784 14.32400703947062
1 25418U 98046F   16270.47466311  .00000217  00000-0  13108-3 0  9991,2 25418  44.9993  60.5259 0003188 223.8933 183.1352 14.32401401947213
1 25418U 98046F   16271.88672081  .00000240  00000-0  13927-3 0  9995,2 25418  44.9996  53.8917 0003287 229.5398 266.0020 14.32402516947413
1 25418U 98046F   16273.47038581  .00000247  00000-0  14188-3 0  9990,2 25418  44.9998  46.4509 0003388 235.8572 153.9777 14.32403837947641
1 25418U 98046F   16274.51995810  .00000230  00000-0  13576-3 0  9995,2 25418  45.0000  41.5196 0003460 239.8981 167.4452 14.32404669947794
1 25418U 98046F   16274.81493594 +.00000224 +00000-0 +13348-3 0  9990,2 25418 045.0000 040.1338 0003477 241.0372 248.8745 14.32404896947649
1 25418U 98046F   16275.79727227  .00000209  00000-0  12799-3 0  9993,2 25418  45.0002  35.5183 0003540 244.7689 275.6063 14.32405590947978
1 25418U 98046F   16277.17413777  .00000215  00000-0  13005-3 0  9997,2 25418  45.0003  29.0492 0003622 250.1045 177.1554 14.32406636948174
1 25418U 98046F   16278.35479407  .00000224  00000-0  13335-3 0  9996,2 25418  45.0004  23.5019 0003686 254.6663 146.7212 14.32407506948343
1 25418U 98046F   16278.72510706 +.00000231 +00000-0 +13605-3 0  9993,2 25418 045.0004 021.7621 0003697 256.1023 256.7100 14.32407819948201
1 25418U 98046F   16279.47350214  .00000251  00000-0  14329-3 0  9998,2 25418  45.0005  18.2458 0003738 258.8912 156.8738 14.32408507948508
