1 25415U 98046C   15001.45124073  .00000721  00000-0  32098-3 0  9992,2 25415 044.9949 156.0189 0002211 253.3019 141.4388 14.31528878856338
1 25415U 98046C   15002.64395558  .00000775  00000-0  34098-3 0  9993,2 25415 044.9950 150.4227 0002257 256.6538 170.6853 14.31530141856509
1 25415U 98046C   15003.84862654  .00000880  00000-0  38040-3 0  9990,2 25415 044.9951 144.7702 0002264 260.3178 261.3019 14.31531773856676
1 25415U 98046C   15004.89388302  .00000723  00000-0  32164-3 0  9996,2 25415 044.9952 139.8658 0002259 263.2562 250.3040 14.31536219856824
1 25415U 98046C   15007.52714288  .00000753  00000-0  33274-3 0  9991,2 25415 044.9953 127.5102 0002270 271.2998 145.9529 14.31543466857204
1 25415U 98046C   15008.79876816  .00000840  00000-0  36536-3 0  9998,2 25415 044.9954 121.5435 0002240 275.5715 221.4002 14.31548145857383
1 25415U 98046C   15010.24062659  .00000802  00000-0  35103-3 0  9990,2 25415 044.9955 114.7780 0002230 279.9915 094.8785 14.31551390857599
1 25415U 98046C   15011.66585654  .00001007  00000-0  42756-3 0  9992,2 25415 044.9955 108.0906 0002193 285.0756 241.9305 14.31554017857798
1 25415U 98046C   15012.77962257  .00000928  00000-0  39781-3 0  9998,2 25415 044.9956 102.8645 0002172 288.6824 223.7629 14.31556851857956
1 25415U 98046C   15014.22078343  .00000925  00000-0  39687-3 0  9996,2 25415 044.9957 096.1021 0002093 293.7104 093.0778 14.31561370858169
1 25415U 98046C   15015.56966002  .00000794  00000-0  34793-3 0  9999,2 25415 044.9957 089.7727 0002050 298.6358 206.4579 14.31565826858358
1 25415U 98046C   15016.68535502  .00000568  00000-0  26380-3 0  9992,2 25415 044.9958 084.5374 0002006 302.6210 197.9052 14.31568760858512
1 25415U 98046C   15018.20084321  .00000640  00000-0  29058-3 0  9996,2 25415 044.9959 077.4261 0001931 308.2742 090.0832 14.31571227858732
1 25415U 98046C   15019.39363806  .00000737  00000-0  32682-3 0  9999,2 25415 044.9959 071.8289 0001881 313.2325 118.3182 14.31572139858901
1 25415U 98046C   15020.59238822  .00000580  00000-0  26812-3 0  9996,2 25415 044.9960 066.2038 0001815 318.1898 177.2813 14.31573224859079
1 25415U 98046C   15021.70019832  .00000771  00000-0  33934-3 0  9993,2 25415 044.9961 061.0053 0001786 323.2712 126.9962 14.31574760859239
1 25415U 98046C   15023.15725380  .00000749  00000-0  33107-3 0  9993,2 25415 044.9962 054.1680 0001702 330.2971 076.4063 14.31577513859445
1 25415U 98046C   15024.50440447  .00000581  00000-0  26844-3 0  9995,2 25415 044.9962 047.8466 0001625 337.4198 178.7661 14.31580106859633
1 25415U 98046C   15025.54823980  .00000591  00000-0  27234-3 0  9992,2 25415 044.9963 042.9484 0001559 342.9040 158.0733 14.31582249859780
1 25415U 98046C   15027.14746262  .00000518  00000-0  24500-3 0  9999,2 25415 044.9965 035.4439 0001473 352.1944 118.6485 14.31585358860018
1 25415U 98046C   15028.18301008  .00000589  00000-0  27136-3 0  9995,2 25415 044.9965 030.5846 0001406 358.5785 054.3245 14.31587089860164
1 25415U 98046C   15029.58646163  .00001029  00000-0  43518-3 0  9996,2 25415 044.9966 023.9990 0001329 007.6953 085.1803 14.31588742860365
1 25415U 98046C   15031.34322958  .00001034  00000-0  43705-3 0  9990,2 25415 044.9967 015.7556 0001278 021.1147 134.3968 14.31593862860618
1 25415U 98046C   15032.39067012  .00000995  00000-0  42274-3 0  9998,2 25415 044.9967 010.8405 0001225 029.3897 129.5637 14.31597125860762
1 25415U 98046C   15034.04269918  .00000859  00000-0  37171-3 0  9990,2 25415 044.9952 003.0867 0001245 067.6925 333.6389 14.31619711861007
1 25415U 98046C   15035.24687425  .00000913  00000-0  39205-3 0  9991,2 25415 044.9967 357.4379 0001226 055.1956 078.2258 14.31624495861172
1 25415U 98046C   15036.49600851  .00000906  00000-0  38933-3 0  9996,2 25415 044.9966 351.5761 0001156 066.5246 030.9519 14.31627947861351
1 25415U 98046C   15037.87966968  .00000884  00000-0  38096-3 0  9998,2 25415 044.9965 345.0830 0001205 078.7588 316.7989 14.31630661861559
1 25415U 98046C   15038.31796433  .00001050  00000-0  44262-3 0  9994,2 25415 044.9965 343.0263 0001201 085.0851 051.5826 14.31640245861617
1 25415U 98046C   15039.42569716  .00000945  00000-0  40361-3 0  9997,2 25415 044.9964 337.8279 0001320 092.5801 358.7495 14.31644293861772
1 25415U 98046C   15040.88288021  .00001016  00000-0  42997-3 0  9993,2 25415 044.9961 330.9897 0001355 105.4289 303.3569 14.31649330861989
1 25415U 98046C   15042.22975932  .00001052  00000-0  44339-3 0  9999,2 25415 044.9958 324.6690 0001445 114.9740 042.2413 14.31654641862173
1 25415U 98046C   15043.27353265  .00000786  00000-0  34446-3 0  9995,2 25415 044.9956 319.7706 0001540 121.6071 020.3581 14.31656966862324
1 25415U 98046C   15045.07863894  .00000439  00000-0  21538-3 0  9992,2 25415 044.9952 311.2993 0001715 132.1277 322.2745 14.31660942862587
1 25415U 98046C   15049.20663554  .00000898  00000-0  38613-3 0  9993,2 25415 044.9945 291.9260 0002088 154.4383 356.1453 14.31667539863176
1 25415U 98046C   15051.15922694  .00000731  00000-0  32399-3 0  9994,2 25415 044.9943 282.7619 0002298 163.3399 340.6246 14.31670144863454
1 25415U 98046C   15052.54249904  .00000560  00000-0  26016-3 0  9993,2 25415 044.9942 276.2697 0002454 169.6511 270.5971 14.31673960863653
1 25415U 98046C   15053.86539001  .00000552  00000-0  25711-3 0  9991,2 25415 044.9942 270.0608 0002589 175.4028 249.6437 14.31675427863849
1 25415U 98046C   15054.99911161  .00000662  00000-0  29814-3 0  9997,2 25415 044.9941 264.7399 0002686 180.4353 333.4909 14.31678444864007
1 25415U 98046C   15056.50708088  .00000698  00000-0  31161-3 0  9995,2 25415 044.9943 257.6615 0002787 187.1752 186.3978 14.31680306864225
1 25415U 98046C   15057.55784101  .00000748  00000-0  33003-3 0  9994,2 25415 044.9943 252.7298 0002904 191.4034 203.0712 14.31681133864378
1 25415U 98046C   15058.90524814  .00000662  00000-0  29795-3 0  9995,2 25415 044.9947 246.3986 0002617 199.7777 306.0163 14.31683989864567
1 25415U 98046C   15059.95440281  .00000914  00000-0  39168-3 0  9991,2 25415 044.9948 241.4745 0002703 204.4778 313.9500 14.31687297864713
1 25415U 98046C   15061.53718786  .00001196  00000-0  49630-3 0  9994,2 25415 044.9949 234.0457 0002838 211.3339 192.7698 14.31692061864942
1 25415U 98046C   15063.49010527  .00001215  00000-0  50343-3 0  9994,2 25415 044.9950 224.8799 0002983 219.5778 179.7590 14.31696225865222
1 25415U 98046C   15064.53450767  .00001152  00000-0  48006-3 0  9997,2 25415 044.9951 219.9780 0003086 223.8703 163.6249 14.31698387865379
1 25415U 98046C   15065.88744330  .00000962  00000-0  40957-3 0  9993,2 25415 044.9953 213.6281 0003199 228.5639 298.8523 14.31700797865569
1 25415U 98046C   15067.48147235  .00000981  00000-0  41639-3 0  9991,2 25415 044.9951 206.1463 0003347 235.6544 235.5269 14.31704898865791
1 25415U 98046C   15068.81664726  .00001031  00000-0  43505-3 0  9999,2 25415 044.9952 199.8797 0003401 241.0044 278.4992 14.31708142865983
1 25415U 98046C   15070.46656414  .00000882  00000-0  37978-3 0  9998,2 25415 044.9953 192.1358 0003495 247.5882 144.0443 14.31710717866225
1 25415U 98046C   15071.74593999  .00000909  00000-0  38973-3 0  9994,2 25415 044.9953 186.1310 0003575 252.4290 259.6791 14.31713420866406
1 25415U 98046C   15073.47140756  .00000799  00000-0  34877-3 0  9991,2 25415 044.9953 178.0327 0003670 259.0480 154.9999 14.31716138866657
1 25415U 98046C   15074.74350000  .00000734  00000-0  32451-3 0  9992,2 25415 044.9953 172.0622 0003699 263.8378 233.1346 14.31718236866836
1 25415U 98046C   15076.12637987  .00000611  00000-0  27884-3 0  9996,2 25415 044.9952 165.5716 0003732 269.1034 162.3724 14.31720048867032
1 25415U 98046C   15077.17606440  .00001022  00000-0  43170-3 0  9995,2 25415 044.9952 160.6448 0003734 273.1072 173.8847 14.31724892867189
1 25415U 98046C   15078.21087876  .00001098  00000-0  45990-3 0  9992,2 25415 044.9952 155.7878 0003731 277.1076 108.6892 14.31727814867336
1 25415U 98046C   15079.40369830  .00001071  00000-0  44949-3 0  9991,2 25415 044.9953 150.1889 0003705 281.7914 138.0396 14.31745456867508
1 25415U 98046C   15080.45375031  .00000554  00000-0  25764-3 0  9997,2 25415 044.9953 145.2602 0003713 286.0750 151.2528 14.31748397867658
1 25415U 98046C   15081.51106194  .00000540  00000-0  25239-3 0  9999,2 25415 044.9953 140.2976 0003740 290.6015 201.6870 14.31750210867806
1 25415U 98046C   15082.62806933  .00000569  00000-0  26308-3 0  9999,2 25415 044.9951 135.0541 0003731 295.0209 200.2257 14.31753056867960
1 25415U 98046C   15084.14349926  .00000542  00000-0  25306-3 0  9990,2 25415 044.9950 127.9409 0003686 300.9404 092.8771 14.31760717868187
1 25415U 98046C   15085.19317823  .00000629  00000-0  28538-3 0  9993,2 25415 044.9950 123.0138 0003655 305.1590 104.2854 14.31762863868333
1 25415U 98046C   15086.32106693  .00000947  00000-0  40346-3 0  9994,2 25415 044.9950 117.7193 0003628 309.7684 158.8221 14.31766066868497
1 25415U 98046C   15087.51679789  .00001057  00000-0  44410-3 0  9996,2 25415 044.9949 112.1064 0003592 314.8576 202.9083 14.31768861868669
1 25415U 98046C   15089.11173328  .00001194  00000-0  49498-3 0  9995,2 25415 044.9949 104.6196 0003532 321.7076 144.8817 14.31772796868893
1 25415U 98046C   15090.44666353  .00001144  00000-0  47654-3 0  9995,2 25415 044.9950 098.3534 0003470 327.7483 186.2250 14.31775452869084
1 25415U 98046C   15091.48972462  .00001196  00000-0  49556-3 0  9991,2 25415 044.9951 093.4572 0003408 332.5752 162.9375 14.31778297869233
1 25415U 98046C   15093.08280880  .00001213  00000-0  50180-3 0  9990,2 25415 044.9952 085.9792 0003318 340.0802 094.7661 14.31782636869461
1 25415U 98046C   15094.82647847  .00001030  00000-0  43398-3 0  9993,2 25415 044.9955 077.7943 0003195 348.3007 082.8333 14.31786301869717
1 25415U 98046C   15096.15037409  .00001085  00000-0  45429-3 0  9995,2 25415 044.9956 071.5798 0003104 354.9519 066.7053 14.31789928869908
1 25415U 98046C   15098.17705568  .00000945  00000-0  40233-3 0  9999,2 25415 044.9959 062.0662 0002979 005.7316 072.4355 14.31793751870192
1 25415U 98046C   15099.37508634  .00000844  00000-0  36499-3 0  9994,2 25415 044.9960 056.4425 0002911 012.7070 126.6238 14.31795827870366
1 25415U 98046C   15101.17977505  .00000828  00000-0  35920-3 0  9993,2 25415 044.9963 047.9710 0002796 023.4157 067.1156 14.31799774870629
1 25415U 98046C   15102.31103687  .00000858  00000-0  36999-3 0  9992,2 25415 044.9964 042.6608 0002743 030.4818 136.7517 14.31802528870785
1 25415U 98046C   15103.35417606  .00000777  00000-0  33994-3 0  9998,2 25415 044.9966 037.7642 0002685 037.0761 112.2018 14.31804421870931
1 25415U 98046C   15104.86936422  .00000925  00000-0  39476-3 0  9993,2 25415 044.9968 030.6517 0002610 046.7811 000.0794 14.31808594871152
1 25415U 98046C   15106.21630300  .00001151  00000-0  47876-3 0  9995,2 25415 044.9968 024.3290 0002555 055.8490 100.5360 14.31813096871341
1 25415U 98046C   15107.26053866  .00001205  00000-0  49851-3 0  9992,2 25415 044.9969 019.4272 0002520 062.7541 081.3718 14.31815984871490
1 25415U 98046C   15108.77595019  .00001250  00000-0  51518-3 0  9993,2 25415 044.9968 012.3135 0002485 073.4522 329.4688 14.31820124871716
1 25415U 98046C   15110.12307950  .00001413  00000-0  57554-3 0  9997,2 25415 044.9969 005.9898 0002476 082.7939 070.6912 14.31825018871909
1 25415U 98046C   15111.16686471  .00001636  00000-0  65817-3 0  9998,2 25415 044.9969 001.0901 0002486 090.0057 048.9458 14.31829685872059
1 25415U 98046C   15112.82354322  .00001696  00000-0  68050-3 0  9997,2 25415 044.9969 353.3132 0002516 101.9877 304.7145 14.31835756872292
1 25415U 98046C   15114.10115818  .00001571  00000-0  63408-3 0  9999,2 25415 044.9969 347.3156 0002580 111.2970 047.3708 14.31839372872473
1 25415U 98046C   15115.14482883  .00001441  00000-0  58571-3 0  9994,2 25415 044.9967 342.4161 0002620 118.4582 025.1338 14.31842112872622
1 25415U 98046C   15116.45577473  .00001227  00000-0  50665-3 0  9997,2 25415 044.9966 336.2617 0002721 127.6818 299.8841 14.31845057872815
1 25415U 98046C   15117.50430910  .00001047  00000-0  43984-3 0  9994,2 25415 044.9964 331.3394 0002792 134.2949 303.3129 14.31847153872963
1 25415U 98046C   15118.82891426  .00000897  00000-0  38439-3 0  9994,2 25415 044.9963 325.1209 0002886 142.3899 289.6941 14.31849914873153
1 25415U 98046C   15119.95251530  .00000755  00000-0  33172-3 0  9997,2 25415 044.9963 319.8461 0002998 149.1141 320.3490 14.31851891873319
1 25415U 98046C   15121.00980770  .00000650  00000-0  29283-3 0  9993,2 25415 044.9962 314.8825 0003111 155.3077 009.4107 14.31853550873462
1 25415U 98046C   15122.51840100  .00000537  00000-0  25077-3 0  9993,2 25415 044.9962 307.8003 0003265 164.0818 224.4559 14.31855710873686
1 25415U 98046C   15123.78456017  .00000534  00000-0  24956-3 0  9995,2 25415 044.9962 301.8561 0003411 171.0243 270.4652 14.31857715873864
1 25415U 98046C   15124.84152885  .00000574  00000-0  26465-3 0  9990,2 25415 044.9961 296.8941 0003535 176.6690 318.4261 14.31859434874019
1 25415U 98046C   15125.89184628  .00000675  00000-0  30180-3 0  9997,2 25415 044.9960 291.9632 0003626 181.9451 332.4423 14.31861347874164
1 25415U 98046C   15127.47396979  .00000723  00000-0  31956-3 0  9993,2 25415 044.9958 284.5355 0003761 189.7943 207.8438 14.31863926874394
1 25415U 98046C   15128.82050903  .00000751  00000-0  32997-3 0  9994,2 25415 044.9958 278.2139 0003903 196.2111 309.1519 14.31866347874589
1 25415U 98046C   15129.86536396  .00000839  00000-0  36250-3 0  9997,2 25415 044.9958 273.3086 0004002 201.2352 295.2640 14.31868739874735
1 25415U 98046C   15131.17532466  .00000971  00000-0  41152-3 0  9992,2 25415 044.9959 267.1587 0004130 207.4479 208.0650 14.31871989874928
1 25415U 98046C   15132.51400201  .00001247  00000-0  51356-3 0  9996,2 25415 044.9959 260.8739 0004234 213.6451 269.0683 14.31876362875116
1 25415U 98046C   15133.54836442  .00001348  00000-0  55082-3 0  9992,2 25415 044.9957 256.0174 0004297 217.4863 202.2893 14.31888464875266
1 25415U 98046C   15134.75371400  .00001565  00000-0  63108-3 0  9993,2 25415 044.9957 250.3591 0004345 223.5674 295.5461 14.31892601875431
1 25415U 98046C   15136.13146376  .00001294  00000-0  53078-3 0  9993,2 25415 044.9955 243.8906 0004458 229.2502 198.7650 14.31895119875637
1 25415U 98046C   15137.45395063  .00001129  00000-0  46960-3 0  9997,2 25415 044.9954 237.6818 0004579 235.5362 176.2528 14.31898253875825
1 25415U 98046C   15139.13225455  .00000863  00000-0  37108-3 0  9999,2 25415 044.9953 229.8023 0004684 242.7706 188.7605 14.31901413876068
1 25415U 98046C   15140.38300697  .00000784  00000-0  34198-3 0  9998,2 25415 044.9953 223.9300 0004754 248.0366 157.1638 14.31904086876245
1 25415U 98046C   15141.43247289  .00000673  00000-0  30091-3 0  9997,2 25415 044.9953 219.0029 0004794 252.4461 167.8241 14.31905593876396
1 25415U 98046C   15142.48274183  .00000591  00000-0  27037-3 0  9991,2 25415 044.9953 214.0720 0004845 256.8549 182.6351 14.31907060876546
1 25415U 98046C   15143.68058605  .00000438  00000-0  21406-3 0  9997,2 25415 044.9951 208.4483 0004898 261.8146 238.3644 14.31908063876711
1 25415U 98046C   15144.71547639  .00000392  00000-0  19676-3 0  9997,2 25415 044.9949 203.5895 0004929 266.1037 173.9533 14.31909251876860
1 25415U 98046C   15146.17204826  .00000252  00000-0  14526-3 0  9991,2 25415 044.9947 196.7508 0004965 272.1199 123.6326 14.31910185877072
1 25415U 98046C   15147.52324491  .00000219  00000-0  13291-3 0  9993,2 25415 044.9945 190.4069 0004974 277.7673 249.9650 14.31911315877260
1 25415U 98046C   15148.56262082  .00000224  00000-0  13464-3 0  9993,2 25415 044.9944 185.5269 0004982 282.1178 208.6473 14.31912212877414
1 25415U 98046C   15150.15089687  .00000216  00000-0  13172-3 0  9996,2 25415 044.9944 178.0696 0004981 288.8067 117.2430 14.31913312877649
1 25415U 98046C   15151.49157931  .00000529  00000-0  24764-3 0  9998,2 25415 044.9944 171.7750 0004960 294.5900 189.2006 14.31915844877838
1 25415U 98046C   15153.08052346  .00000210  00000-0  12972-3 0  9994,2 25415 044.9944 164.3146 0004919 301.3913 101.1427 14.31915186878065
1 25415U 98046C   15154.49384013  .00000214  00000-0  13086-3 0  9990,2 25415 044.9944 157.6790 0004856 307.6220 187.4470 14.31916255878260
1 25415U 98046C   15156.15078075  .00000253  00000-0  14539-3 0  9990,2 25415 044.9944 149.8994 0004773 314.7431 089.9385 14.31917910878507
1 25415U 98046C   15157.42964097  .00000333  00000-0  17512-3 0  9992,2 25415 044.9944 143.8949 0004705 320.6460 202.8029 14.31919341878684
1 25415U 98046C   15159.01159436  .00000483  00000-0  23036-3 0  9996,2 25415 044.9946 136.4672 0004614 327.8683 078.2824 14.31921511878918
1 25415U 98046C   15160.13055771  .00000659  00000-0  29560-3 0  9991,2 25415 044.9948 131.2135 0004534 333.0610 086.8247 14.31923690879079
1 25415U 98046C   15161.40287263  .00000703  00000-0  31187-3 0  9993,2 25415 044.9950 125.2397 0004443 339.4461 165.4569 14.31925289879255
1 25415U 98046C   15162.91711466  .00000804  00000-0  34931-3 0  9999,2 25415 044.9953 118.1301 0004328 347.0849 051.1719 14.31928109879477
1 25415U 98046C   15164.10945874  .00000855  00000-0  36808-3 0  9995,2 25415 044.9955 112.5319 0004228 352.9171 077.7415 14.31930598879649
1 25415U 98046C   15165.15854124  .00000831  00000-0  35922-3 0  9998,2 25415 044.9956 107.6064 0004147 358.5238 085.3248 14.31932463879796
1 25415U 98046C   15166.29028889  .00000703  00000-0  31203-3 0  9991,2 25415 044.9957 102.2925 0004054 004.5902 159.0028 14.31933945879956
1 25415U 98046C   15167.79887333  .00000629  00000-0  28454-3 0  9995,2 25415 044.9959 095.2094 0003936 012.8243 014.9776 14.31936204880170
1 25415U 98046C   15168.84862854  .00000578  00000-0  26554-3 0  9995,2 25415 044.9960 090.2806 0003854 018.7648 025.7204 14.31937601880326
1 25415U 98046C   15170.19521601  .00000466  00000-0  22433-3 0  9996,2 25415 044.9961 083.9582 0003759 026.8000 126.0134 14.31938867880516
1 25415U 98046C   15171.37075388  .00000435  00000-0  21279-3 0  9996,2 25415 044.9962 078.4389 0003686 033.7098 064.8309 14.31940251880685
1 25415U 98046C   15172.75487465  .00000334  00000-0  17523-3 0  9997,2 25415 044.9964 071.9403 0003600 042.3435 358.2103 14.31941410880881
1 25415U 98046C   15174.10257506  .00000301  00000-0  16304-3 0  9999,2 25415 044.9965 065.6128 0003537 050.8355 103.8104 14.31942827881070
1 25415U 98046C   15175.15077172  .00000528  00000-0  24702-3 0  9996,2 25415 044.9965 060.6914 0003499 057.2954 106.0259 14.31945717881225
1 25415U 98046C   15176.52780653  .00000351  00000-0  18160-3 0  9998,2 25415 044.9965 054.2259 0003438 065.9314 002.8579 14.31946118881421
1 25415U 98046C   15177.79385711  .00000384  00000-0  19400-3 0  9998,2 25415 044.9965 048.2815 0003411 074.3252 047.2699 14.31947889881600
1 25415U 98046C   15179.05572896  .00000363  00000-0  18622-3 0  9993,2 25415 044.9965 042.3566 0003404 082.9315 069.9119 14.31949219881781
1 25415U 98046C   15180.43515561  .00000286  00000-0  15745-3 0  9990,2 25415 044.9965 035.8797 0003408 092.0009 338.6791 14.31950337881987
1 25415U 98046C   15181.48254104  .00000229  00000-0  13654-3 0  9993,2 25415 044.9965 030.9620 0003431 098.8836 336.3049 14.31951070882130
1 25415U 98046C   15182.80686152  .00000206  00000-0  12788-3 0  9994,2 25415 044.9966 024.7438 0003488 108.0569 320.6895 14.31952217882328
1 25415U 98046C   15184.01278854  .00000186  00000-0  12047-3 0  9990,2 25415 044.9966 019.0817 0003548 115.9195 055.4188 14.31953200882494
1 25415U 98046C   15185.52078137  .00000280  00000-0  15543-3 0  9998,2 25415 044.9966 012.0013 0003631 125.7981 266.7960 14.31954745882715
1 25415U 98046C   15186.86713338  .00000477  00000-0  22833-3 0  9993,2 25415 044.9966 005.6797 0003705 134.0810 005.7104 14.31956884882906
1 25415U 98046C   15187.98367689  .00000385  00000-0  19404-3 0  9999,2 25415 044.9966 000.4372 0003781 140.8009 000.3760 14.31957276883060
1 25415U 98046C   15189.49866057  .00000515  00000-0  24223-3 0  9990,2 25415 044.9966 353.3237 0003898 149.9816 248.5488 14.31959409883282
1 25415U 98046C   15190.84664355  .00000540  00000-0  25138-3 0  9992,2 25415 044.9967 346.9944 0004008 157.6392 356.5270 14.31961189883473
1 25415U 98046C   15192.50080796  .00000516  00000-0  24247-3 0  9991,2 25415 044.9969 339.2275 0004166 167.0929 242.6268 14.31963275883710
1 25415U 98046C   15193.77415856  .00000373  00000-0  18968-3 0  9994,2 25415 044.9969 333.2488 0004285 173.8864 326.3777 14.31964007883893
1 25415U 98046C   15194.82404821  .00000400  00000-0  19986-3 0  9993,2 25415 044.9971 328.3188 0004219 176.4345 341.2697 14.31914195884046
1 25415U 98046C   15195.86760678  .00000413  00000-0  20451-3 0  9996,2 25415 044.9968 323.4197 0004325 182.3233 320.0054 14.31915362884193
1 25415U 98046C   15197.38317876  .00000250  00000-0  14441-3 0  9994,2 25415 044.9966 316.3041 0004460 190.0854 212.4011 14.31916168884412
1 25415U 98046C   15198.42685287  .00000222  00000-0  13382-3 0  9996,2 25415 044.9966 311.4041 0004560 195.2897 192.4259 14.31916869884568
1 25415U 98046C   15199.47830093  .00000231  00000-0  13735-3 0  9991,2 25415 044.9965 306.4676 0004655 200.4685 212.5942 14.31917941884716
1 25415U 98046C   15200.82297102  .00000202  00000-0  12673-3 0  9999,2 25415 044.9964 300.1545 0004757 206.8325 304.5735 14.31919190884906
1 25415U 98046C   15202.06034164  .00000147  00000-0  10622-3 0  9994,2 25415 044.9964 294.3450 0004855 212.6302 203.4694 14.31920005885082
1 25415U 98046C   15203.10938520  .00000172  00000-0  11531-3 0  9997,2 25415 044.9963 289.4199 0004940 217.5275 211.5220 14.31920968885234
1 25415U 98046C   15203.38349234  .00000161  00000-0  11140-3 0  9999,2 25415 044.9959 288.1322 0004792 215.8071 187.7210 14.31969389885270
1 25415U 98046C   15204.43310243 -.00000098  00000-0  15742-4 0  9997,2 25415 044.9963 283.2046 0004871 222.2184 197.3651 14.31969550885422
1 25415U 98046C   15205.48316856 -.00000080  00000-0  22385-4 0  9991,2 25415 044.9961 278.2742 0004937 227.2180 210.7778 14.31969974885577
1 25415U 98046C   15206.54026440  .00000172  00000-0  11526-3 0  9991,2 25415 044.9958 273.3108 0004992 231.8680 260.8182 14.31971069885722
1 25415U 98046C   15207.59085436  .00000159  00000-0  11070-3 0  9996,2 25415 044.9956 268.3777 0005045 236.5878 277.2198 14.31971632885878
1 25415U 98046C   15208.63357876  .00000168  00000-0  11388-3 0  9994,2 25415 044.9953 263.4817 0005098 241.1708 253.1745 14.31972394886023
1 25415U 98046C   15210.14861110  .00000171  00000-0  11504-3 0  9998,2 25415 044.9952 256.3674 0005145 247.6473 144.4099 14.31977991886243
1 25415U 98046C   15211.19824602  .00000425  00000-0  20871-3 0  9998,2 25415 044.9950 251.4389 0005230 252.1199 156.1631 14.31980033886390
1 25415U 98046C   15212.54506356  .00000215  00000-0  13132-3 0  9990,2 25415 044.9949 245.1147 0005259 258.1634 259.8361 14.31980559886586
1 25415U 98046C   15214.12815331  .00000236  00000-0  13903-3 0  9991,2 25415 044.9947 237.6810 0005293 264.8534 142.0591 14.31981596886814
1 25415U 98046C   15215.47444645  .00000226  00000-0  13524-3 0  9994,2 25415 044.9946 231.3593 0005291 270.5729 243.3602 14.31982265887004
1 25415U 98046C   15216.51737640  .00000201  00000-0  12617-3 0  9995,2 25415 044.9945 226.4621 0005284 275.1115 220.4583 14.31982788887152
1 25415U 98046C   15218.17436984  .00000197  00000-0  12448-3 0  9992,2 25415 044.9944 218.6812 0005268 282.1901 123.6601 14.31983956887398
1 25415U 98046C   15219.45312425  .00000250  00000-0  14416-3 0  9994,2 25415 044.9944 212.6766 0005235 287.8761 236.5019 14.31985231887575
1 25415U 98046C   15221.17734586  .00000328  00000-0  17282-3 0  9992,2 25415 044.9947 204.5802 0005185 295.2843 126.2945 14.31987013887828
1 25415U 98046C   15222.38170440  .00000317  00000-0  16892-3 0  9993,2 25415 044.9948 198.9250 0005135 300.7793 215.4451 14.31987811887990
1 25415U 98046C   15223.89043102  .00000249  00000-0  14393-3 0  9992,2 25415 044.9949 191.8405 0005059 307.6002 073.8553 14.31988594888213
1 25415U 98046C   15225.15627735  .00000221  00000-0  13354-3 0  9999,2 25415 044.9949 185.8966 0004975 313.2499 120.1472 14.31989479888395
1 25415U 98046C   15226.35400513  .00000172  00000-0  11516-3 0  9998,2 25415 044.9949 180.2725 0004893 318.8250 175.0168 14.31990228888566
1 25415U 98046C   15227.86912356  .00000160  00000-0  11079-3 0  9999,2 25415 044.9951 173.1579 0004783 325.8707 066.2013 14.31991378888781
1 25415U 98046C   15229.21570389  .00000261  00000-0  14816-3 0  9990,2 25415 044.9952 166.8348 0004675 332.4453 168.1824 14.31993028888974
1 25415U 98046C   15230.26557777  .00000243  00000-0  14153-3 0  9997,2 25415 044.9954 161.9050 0004593 337.5872 180.5482 14.31993654889123
1 25415U 98046C   15231.84857304  .00000188  00000-0  12115-3 0  9995,2 25415 044.9956 154.4718 0004467 345.3672 061.2675 14.31994342889357
1 25415U 98046C   15233.11371769  .00000214  00000-0  13076-3 0  9990,2 25415 044.9957 148.5312 0004357 351.8473 103.1333 14.31995306889539
1 25415U 98046C   15234.17059869  .00000144  00000-0  10505-3 0  9997,2 25415 044.9957 143.5686 0004265 357.2975 151.3592 14.31995680889686
1 25415U 98046C   15235.21419633  .00000166  00000-0  11305-3 0  9995,2 25415 044.9957 138.6683 0004179 002.7736 131.0174 14.31996551889835
1 25415U 98046C   15236.26398696  .00000163  00000-0  11209-3 0  9996,2 25415 044.9957 133.7389 0004089 008.4225 142.4639 14.31997396889986
1 25415U 98046C   15236.87144138 +.00000167 +00000-0 +11334-3 0  9996,2 25415 044.9957 130.8865 0004030 011.6252 033.8289 14.31997907889886
1 25415U 98046C   15237.84810266  .00000188  00000-0  12117-3 0  9999,2 25415 044.9957 126.3003 0003950 017.1277 028.0660 14.31998787890213
1 25415U 98046C   15241.14574631  .00000390  00000-0  19585-3 0  9991,2 25415 044.9956 110.8149 0003688 036.2802 105.3998 14.32006838890687
1 25415U 98046C   15242.45756369  .00000357  00000-0  18358-3 0  9996,2 25415 044.9956 104.6549 0003592 044.3859 026.5399 14.32008048890873
1 25415U 98046C   15243.72039233  .00000324  00000-0  17153-3 0  9997,2 25415  44.9956  98.7249 0003517  52.5299  54.8557 14.32009281891050
1 25415U 98046C   15245.53068499  .00000248  00000-0  14325-3 0  9997,2 25415  44.9956  90.2241 0003432  64.4305  24.4529 14.32010868891319
1 25415U 98046C   15245.96339050 +.00000232 +00000-0 +13748-3 0  9999,2 25415 044.9956 088.1922 0003423 067.2865 094.4514 14.32011227891189
1 25415U 98046C   15246.79120631 +.00000207 +00000-0 +12839-3 0  9996,2 25415 044.9956 084.3049 0003393 073.0355 040.4126 14.32011822891497
1 25415U 98046C   15247.84020131  .00000230  00000-0  13678-3 0  9995,2 25415  44.9959  79.3772 0003354  81.2717  45.2391 14.32017032891640
1 25415U 98046C   15247.91263451 +.00000224 +00000-0 +13455-3 0  9993,2 25415 044.9959 079.0383 0003370 079.6016 060.6792 14.32016933891461
1 25415U 98046C   15248.88852792  .00000264  00000-0  14924-3 0  9998,2 25415  44.9957  74.4559 0003369  86.1787  49.9482 14.32018546891793
1 25415U 98046C   15248.96288964 +.00000265 +00000-0 +14977-3 0  9990,2 25415 044.9957 074.1068 0003368 086.6446 073.2068 14.32018600891613
1 25415U 98046C   15249.93856971  .00000206  00000-0  12804-3 0  9999,2 25415  44.9958  69.5250 0003363  93.4273  61.1712 14.32019146891948
1 25415U 98046C   15250.98167630  .00000240  00000-0  14029-3 0  9992,2 25415  44.9959  64.6266 0003375 100.3795  36.9072 14.32019985892099
1 25415U 98046C   15252.50939341  .00000246  00000-0  14281-3 0  9994,2 25415  44.9961  57.4525 0003403 110.0083 350.6831 14.32021238892318
1 25415U 98046C   15252.86844894 +.00000238 +00000-0 +13955-3 0  9999,2 25415 044.9962 055.7665 0003417 112.3409 041.1683 14.32021522892174
1 25415U 98046C   15253.83644209  .00000216  00000-0  13165-3 0  9994,2 25415  44.9963  51.2210 0003447 119.0759 349.5270 14.32022340892500
1 25415U 98046C   15253.91744584 +.00000214 +00000-0 +13067-3 0  9999,2 25415 044.9963 050.8406 0003451 119.5511 047.0521 14.32022401892325
1 25415U 98046C   15254.89436039  .00000202  00000-0  12638-3 0  9990,2 25415  44.9965  46.2532 0003491 125.8719  41.8634 14.32023197892656
1 25415U 98046C   15256.19830637  .00000144  00000-0  10507-3 0  9995,2 25415  44.9967  40.1301 0003549 134.3445 282.0925 14.32023884892846
1 25415U 98046C   15257.45181751  .00000150  00000-0  10715-3 0  9999,2 25415  44.9968  34.2438 0003623 142.2849 262.6001 14.32024695893022
1 25415U 98046C   15258.49723666  .00000170  00000-0  11443-3 0  9992,2 25415  44.9968  29.3345 0003690 148.7944 250.7319 14.32025381893174
1 25415U 98046C   15258.86569113 +.00000173 +00000-0 +11554-3 0  9994,2 25415 044.9968 027.6044 0003716 150.9265 349.9236 14.32025592893039
1 25415U 98046C   15259.77525973  .00000157  00000-0  10982-3 0  9997,2 25415  44.9969  23.3332 0003778 156.0696 358.3985 14.32025947893350
1 25415U 98046C   15259.84169203 +.00000162 +00000-0 +11159-3 0  9998,2 25415 044.9969 023.0212 0003782 156.4366 340.8403 14.32026025893176
1 25415U 98046C   15260.81805971  .00000162  00000-0  11169-3 0  9997,2 25415  44.9969  18.4364 0003853 162.0486 333.5504 14.32026599893501
1 25415U 98046C   15262.47488023  .00000176  00000-0  11685-3 0  9994,2 25415  44.9971  10.6563 0003989 171.6052 233.6429 14.32027803893745
1 25415U 98046C   15263.52551975  .00000196  00000-0  12430-3 0  9999,2 25415  44.9972   5.7228 0004073 177.1397 249.7004 14.32028676893899
1 25415U 98046C   15263.68355325 +.00000201 +00000-0 +12579-3 0  9998,2 25415 044.9972 004.9808 0004087 177.9243 344.4129 14.32028811893721
1 25415U 98046C   15264.72341354  .00000179  00000-0  11767-3 0  9993,2 25415  44.9972   0.0979 0004171 183.5342 304.7741 14.32029420894068
1 25415U 98046C   15266.52807939  .00000228  00000-0  13610-3 0  9993,2 25415  44.9972 351.6237 0004312 193.0022 247.8964 14.32030944894324
1 25415U 98046C   15266.68211203 +.00000235 +00000-0 +13853-3 0  9990,2 25415 044.9972 350.9004 0004321 193.7773 321.9741 14.32031091894150
1 25415U 98046C   15267.72565675  .00000330  00000-0  17346-3 0  9998,2 25415  44.9971 346.0000 0004404 198.8684 301.8795 14.32032512894492
1 25415U 98046C   15269.53791769  .00000401  00000-0  19971-3 0  9999,2 25415  44.9968 337.4898 0004542 207.7675 284.7881 14.32034724894751
1 25415U 98046C   15269.67813164 +.00000400 +00000-0 +19956-3 0  9990,2 25415 044.9968 336.8313 0004549 208.4162 287.6859 14.32034883894586
1 25415U 98046C   15270.65469943  .00000423  00000-0  20769-3 0  9991,2 25415  44.9967 332.2455 0004612 213.1148 282.3751 14.32036137894914
1 25415U 98046C   15272.17324977  .00000420  00000-0  20674-3 0  9999,2 25415  44.9966 325.1143 0004717 220.2956 191.3850 14.32037944895131
1 25415U 98046C   15273.21902216  .00000432  00000-0  21127-3 0  9990,2 25415  44.9965 320.2034 0004781 225.0850 183.1103 14.32039214895280
1 25415U 98046C   15274.56580134  .00000432  00000-0  21103-3 0  9994,2 25415  44.9963 313.8791 0004854 231.3350 286.6693 14.32040575895478
1 25415U 98046C   15276.14875838  .00000495  00000-0  23453-3 0  9997,2 25415  44.9961 306.4454 0004934 238.4563 168.1218 14.32042587895701
1 25415U 98046C   15277.49445308  .00000431  00000-0  21087-3 0  9992,2 25415  44.9959 300.1259 0004978 244.4777 266.3276 14.32043481895893
1 25415U 98046C   15278.53793036  .00000359  00000-0  18422-3 0  9990,2 25415  44.9957 295.2255 0005008 249.0342 246.4636 14.32044216896049
1 25415U 98046C   15280.19482453  .00000313  00000-0  16709-3 0  9999,2 25415  44.9957 287.4444 0005044 256.1909 149.4433 14.32045750896287
1 25415U 98046C   15281.47401728  .00000296  00000-0  16097-3 0  9997,2 25415  44.9956 281.4372 0005045 261.9809 264.7292 14.32047056896469
1 25415U 98046C   15283.19767465  .00000230  00000-0  13659-3 0  9990,2 25415  44.9957 273.3427 0005054 269.4939 151.8890 14.32048271896716
1 25415U 98046C   15284.46923721  .00000230  00000-0  13655-3 0  9996,2 25415  44.9957 267.3714 0005037 275.1255 227.9681 14.32049236896898
1 25415U 98046C   15284.93483873 +.00000240 +00000-0 +14029-3 0  9994,2 25415 044.9957 265.1849 0005036 277.1726 108.5902 14.32049627896778
1 25415U 98046C   15286.20889788  .00000253  00000-0  14501-3 0  9990,2 25415  44.9956 259.2018 0005001 282.6953 197.6677 14.32050620897149
1 25415U 98046C   15287.39779105  .00000297  00000-0  16149-3 0  9990,2 25415  44.9955 253.6186 0004962 287.9209 207.5606 14.32051811897314
1 25415U 98046C   15287.87772637 +.00000292 +00000-0 +15951-3 0  9991,2 25415 044.9955 251.3647 0004950 289.9915 162.1314 14.32052199897192
1 25415U 98046C   15288.70837904  .00000288  00000-0  15803-3 0  9994,2 25415  44.9955 247.4639 0004913 293.7053 124.8894 14.32052900897507
1 25415U 98046C   15288.92548447 +.00000324 +00000-0 +17125-3 0  9999,2 25415 044.9955 246.4443 0004904 294.5970 164.3426 14.32053337897343
1 25415U 98046C   15290.17786153  .00000356  00000-0  18307-3 0  9995,2 25415  44.9956 240.5629 0004839 300.1844 141.4857 14.32054730897719
1 25415U 98046C   15291.23567209  .00000422  00000-0  20734-3 0  9993,2 25415  44.9956 235.5953 0004785 304.8478 195.5235 14.32056220897869
1 25415U 98046C   15292.28552220  .00000507  00000-0  23889-3 0  9994,2 25415  44.9957 230.6651 0004733 309.4223 208.5775 14.32057938898012
1 25415U 98046C   15293.32894442  .00000563  00000-0  25930-3 0  9996,2 25415  44.9957 225.7650 0004671 314.0612 188.4015 14.32059483898167
1 25415U 98046C   15293.86767470 +.00000577 +00000-0 +26442-3 0  9999,2 25415 044.9957 223.2351 0004637 316.4213 086.1009 14.32060246898057
1 25415U 98046C   15294.77034484  .00000597  00000-0  27208-3 0  9995,2 25415  44.9956 218.9960 0004577 320.5051  60.1528 14.32061579898375
1 25415U 98046C   15294.84519388 +.00000596 +00000-0 +27170-3 0  9991,2 25415 044.9956 218.6445 0004570 320.8641 086.0447 14.32061683898194
1 25415U 98046C   15295.83253078  .00000668  00000-0  29831-3 0  9998,2 25415  44.9955 214.0079 0004494 325.5939 136.3728 14.32063655898522
1 25415U 98046C   15295.90391678 +.00000666 +00000-0 +29741-3 0  9993,2 25415 044.9955 213.6726 0004488 325.9174 144.4302 14.32063766898345
1 25415U 98046C   15297.24079177  .00000746  00000-0  32687-3 0  9991,2 25415  44.9953 207.3945 0004382 332.2633 196.9111 14.32066551898727
1 25415U 98046C   15298.28354223  .00000708  00000-0  31290-3 0  9991,2 25415  44.9952 202.4975 0004290 337.3100 172.8955 14.32068268898870
1 25415U 98046C   15298.89097519 +.00000683 +00000-0 +30383-3 0  9994,2 25415 044.9952 199.6447 0004234 340.1300 064.6881 14.32069248898777
1 25415U 98046C   15299.86764029  .00000597  00000-0  27196-3 0  9991,2 25415  44.9951 195.0580 0004151 344.8979  59.9302 14.32070431899104
1 25415U 98046C   15301.14523249  .00000565  00000-0  25996-3 0  9994,2 25415  44.9951 189.0580 0004044 351.4029 166.3560 14.32072280899280
1 25415U 98046C   15302.18904380  .00000538  00000-0  25025-3 0  9991,2 25415  44.9951 184.1560 0003949 356.8129 147.4705 14.32073565899432
1 25415U 98046C   15302.86993605 +.00000538 +00000-0 +25017-3 0  9995,2 25415 044.9951 180.9583 0003886 000.4443 057.5452 14.32074476899344
1 25415U 98046C   15303.78793380  .00000504  00000-0  23752-3 0  9992,2 25415  44.9950 176.6471 0003809   5.3464 109.9213 14.32075443899660
1 25415U 98046C   15303.84619663 +.00000518 +00000-0 +24283-3 0  9995,2 25415 044.9950 176.3735 0003802 005.6608 050.2695 14.32075605899488
1 25415U 98046C   15305.05000471  .00000458  00000-0  22050-3 0  9994,2 25415  44.9948 170.7201 0003703  12.1948 135.9279 14.32076728899847
1 25415U 98046C   15306.09391388  .00000428  00000-0  20954-3 0  9997,2 25415  44.9946 165.8177 0003625  18.1386 117.0309 14.32077840899994
1 25415U 98046C   15306.92108852 +.00000379 +00000-0 +19140-3 0  9991,2 25415 044.9945 161.9329 0003554 022.9455 060.8246 14.32078537899922
1 25415U 98046C   15307.82457606  .00000429  00000-0  20999-3 0  9995,2 25415  44.9944 157.6897 0003478  28.1981  37.9860 14.32079880900247
1 25415U 98046C   15307.89731240 +.00000415 +00000-0 +20472-3 0  9992,2 25415 044.9944 157.3481 0003474 028.6541 052.8830 14.32079871900069
1 25415U 98046C   15308.95595294  .00000434  00000-0  21191-3 0  9997,2 25415  44.9943 152.3763 0003399  34.9133 109.7031 14.32081160900406
1 25415U 98046C   15309.99872144  .00000402  00000-0  19985-3 0  9997,2 25415  44.9942 147.4789 0003319  41.3870  84.4054 14.32082080900552
1 25415U 98046C   15311.04850366  .00000417  00000-0  20540-3 0  9993,2 25415  44.9943 142.5485 0003240  48.0563  95.1104 14.32083208900703
1 25415U 98046C   15312.56373817  .00000487  00000-0  23148-3 0  9996,2 25415  44.9944 135.4322 0003141  57.9239 344.5845 14.32085418900926
1 25415U 98046C   15312.93345161 +.00000478 +00000-0 +22798-3 0  9998,2 25415 044.9944 133.6958 0003127 060.1923 090.2176 14.32085840900786
1 25415U 98046C   15313.75556091  .00000532  00000-0  24785-3 0  9994,2 25415  44.9945 129.8348 0003086  65.5039   7.3938 14.32087283901091
1 25415U 98046C   15313.91157443 +.00000529 +00000-0 +24670-3 0  9999,2 25415 044.9945 129.1021 0003082 066.5370 091.4674 14.32087490900929
1 25415U 98046C   15314.88734529  .00000515  00000-0  24156-3 0  9996,2 25415  44.9945 124.5194 0003044  73.0347  80.4314 14.32088840901250
1 25415U 98046C   15315.93052421  .00000502  00000-0  23686-3 0  9990,2 25415  44.9947 119.6201 0003008  80.2690  56.5236 14.32090365901406
1 25415U 98046C   15317.44813633  .00000438  00000-0  21310-3 0  9998,2 25415  44.9948 112.4926 0002971  90.5107 317.9284 14.32092114901622
1 25415U 98046C   15318.49437064  .00000478  00000-0  22778-3 0  9997,2 25415  44.9949 107.5789 0002952  97.7193 309.8262 14.32093772901771
1 25415U 98046C   15318.79134123 +.00000476 +00000-0 +22721-3 0  9996,2 25415 044.9950 106.1842 0002958 099.6184 040.4481 14.32094121901629
1 25415U 98046C   15319.84148332  .00000485  00000-0  23046-3 0  9991,2 25415  44.9951 101.2522 0002964 106.5964  52.7483 14.32095467901961
1 25415U 98046C   15319.90785303 +.00000458 +00000-0 +22063-3 0  9991,2 25415 044.9951 100.9405 0002963 107.0215 034.8255 14.32095408901784
1 25415U 98046C   15320.88417704  .00000619  00000-0  27982-3 0  9991,2 25415  44.9952  96.3551 0002977 113.5002  26.6937 14.32097666902118
1 25415U 98046C   15322.39909836  .00000688  00000-0  30543-3 0  9994,2 25415  44.9955  89.2402 0003006 123.3435 274.6527 14.32100298902330
1 25415U 98046C   15323.44380727  .00000668  00000-0  29788-3 0  9990,2 25415  44.9957  84.3338 0003030 130.2135 259.0474 14.32101991902482
1 25415U 98046C   15324.49321196  .00000568  00000-0  26111-3 0  9997,2 25415  44.9960  79.4054 0003068 137.0931 267.6687 14.32103164902638
1 25415U 98046C   15324.79564416 +.00000522 +00000-0 +24426-3 0  9991,2 25415 044.9960 077.9851 0003081 138.9328 026.5460 14.32103443902485
1 25415U 98046C   15325.76529159  .00000502  00000-0  23665-3 0  9996,2 25415  44.9962  73.4313 0003122 144.9897 344.4068 14.32104923902812
1 25415U 98046C   15327.49594748  .00000485  00000-0  23062-3 0  9995,2 25415  44.9964  65.3034 0003212 155.7119 264.8385 14.32107382903068
1 25415U 98046C   15327.65031406 +.00000489 +00000-0 +23188-3 0  9993,2 25415 044.9965 064.5785 0003219 156.5452 340.6232 14.32107553902893
1 25415U 98046C   15328.70108863 +.00000495 +00000-0 +23411-3 0  9998,2 25415 044.9965 059.6435 0003281 162.6591 357.1008 14.32108875903232
1 25415U 98046C   15330.20880624  .00000397  00000-0  19814-3 0  9991,2 25415  44.9966  52.5625 0003381 171.3024 209.1414 14.32110064903459
1 25415U 98046C   15331.47457218  .00000421  00000-0  20672-3 0  9992,2 25415  44.9968  46.6179 0003473 178.0239 254.5027 14.32111674903635
1 25415U 98046C   15331.69590962 +.00000416 +00000-0 +20516-3 0  9991,2 25415 044.9968 045.5785 0003478 179.1982 315.5582 14.32111926903474
1 25415U 98046C   15332.60485800  .00000378  00000-0  19101-3 0  9992,2 25415  44.9969  41.3097 0003539 183.9791 321.4791 14.32112740903792
1 25415U 98046C   15333.65613770  .00000352  00000-0  18124-3 0  9993,2 25415  44.9970  36.3724 0003615 189.3677 341.3090 14.32113795903944
1 25415U 98046C   15335.03178814  .00000356  00000-0  18270-3 0  9998,2 25415  44.9971  29.9118 0003706 196.5464 233.2990 14.32115392904141
1 25415U 98046C   15336.15381560  .00000406  00000-0  20142-3 0  9993,2 25415  44.9971  24.6423 0003779 202.1244 258.0515 14.32116927904303
1 25415U 98046C   15337.19345817  .00000396  00000-0  19745-3 0  9998,2 25415  44.9971  19.7597 0003837 207.1242 218.2305 14.32117956904452
1 25415U 98046C   15337.55961473 +.00000401 +00000-0 +19934-3 0  9997,2 25415 044.9971 018.0401 0003853 208.8288 306.1143 14.32118361904317
1 25415U 98046C   15339.21975006  .00000392  00000-0  19599-3 0  9995,2 25415  44.9970  10.2430 0003962 216.3851 225.8651 14.32120159904749
1 25415U 98046C   15340.48805860  .00000487  00000-0  23106-3 0  9990,2 25415  44.9969   4.2864 0004006 222.4474 285.0533 14.32122153904923
1 25415U 98046C   15341.53771860  .00000456  00000-0  21952-3 0  9992,2 25415  44.9969 359.3566 0004044 227.4421 296.9527 14.32123215905076
1 25415U 98046C   15343.11980919  .00000333  00000-0  17438-3 0  9993,2 25415  44.9970 351.9262 0004108 234.1789 174.7873 14.32124305905306
1 25415U 98046C   15343.41984374 +.00000384 +00000-0 +19303-3 0  9994,2 25415 044.9970 350.5171 0004100 235.6521 281.6794 14.32124860905151
1 25415U 98046C   15345.08446630  .00000324  00000-0  17096-3 0  9998,2 25415  44.9970 342.6991 0004151 242.8319 224.9984 14.32126219905582
1 25415U 98046C   15346.41886896  .00000407  00000-0  20178-3 0  9995,2 25415  44.9969 336.4320 0004185 248.2540 265.9419 14.32128006905775
1 25415U 98046C   15346.95173196 +.00000384 +00000-0 +19310-3 0  9996,2 25415 044.9969 333.9293 0004196 250.6387 133.4704 14.32128394905668
1 25415U 98046C   15348.00172508  .00000384  00000-0  19326-3 0  9997,2 25415  44.9968 328.9978 0004202 255.0942 147.6533 14.32129472906009
1 25415U 98046C   15349.11988581  .00000455  00000-0  21913-3 0  9990,2 25415  44.9967 323.7462 0004197 259.7987 153.3825 14.32131168906162
1 25415U 98046C   15350.16948491  .00000468  00000-0  22396-3 0  9993,2 25415  44.9967 318.8164 0004193 264.0756 165.7225 14.32132592906315
1 25415U 98046C   15350.92967144 +.00000386 +00000-0 +19397-3 0  9999,2 25415 044.9967 315.2461 0004187 267.3454 125.5137 14.32133112906236
1 25415U 98046C   15351.77418918  .00000373  00000-0  18889-3 0  9994,2 25415  44.9967 311.2797 0004173 270.8781 160.2499 14.32134132906545
1 25415U 98046C   15351.90584272 +.00000368 +00000-0 +18734-3 0  9999,2 25415 044.9967 310.6613 0004169 271.4240 119.1234 14.32134271906372
1 25415U 98046C   15352.88201303  .00000444  00000-0  21512-3 0  9991,2 25415  44.9967 306.0765 0004150 275.5055 112.7294 14.32135893906701
1 25415U 98046C   15352.95520366 +.00000355 +00000-0 +18238-3 0  9994,2 25415 044.9967 305.7328 0004148 275.7946 130.1523 14.32135496906528
1 25415U 98046C   15354.14789815  .00000378  00000-0  19102-3 0  9999,2 25415  44.9967 300.1312 0004124 280.6731 160.3750 14.32137018906889
1 25415U 98046C   15355.20633825  .00000505  00000-0  23774-3 0  9998,2 25415  44.9966 295.1601 0004087 285.0671 218.2481 14.32139051907033
1 25415U 98046C   15356.32185774  .00000579  00000-0  26484-3 0  9999,2 25415  44.9965 289.9209 0004041 289.7153 210.4458 14.32141176907199
1 25415U 98046C   15356.86391571 +.00000597 +00000-0 +27169-3 0  9993,2 25415 044.9964 287.3750 0004025 291.8600 125.6946 14.32142156907080
1 25415U 98046C   15358.20665815  .00000548  00000-0  25341-3 0  9994,2 25415  44.9962 281.0685 0003951 297.5668 209.4709 14.32144013907464
1 25415U 98046C   15359.25690280  .00000574  00000-0  26297-3 0  9994,2 25415  44.9960 276.1358 0003891 302.0413 224.9965 14.32145985907619
1 25415U 98046C   15359.86190787 +.00000513 +00000-0 +24067-3 0  9994,2 25415 044.9960 273.2942 0003857 304.6127 104.6781 14.32146672907511
1 25415U 98046C   15360.76474881  .00000442  00000-0  21439-3 0  9996,2 25415  44.9959 269.0537 0003800 308.4178  80.1720 14.32147700907837
1 25415U 98046C   15360.90831780 +.00000426 +00000-0 +20851-3 0  9996,2 25415 044.9959 268.3794 0003786 309.0717 100.4361 14.32147829907663
1 25415U 98046C   15361.81464866  .00000400  00000-0  19883-3 0  9999,2 25415  44.9958 264.1225 0003721 313.0143  93.8066 14.32148907907982
1 25415U 98046C   15361.88380501 +.00000353 +00000-0 +18161-3 0  9994,2 25415 044.9958 263.7977 0003715 313.3203 090.3962 14.32148717907801
1 25415U 98046C   15363.16123793  .00000294  00000-0  15996-3 0  9992,2 25415  44.9957 257.7980 0003626 318.9350 197.2481 14.32149680908176
1 25415U 98046C   15364.19637574  .00000270  00000-0  15094-3 0  9996,2 25415  44.9955 252.9362 0003547 323.5216 134.7160 14.32150459908323
1 25415U 98046C   15364.88590627 +.00000236 +00000-0 +13860-3 0  9990,2 25415 044.9954 249.6976 0003489 326.6443 090.0674 14.32150834908238
1 25415U 98046C   15365.80326578  .00000288  00000-0  15754-3 0  9996,2 25415  44.9952 245.3890 0003413 330.8758 140.0740 14.32151845908555
1 25415U 98046C   15365.86212397 +.00000283 +00000-0 +15574-3 0  9990,2 25415 044.9952 245.1125 0003406 331.1429 083.5580 14.32151878908374
1 25415U 98046C   16001.83834664  .00000252  00000-0  14439-3 0  9997,2 25415  44.9950 240.5273 0003316 335.7069  77.0128 14.32152579908707
1 25415U 98046C   16001.91174556 +.00000218 +00000-0 +13192-3 0  9990,2 25415 044.9950 240.1826 0003310 336.0539 095.4575 14.32152459908524
1 25415U 98046C   16003.11008262  .00000208  00000-0  12821-3 0  9991,2 25415  44.9947 234.5542 0003201 341.9035 153.9022 14.32153482908880
1 25415U 98046C   16003.86408106 +.00000231 +00000-0 +13662-3 0  9994,2 25415 044.9946 231.0126 0003129 345.4523 081.5382 14.32154282908805
1 25415U 98046C   16004.84027580  .00000207  00000-0  12783-3 0  9992,2 25415  44.9945 226.4274 0003041 350.1793  74.6933 14.32154956909131
1 25415U 98046C   16004.91293828 +.00000207 +00000-0 +12779-3 0  9995,2 25415 044.9945 226.0861 0003035 350.5552 089.3093 14.32155011908951
1 25415U 98046C   16006.11126513  .00000193  00000-0  12289-3 0  9995,2 25415  44.9944 220.4576 0002927 356.6135 147.5012 14.32155825909316
1 25415U 98046C   16006.94681855 +.00000220 +00000-0 +13272-3 0  9995,2 25415 044.9944 216.5329 0002845 000.8564 135.3330 14.32156566909244
1 25415U 98046C   16007.76885001  .00000238  00000-0  13916-3 0  9999,2 25415  44.9944 212.6718 0002765   5.1420  53.3409 14.32157253909557
1 25415U 98046C   16007.92320221 +.00000251 +00000-0 +14405-3 0  9994,2 25415 044.9944 211.9468 0002746 006.0136 129.0416 14.32157420909380
1 25415U 98046C   16008.81868663  .00000246  00000-0  14209-3 0  9996,2 25415  44.9944 207.7407 0002660  10.8630  65.5598 14.32158020909701
1 25415U 98046C   16008.97329041 +.00000248 +00000-0 +14304-3 0  9993,2 25415 044.9944 207.0145 0002638 011.7945 142.4994 14.32158150909537
1 25415U 98046C   16010.01602390  .00000237  00000-0  13882-3 0  9990,2 25415  44.9943 202.1168 0002543  17.6275 117.9533 14.32158933909875
1 25415U 98046C   16011.53107293  .00000228  00000-0  13565-3 0  9998,2 25415  44.9943 195.0005 0002406  26.2729   8.1027 14.32160213910092
1 25415U 98046C   16011.90114671 +.00000227 +00000-0 +13543-3 0  9992,2 25415 044.9943 193.2623 0002373 028.6255 115.6112 14.32160570909959
1 25415U 98046C   16012.88103262  .00000289  00000-0  15826-3 0  9998,2 25415  44.9943 188.6597 0002296  34.4616 126.7303 14.32161820910289
1 25415U 98046C   16012.95126398 +.00000262 +00000-0 +14814-3 0  9998,2 25415 044.9943 188.3298 0002292 034.8811 128.7577 14.32161721910107
1 25415U 98046C   16013.92723464  .00000272  00000-0  15186-3 0  9997,2 25415  44.9943 183.7456 0002204  40.9095 119.4820 14.32162660910434
1 25415U 98046C   16015.50925382  .00000284  00000-0  15634-3 0  9997,2 25415  44.9945 176.3146 0002075  50.9319 353.8902 14.32164023910661
1 25415U 98046C   16015.57851686 +.00000282 +00000-0 +15555-3 0  9999,2 25415 044.9945 175.9893 0002071 051.4355 350.8369 14.32164058910489
1 25415U 98046C   16015.88050862 +.00000289 +00000-0 +15800-3 0  9990,2 25415 044.9945 174.5708 0002061 053.4163 107.3657 14.32164322910521
1 25415U 98046C   16016.85560352  .00000329  00000-0  17270-3 0  9996,2 25415  44.9947 169.9908 0001993  59.9188  93.1043 14.32165286910851
1 25415U 98046C   16016.92295619 +.00000306 +00000-0 +16431-3 0  9998,2 25415 044.9947 169.6744 0001991 060.3935 080.2213 14.32165219910672
1 25415U 98046C   16017.89888932  .00000306  00000-0  16415-3 0  9993,2 25415  44.9948 165.0905 0001941  67.1776  70.0079 14.32166022911003
1 25415U 98046C   16019.48211815  .00000346  00000-0  17903-3 0  9997,2 25415  44.9951 157.6540 0001853  78.7739 309.1068 14.32167778911236
1 25415U 98046C   16019.92489186 +.00000306 +00000-0 +16415-3 0  9997,2 25415 044.9951 155.5743 0001842 081.9362 071.0034 14.32167997911101
1 25415U 98046C   16020.83427794  .00000323  00000-0  17059-3 0  9990,2 25415  44.9952 151.3030 0001811  88.7506  77.3348 14.32169006911421
1 25415U 98046C   16020.90096473 +.00000378 +00000-0 +19095-3 0  9996,2 25415 044.9952 150.9898 0001807 089.2178 061.0253 14.32169447911248
1 25415U 98046C   16021.87761120  .00000309  00000-0  16549-3 0  9996,2 25415  44.9953 146.4024 0001786  96.6808  53.8282 14.32170079911578
1 25415U 98046C   16023.54358633  .00000272  00000-0  15174-3 0  9995,2 25415  44.9954 138.5773 0001779 109.6426 358.6183 14.32171434911814
1 25415U 98046C   16023.69037131 +.00000278 +00000-0 +15409-3 0  9995,2 25415 044.9954 137.8878 0001782 110.5466 035.2412 14.32171582911649
1 25415U 98046C   16024.80576398  .00000255  00000-0  14570-3 0  9995,2 25415  44.9955 132.6488 0001783 119.0400  23.0619 14.32172310911995
1 25415U 98046C   16026.11782588  .00000201  00000-0  12558-3 0  9996,2 25415  44.9956 126.4860 0001802 128.7013 304.6883 14.32172938912189
1 25415U 98046C   16027.16480116  .00000192  00000-0  12243-3 0  9994,2 25415  44.9957 121.5683 0001837 136.3248 300.2967 14.32173597912336
1 25415U 98046C   16028.35675988  .00000140  00000-0  10318-3 0  9993,2 25415  44.9958 115.9697 0001889 144.8342 323.2524 14.32174097912504
1 25415U 98046C   16028.71723119 +.00000134 +00000-0 +10082-3 0  9994,2 25415 044.9958 114.2766 0001899 147.2976 021.1112 14.32174299912369
1 25415U 98046C   16029.69342584  .00000105  00000-0  90180-4 0  9991,2 25415  44.9959 109.6915 0001950 153.6672  12.6928 14.32174742912695
1 25415U 98046C   16030.73700703  .00000103  00000-0  89457-4 0  9992,2 25415  44.9960 104.7899 0002021 159.8844 352.1984 14.32175392912846
1 25415U 98046C   16032.17867648  .00000186  00000-0  12026-3 0  9992,2 25415  44.9961  98.0185 0002079 169.0093 223.2600 14.32176830913057
1 25415U 98046C   16033.22733779  .00000270  00000-0  15105-3 0  9991,2 25415  44.9960  93.0928 0002135 174.9207 229.2998 14.32178146913206
1 25415U 98046C   16034.57410773  .00000387  00000-0  19395-3 0  9990,2 25415  44.9961  86.7667 0002286 177.8836 336.8743 14.32216077913392
1 25415U 98046C   16035.59049162  .00001048  00000-0  38498-3 0  9993,2 25415  44.9956  81.9814 0002326 184.0304 176.1003 14.32188167913541
1 25415U 98046C   16035.61696696  .00000137  00000-0  10209-3 0  9994,2 25415  44.9960  81.8680 0002337 183.5089 313.3977 14.32216052913542
1 25415U 98046C   16037.13196456  .00000364  00000-0  18545-3 0  9995,2 25415  44.9960  74.7512 0002406 191.7580 203.9925 14.32217974913766
1 25415U 98046C   16038.55232175  .00000363  00000-0  18522-3 0  9995,2 25415  44.9961  68.0793 0002485 198.4153 327.7505 14.32219587913964
1 25415U 98046C   16040.13359825  .00000359  00000-0  18364-3 0  9993,2 25415  44.9963  60.6513 0002572 205.8588 201.2321 14.32221382914190
1 25415U 98046C   16041.17916071  .00000412  00000-0  20307-3 0  9990,2 25415  44.9964  55.7399 0002623 210.4924 192.7234 14.32222841914346
1 25415U 98046C   16042.45628488  .00000432  00000-0  21049-3 0  9990,2 25415  44.9964  49.7407 0002684 215.9346 298.4968 14.32224316914521
1 25415U 98046C   16043.49978498  .00000473  00000-0  22552-3 0  9999,2 25415  44.9964  44.8389 0002728 220.2931 279.6305 14.32225735914672
1 25415U 98046C   16043.96544078 +.00000452 +00000-0 +21767-3 0  9998,2 25415 044.9964 042.6514 0002752 222.2527 160.9163 14.32226143914553
1 25415U 98046C   16045.09801770  .00000492  00000-0  23261-3 0  9994,2 25415  44.9965  37.3311 0002789 226.7203 241.6736 14.32227780914900
1 25415U 98046C   16046.36239096  .00000436  00000-0  21194-3 0  9992,2 25415  44.9966  31.3917 0002812 231.7118 282.1135 14.32229091915085
1 25415U 98046C   16047.41095528  .00000495  00000-0  23342-3 0  9991,2 25415  44.9968  26.4662 0002838 235.7746 289.6975 14.32230777915232
1 25415U 98046C   16047.94315433 +.00000557 +00000-0 +25645-3 0  9996,2 25415 044.9969 023.9661 0002852 237.8612 154.2974 14.32231928915128
1 25415U 98046C   16048.78759238  .00000512  00000-0  23972-3 0  9996,2 25415  44.9970  19.9996 0002850 241.2314 189.0830 14.32232801915434
1 25415U 98046C   16049.36554970  .00000544  00000-0  25164-3 0  9997,2 25415  44.9968  17.2852 0002791 242.9568 290.2421 14.32243856915518
1 25415U 98046C   16050.81247935  .00000533  00000-0  24756-3 0  9993,2 25415  44.9972  10.4879 0002909 247.7927 193.0948 14.32245360915729
1 25415U 98046C   16050.88557427 +.00000536 +00000-0 +24844-3 0  9991,2 25415 044.9972 010.1446 0002903 248.0521 210.0832 14.32245474915542
1 25415U 98046C   16051.84874775  .00000387  00000-0  19379-3 0  9997,2 25415  44.9972   5.6201 0002917 251.5480 137.5861 14.32246259915871
1 25415U 98046C   16051.92104062 +.00000346 +00000-0 +17883-3 0  9994,2 25415 044.9972 005.2805 0002917 251.7468 150.4957 14.32246160915696
1 25415U 98046C   16053.19395918  .00000267  00000-0  14956-3 0  9997,2 25415  44.9972 359.3010 0002917 256.1034 235.7570 14.32247147916061
1 25415U 98046C   16054.31046590  .00000237  00000-0  13883-3 0  9996,2 25415  44.9971 354.0563 0002915 260.0773 234.1524 14.32248024916222
1 25415U 98046C   16054.86173806 +.00000213 +00000-0 +12975-3 0  9992,2 25415 044.9971 351.4667 0002908 261.9891 197.3953 14.32248328916112
1 25415U 98046C   16055.83793810  .00000180  00000-0  11772-3 0  9990,2 25415  44.9971 346.8810 0002895 265.4083 192.2158 14.32248902916442
1 25415U 98046C   16055.91047803 +.00000165 +00000-0 +11206-3 0  9998,2 25415 044.9971 346.5403 0002893 265.6160 206.3925 14.32248905916265
1 25415U 98046C   16057.17154192  .00000156  00000-0  10902-3 0  9990,2 25415  44.9971 340.6166 0002861 270.1046 230.3503 14.32249761916636
1 25415U 98046C   16058.22134450  .00000216  00000-0  13094-3 0  9994,2 25415  44.9971 335.6852 0002820 273.9571 244.6139 14.32250901916788
1 25415U 98046C   16058.91179134 +.00000258 +00000-0 +14627-3 0  9997,2 25415 044.9971 332.4418 0002821 276.2324 205.7927 14.32251672916693
1 25415U 98046C   16059.80348689  .00000342  00000-0  17708-3 0  9996,2 25415  44.9971 328.2531 0002783 279.2297 124.9130 14.32252809917019
1 25415U 98046C   16059.88807231 +.00000295 +00000-0 +15982-3 0  9996,2 25415 044.9971 327.8558 0002779 279.6346 201.0610 14.32252654916834
1 25415U 98046C   16060.86399616  .00000347  00000-0  17895-3 0  9992,2 25415  44.9969 323.2715 0002745 282.8396 194.6869 14.32253769917168
1 25415U 98046C   16062.12754560  .00000357  00000-0  18259-3 0  9992,2 25415  44.9966 317.3359 0002689 286.9242 231.9007 14.32255039917346
1 25415U 98046C   16062.81514619 +.00000370 +00000-0 +18770-3 0  9990,2 25415 044.9965 314.1057 0002666 289.0909 178.5075 14.32255771917258
1 25415U 98046C   16063.79103403  .00000348  00000-0  17949-3 0  9995,2 25415  44.9963 309.5214 0002615 292.3095 171.9446 14.32256666917585
1 25415U 98046C   16063.84936411 +.00000345 +00000-0 +17823-3 0  9992,2 25415 044.9963 309.2474 0002607 292.5125 112.7890 14.32256704917407
1 25415U 98046C   16064.82381594  .00000352  00000-0  18080-3 0  9991,2 25415  44.9961 304.6698 0002537 295.8807  98.6677 14.32257702917737
1 25415U 98046C   16066.17201787  .00000317  00000-0  16812-3 0  9998,2 25415  44.9959 298.3362 0002457 300.1601 212.6035 14.32258787917925
1 25415U 98046C   16067.48079277  .00000427  00000-0  20856-3 0  9995,2 25415  44.9958 292.1879 0002380 304.3650 123.1351 14.32260701918112
1 25415U 98046C   16067.77033456 +.00000411 +00000-0 +20274-3 0  9993,2 25415 044.9958 290.8276 0002357 305.2642 176.5943 14.32260871917962
1 25415U 98046C   16068.52953944  .00000409  00000-0  20179-3 0  9991,2 25415  44.9957 287.2611 0002304 307.8545 132.3511 14.32261636918261
1 25415U 98046C   16068.74658534 +.00000398 +00000-0 +19785-3 0  9990,2 25415 044.9956 286.2414 0002287 308.5609 171.8443 14.32261779918102
1 25415U 98046C   16069.72213769  .00000396  00000-0  19724-3 0  9997,2 25415  44.9955 281.6585 0002224 311.8894 163.4614 14.32262762918439
1 25415U 98046C   16071.05130579  .00000377  00000-0  18999-3 0  9995,2 25415  44.9953 275.4144 0002103 316.0227 179.3357 14.32264179918627
1 25415U 98046C   16072.36170868  .00000413  00000-0  20336-3 0  9994,2 25415  44.9952 269.2583 0001987 319.3037  99.2213 14.32266044918813
1 25415U 98046C   16072.92947134 +.00000363 +00000-0 +18493-3 0  9999,2 25415 044.9951 266.5910 0001932 320.6151 148.2111 14.32266437918704
1 25415U 98046C   16073.83096464  .00000354  00000-0  18164-3 0  9996,2 25415  44.9950 262.3559 0001861 323.3420 118.2174 14.32267424919025
1 25415U 98046C   16073.90543884 +.00000354 +00000-0 +18180-3 0  9995,2 25415 044.9950 262.0061 0001857 323.6681 142.2632 14.32267507918844
1 25415U 98046C   16074.95596039  .00000361  00000-0  18410-3 0  9995,2 25415  44.9950 257.0707 0001776 327.0812 160.7425 14.32268625919184
1 25415U 98046C   16076.47071141  .00000468  00000-0  22339-3 0  9999,2 25415  44.9950 249.9544 0001657 331.2287  54.4515 14.32270778919400
1 25415U 98046C   16076.90824161 +.00000398 +00000-0 +19787-3 0  9990,2 25415 044.9950 247.8990 0001623 332.9529 150.8862 14.32270772919277
1 25415U 98046C   16077.80998317  .00000408  00000-0  20152-3 0  9995,2 25415  44.9951 243.6626 0001558 336.1043 121.7619 14.32271667919598
1 25415U 98046C   16077.88333181 +.00000378 +00000-0 +19035-3 0  9999,2 25415 044.9951 243.3181 0001552 336.4093 140.0208 14.32271586919412
1 25415U 98046C   16078.93355807  .00000367  00000-0  18657-3 0  9992,2 25415  44.9952 238.3843 0001465 339.8505 156.9638 14.32272580919755
1 25415U 98046C   16080.53204395  .00000321  00000-0  16938-3 0  9996,2 25415  44.9952 230.8747 0001315 344.4735 122.3872 14.32273991919985
1 25415U 98046C   16081.86875407 +.00000269 +00000-0 +15043-3 0  9998,2 25415 044.9953 224.5952 0001198 348.8367 177.0094 14.32275118920171
1 25415U 98046C   16083.51932324  .00000222  00000-0  13304-3 0  9991,2 25415  44.9953 216.8410 0001041 353.1388  51.5770 14.32276299920418
1 25415U 98046C   16085.48733109  .00000177  00000-0  11661-3 0  9992,2 25415  44.9953 207.5955 0000863 359.5221 122.4244 14.32277234920690
1 25415U 98046C   16086.52110081  .00000171  00000-0  11421-3 0  9994,2 25415  44.9953 202.7390 0000768   3.4159  53.9988 14.32277704920841
1 25415U 98046C   16086.81609525 +.00000173 +00000-0 +11524-3 0  9998,2 25415 044.9953 201.3532 0000754 003.9613 135.9722 14.32277870920693
1 25415U 98046C   16087.79193619  .00000155  00000-0  10851-3 0  9990,2 25415  44.9953 196.7689 0000676   8.1389 128.2845 14.32278268921024
1 25415U 98046C   16089.10261971  .00000132  00000-0  10014-3 0  9990,2 25415  44.9954 190.6116 0000562  13.0557  48.0444 14.32278949921210
1 25415U 98046C   16090.49891617  .00000143  00000-0  10419-3 0  9991,2 25415  44.9955 184.0523 0000438  20.0940  47.5526 14.32280032921419
1 25415U 98046C   16090.57163661 +.00000150 +00000-0 +10664-3 0  9991,2 25415 044.9955 183.7107 0000435 021.7749 061.1958 14.32280132921237
1 25415U 98046C   16091.54770690  .00000195  00000-0  12316-3 0  9990,2 25415  44.9954 179.1253 0000356  29.6485  51.0078 14.32281196921561
1 25415U 98046C   16092.67270645  .00000271  00000-0  15095-3 0  9992,2 25415  44.9954 173.8403 0000270  39.0696  87.9287 14.32282562921729
1 25415U 98046C   16094.18752773  .00000346  00000-0  17870-3 0  9993,2 25415  44.9952 166.7239 0000168  55.0281 330.2651 14.32284317921942
1 25415U 98046C   16095.37944161  .00000369  00000-0  18696-3 0  9991,2 25415  44.9951 161.1244 0000123  92.3018 324.7019 14.32285474922110
1 25415U 98046C   16096.50251286  .00000350  00000-0  18022-3 0  9999,2 25415  44.9950 155.8482 0000130 134.3184 319.0889 14.32286354922279
1 25415U 98046C   16096.98576015 +.00000335 +00000-0 +17474-3 0  9994,2 25415 044.9950 153.5779 0000142 148.2932 279.2552 14.32286726922155
1 25415U 98046C   16097.62644874  .00000309  00000-0  16494-3 0  9997,2 25415  44.9950 150.5680 0000181 160.2650 334.0127 14.32287164922433
1 25415U 98046C   16099.14126183  .00000262  00000-0  14768-3 0  9994,2 25415  44.9950 143.4514 0000272 180.2819 212.2723 14.32288342922652
1 25415U 98046C   16100.19062984  .00000225  00000-0  13424-3 0  9997,2 25415  44.9951 138.5215 0000338 188.2288 220.3427 14.32289074922808
1 25415U 98046C   16101.45654189  .00000195  00000-0  12334-3 0  9996,2 25415  44.9951 132.5742 0000418 194.5372 267.6856 14.32289872922985
1 25415U 98046C   16102.50714428  .00000200  00000-0  12485-3 0  9990,2 25415  44.9950 127.6385 0000476 199.0047 285.6119 14.32290598923132
1 25415U 98046C   16102.91464547 +.00000213 +00000-0 +12959-3 0  9999,2 25415 044.9950 125.7241 0000501 201.2407 226.5815 14.32290927923006
1 25415U 98046C   16103.55656179  .00000253  00000-0  14438-3 0  9992,2 25415  44.9949 122.7082 0000538 202.7836 298.1141 14.32291524923287
1 25415U 98046C   16105.06928001  .00000276  00000-0  15277-3 0  9993,2 25415  44.9948 115.6012 0000622 207.2161 181.1683 14.32292652923505
1 25415U 98046C   16106.48504741  .00000247  00000-0  14234-3 0  9991,2 25415  44.9949 108.9498 0000677 210.4294 285.0627 14.32293613923704
1 25415U 98046C   16108.14155434  .00000242  00000-0  14046-3 0  9993,2 25415  44.9951 101.1674 0000752 213.9388 191.1808 14.32294970923945
1 25415U 98046C   16109.41938715  .00000253  00000-0  14455-3 0  9991,2 25415  44.9953  95.1641 0000812 216.0361 304.2898 14.32296152924126
1 25415U 98046C   16110.46326317  .00000256  00000-0  14552-3 0  9998,2 25415  44.9955  90.2600 0000862 218.0073 290.0200 14.32297026924272
1 25415U 98046C   16110.79639866 +.00000240 +00000-0 +13953-3 0  9997,2 25415 044.9956 088.6949 0000886 218.9826 208.4394 14.32297183924137
1 25415U 98046C   16112.11986196  .00000216  00000-0  13070-3 0  9999,2 25415  44.9957  82.4773 0000940 220.8956 197.2512 14.32297983924519
1 25415U 98046C   16113.16945561  .00000211  00000-0  12888-3 0  9997,2 25415  44.9958  77.5463 0000977 222.1662 213.1983 14.32298632924668
1 25415U 98046C   16114.36719544  .00000199  00000-0  12478-3 0  9990,2 25415  44.9958  71.9194 0001001 223.4949 273.7107 14.32299397924836
1 25415U 98046C   16114.77365711 +.00000172 +00000-0 +11483-3 0  9994,2 25415 044.9959 070.0098 0001019 224.3251 210.7333 14.32299510924700
1 25415U 98046C   16116.17050218  .00000153  00000-0  10756-3 0  9994,2 25415  44.9961  63.4475 0001073 225.7371 218.8009 14.32300392925099
1 25415U 98046C   16117.23134106  .00000139  00000-0  10271-3 0  9997,2 25415  44.9963  58.4637 0001106 226.8985 292.9060 14.32301015925245
1 25415U 98046C   16118.27870027  .00000158  00000-0  10964-3 0  9991,2 25415  44.9965  53.5432 0001139 228.2728 297.2287 14.32301776925392
1 25415U 98046C   16119.32113286  .00000178  00000-0  11683-3 0  9996,2 25415  44.9967  48.6460 0001183 229.6506 276.1225 14.32302482925548
1 25415U 98046C   16119.85998932 +.00000188 +00000-0 +12039-3 0  9990,2 25415 044.9967 046.1145 0001204 230.4310 176.5246 14.32302843925433
1 25415U 98046C   16120.77653692  .00000210  00000-0  12867-3 0  9999,2 25415  44.9969  41.8088 0001228 231.5253 225.9793 14.32303473925758
1 25415U 98046C   16121.81164771  .00000220  00000-0  13230-3 0  9996,2 25415  44.9969  36.9460 0001257 232.2300 167.7630 14.32304161925905
1 25415U 98046C   16123.15777367  .00000246  00000-0  14177-3 0  9995,2 25415  44.9969  30.6222 0001303 233.7633 273.9573 14.32305282926091
1 25415U 98046C   16124.20804446  .00000250  00000-0  14317-3 0  9992,2 25415  44.9969  25.6881 0001334 235.2625 293.1999 14.32306207926249
1 25415U 98046C   16125.80114046  .00000203  00000-0  12605-3 0  9995,2 25415  44.9969  18.2038 0001389 236.9387 233.9432 14.32307295926471
1 25415U 98046C   16127.13662450  .00000224  00000-0  13361-3 0  9993,2 25415  44.9968  11.9300 0001391 240.2031 283.4961 14.32308542926663
1 25415U 98046C   16128.51283418  .00000285  00000-0  15630-3 0  9997,2 25415  44.9969   5.4646 0001443 242.5881 184.1331 14.32310078926868
1 25415U 98046C   16128.80239042 +.00000301 +00000-0 +16213-3 0  9990,2 25415 044.9968 004.1042 0001449 242.3724 238.8351 14.32310464926715
1 25415U 98046C   16129.77162319  .00000370  00000-0  18721-3 0  9991,2 25415  44.9968 359.5507 0001479 244.4933 199.2153 14.32311767927040
1 25415U 98046C   16131.03985810  .00000403  00000-0  19942-3 0  9995,2 25415  44.9967 353.5925 0001526 245.0983 264.3584 14.32313336927228
1 25415U 98046C   16132.99196624  .00000324  00000-0  17033-3 0  9999,2 25415  44.9965 344.4214 0001583 247.3754 257.5182 14.32315124927506
1 25415U 98046C   16134.04195890  .00000267  00000-0  14946-3 0  9997,2 25415  44.9964 339.4884 0001614 249.0076 275.2280 14.32315878927651
1 25415U 98046C   16135.49154921  .00000259  00000-0  14669-3 0  9990,2 25415  44.9964 332.6779 0001657 250.5222 195.5099 14.32317130927864
1 25415U 98046C   16136.53011509  .00000287  00000-0  15681-3 0  9996,2 25415  44.9964 327.7984 0001723 252.0976 154.3069 14.32318072928018
1 25415U 98046C   16136.68427450 +.00000275 +00000-0 +15259-3 0  9996,2 25415 044.9964 327.0742 0001725 252.5132 229.5576 14.32318113927848
1 25415U 98046C   16137.66071800  .00000290  00000-0  15811-3 0  9990,2 25415  44.9964 322.4867 0001755 254.2241 227.5881 14.32318847928176
1 25415U 98046C   16139.53234944  .00000269  00000-0  15009-3 0  9993,2 25415  44.9963 313.6935 0001799 258.3644 163.5520 14.32320038928447
1 25415U 98046C   16139.60579255 +.00000263 +00000-0 +14814-3 0  9995,2 25415 044.9964 313.3484 0001804 258.3013 182.6791 14.32320067928265
1 25415U 98046C   16141.48001419  .00000213  00000-0  12951-3 0  9991,2 25415  44.9963 304.5432 0001865 260.8584 133.6062 14.32321353928724
1 25415U 98046C   16141.85005568 +.00000195 +00000-0 +12310-3 0  9999,2 25415 044.9963 302.8048 0001872 261.3318 243.0415 14.32321572928582
1 25415U 98046C   16142.54121914  .00000175  00000-0  11567-3 0  9991,2 25415  44.9963 299.5576 0001893 262.7482 208.9528 14.32322004928878
1 25415U 98046C   16143.59032435  .00000144  00000-0  10451-3 0  9993,2 25415  44.9962 294.6288 0001922 264.4644 222.0233 14.32322526929022
1 25415U 98046C   16143.86966779 +.00000136 +00000-0 +10147-3 0  9993,2 25415 044.9962 293.3165 0001932 264.9520 223.3219 14.32322638928875
1 25415U 98046C   16145.45773153  .00000081  00000-0  81072-4 0  9997,2 25415  44.9959 285.8553 0001891 268.5572 136.2525 14.32322945929299
1 25415U 98046C   16146.50267199  .00000071  00000-0  77737-4 0  9994,2 25415  44.9958 280.9459 0001905 270.2562 127.8476 14.32323201929448
1 25415U 98046C   16146.73060189 +.00000067 +00000-0 +76125-4 0  9994,2 25415 044.9959 279.8752 0001924 271.3550 223.1725 14.32323245929289
1 25415U 98046C   16147.55240921  .00000033  00000-0  63534-4 0  9992,2 25415  44.9960 276.0143 0001944 273.6093 142.5462 14.32323257929592
1 25415U 98046C   16148.59395634  .00000007  00000-0  54093-4 0  9990,2 25415  44.9960 271.1209 0001947 275.8613 116.0759 14.32323393929749
1 25415U 98046C   16149.73206838 -.00000033  00000-0  39447-4 0  9990,2 25415  44.9960 265.7739 0001952 278.2068 227.9178 14.32323511929900
1 25415U 98046C   16150.78215131 -.00000036  00000-0  38433-4 0  9990,2 25415  44.9959 260.8405 0001931 280.7872 245.1783 14.32323884930057
1 25415U 98046C   16152.15857470  .00000017  00000-0  57789-4 0  9994,2 25415  44.9959 254.3740 0001977 283.4398 146.7275 14.32324847930254
1 25415U 98046C   16152.73395072 +.00000072 +00000-0 +77888-4 0  9996,2 25415 044.9958 251.6709 0001986 285.2319 234.6540 14.32325490930146
1 25415U 98046C   16153.42426032  .00000114  00000-0  93498-4 0  9996,2 25415  44.9958 248.4276 0001980 286.4468 196.3712 14.32326102930439
1 25415U 98046C   16153.70998343 +.00000128 +00000-0 +98393-4 0  9990,2 25415 044.9957 247.0853 0001977 287.2262 230.3097 14.32326319930289
1 25415U 98046C   16154.67993547  .00000183  00000-0  11880-3 0  9994,2 25415  44.9955 242.5283 0001978 289.8093 193.9940 14.32327143930619
1 25415U 98046C   16156.13579752  .00000215  00000-0  13057-3 0  9999,2 25415  44.9953 235.6885 0001980 294.0373 143.9911 14.32328116930827
1 25415U 98046C   16157.54164998  .00000188  00000-0  12047-3 0  9994,2 25415  44.9951 229.0834 0001949 297.4504 196.6900 14.32328779931025
1 25415U 98046C   16157.68130294 +.00000183 +00000-0 +11874-3 0  9993,2 25415 044.9951 228.4274 0001951 298.1385 196.8014 14.32328847930858
1 25415U 98046C   16158.65812120  .00000179  00000-0  11723-3 0  9994,2 25415  44.9951 223.8381 0001935 300.7578 195.8978 14.32329518931183
1 25415U 98046C   16160.04047829  .00000133  00000-0  10017-3 0  9991,2 25415  44.9951 217.3435 0001909 304.5429 126.9649 14.32330216931388
1 25415U 98046C   16160.16614296  .00000411  00000-0  15057-3 0  9990,2 25415  44.9957 216.7437 0002026 319.9870  40.1306 14.32331074931403
1 25415U 98046C   16161.22145866  .00000097  00000-0  87184-4 0  9991,2 25415  44.9949 211.7950 0001871 307.9201  99.0630 14.32330734931552
1 25415U 98046C   16162.49497604  .00000092  00000-0  85253-4 0  9991,2 25415  44.9948 205.8117 0001831 311.7118 188.3669 14.32331354931739
1 25415U 98046C   16163.54414939  .00000100  00000-0  88169-4 0  9997,2 25415  44.9946 200.8825 0001803 314.8944 200.3588 14.32331833931881
1 25415U 98046C   16165.12662064  .00000094  00000-0  85958-4 0  9992,2 25415  44.9944 193.4475 0001749 320.1229  82.8572 14.32332390932114
1 25415U 98046C   16166.47204287  .00000095  00000-0  86315-4 0  9999,2 25415  44.9943 187.1262 0001677 324.8733 182.3386 14.32332973932305
1 25415U 98046C   16167.22997353 +.00000083 +00000-0 +81799-4 0  9994,2 25415 044.9943 183.5651 0001635 327.5548 131.6245 14.32333282932221
1 25415U 98046C   16168.12703009  .00000080  00000-0  80801-4 0  9997,2 25415  44.9943 179.3504 0001587 330.8655  78.3642 14.32333743932548
1 25415U 98046C   16169.47390795  .00000064  00000-0  74911-4 0  9997,2 25415  44.9944 173.0224 0001518 336.3875 184.5932 14.32334329932732
1 25415U 98046C   16169.87465910 +.00000059 +00000-0 +73040-4 0  9999,2 25415 044.9945 171.1395 0001496 337.7303 091.6808 14.32334496932608
1 25415U 98046C   16170.85084211  .00000070  00000-0  77341-4 0  9991,2 25415  44.9946 166.5531 0001444 341.9910  85.8761 14.32334993932934
1 25415U 98046C   16170.92351818 +.00000074 +00000-0 +78512-4 0  9994,2 25415 044.9946 166.2116 0001435 342.1712 100.8051 14.32335039932755
1 25415U 98046C   16172.17439025  .00000068  00000-0  76539-4 0  9990,2 25415  44.9946 160.3346 0001360 348.2562  70.9540 14.32335506933123
1 25415U 98046C   16173.00806907  .00000073  00000-0  78167-4 0  9995,2 25415  44.9944 156.4176 0001270 350.4811  51.7052 14.32346012933242
1 25415U 98046C   16174.13498318  .00000118  00000-0  94716-4 0  9991,2 25415  44.9945 151.1230 0001211 357.3596 101.3106 14.32346578933404
1 25415U 98046C   16175.32998581  .00000135  00000-0  10085-3 0  9995,2 25415  44.9946 145.5084 0001117   3.4059 143.1857 14.32347291933575
1 25415U 98046C   16176.38018567  .00000099  00000-0  87797-4 0  9993,2 25415  44.9947 140.5741 0001052  10.7251 156.3998 14.32347715933724
1 25415U 98046C   16176.91219765 +.00000084 +00000-0 +82447-4 0  9996,2 25415 044.9948 138.0745 0001015 014.3128 018.7557 14.32347937933619
1 25415U 98046C   16177.88803992  .00000070  00000-0  77198-4 0  9996,2 25415  44.9951 133.4895 0000946  20.1147   9.6980 14.32348372933945
1 25415U 98046C   16177.96136984 +.00000068 +00000-0 +76620-4 0  9991,2 25415 044.9951 133.1450 0000939 020.7914 027.5089 14.32348405933765
1 25415U 98046C   16179.15373689  .00000079  00000-0  80492-4 0  9993,2 25415  44.9954 127.5429 0000870  30.5097  52.1149 14.32349004934124
1 25415U 98046C   16180.21102286  .00000098  00000-0  87467-4 0  9995,2 25415  44.9956 122.5754 0000825  40.5290  99.2101 14.32349554934274
1 25415U 98046C   16180.89049832 +.00000107 +00000-0 +90798-4 0  9998,2 25415 044.9957 119.3830 0000789 046.8561 359.9538 14.32349907934185
1 25415U 98046C   16181.79229435  .00000107  00000-0  90766-4 0  9992,2 25415  44.9958 115.1461 0000763  56.7228 324.6527 14.32350287934508
1 25415U 98046C   16181.86609918 +.00000104 +00000-0 +89678-4 0  9995,2 25415 044.9958 114.7994 0000761 057.7613 344.5534 14.32350306934322
1 25415U 98046C   16183.21184418  .00000088  00000-0  83925-4 0  9999,2 25415  44.9959 108.4766 0000744  73.6688  74.6156 14.32347541934700
1 25415U 98046C   16184.25553734 -.00000040  00000-0  36927-4 0  9994,2 25415  44.9960 103.5732 0000734  83.7618  51.4718 14.32347559934857
1 25415U 98046C   16185.84311862 -.00000048  00000-0  33784-4 0  9990,2 25415  44.9961  96.1141 0000778 102.8690 306.5567 14.32347966935084
1 25415U 98046C   16185.91196084 -.00000049 +00000-0 +33461-4 0  9998,2 25415 044.9961 095.7906 0000785 103.5276 301.2225 14.32347987934900
1 25415U 98046C   16187.18984480 -.00000047  00000-0  34359-4 0  9999,2 25415  44.9963  89.7868 0000858 116.5558  43.9055 14.32348272935270
1 25415U 98046C   16187.79553353 -.00000034 +00000-0 +39193-4 0  9994,2 25415 044.9964 086.9410 0000892 122.8526 283.8305 14.32348454935170
1 25415U 98046C   16189.14169898  .00000006  00000-0  53849-4 0  9994,2 25415  44.9965  80.6164 0000994 134.2621  20.5651 14.32348902935554
1 25415U 98046C   16190.52083713  .00000048  00000-0  69172-4 0  9991,2 25415  44.9966  74.1368 0001109 145.7155 287.4457 14.32349481935750
1 25415U 98046C   16190.80759291 +.00000058 +00000-0 +72784-4 0  9997,2 25415 044.9966 072.7895 0001145 147.5000 325.7337 14.32349657935600
1 25415U 98046C   16191.84226522  .00000108  00000-0  91007-4 0  9993,2 25415  44.9966  67.9283 0001245 154.3364 259.2974 14.32350436935949
1 25415U 98046C   16191.91567118 +.00000114 +00000-0 +93169-4 0  9998,2 25415 044.9967 067.5835 0001244 154.6284 277.8860 14.32350519935764
1 25415U 98046C   16193.04746647  .00000152  00000-0  10734-3 0  9998,2 25415  44.9966  62.2661 0001349 160.6424 353.5704 14.32351483936111
1 25415U 98046C   16194.09583059  .00000173  00000-0  11507-3 0  9992,2 25415  44.9966  57.3406 0001454 166.5108 358.7774 14.32352344936261
1 25415U 98046C   16194.70107060 +.00000203 +00000-0 +12606-3 0  9999,2 25415 044.9966 054.4969 0001525 169.9262 239.2775 14.32352962936169
1 25415U 98046C   16195.67711095  .00000204  00000-0  12636-3 0  9999,2 25415  44.9966  49.9111 0001621 174.9770 232.0101 14.32353632936499
1 25415U 98046C   16196.73793477  .00000239  00000-0  13897-3 0  9999,2 25415  44.9967  44.9269 0001732 180.2667 302.1119 14.32354476936649
1 25415U 98046C   16196.95061255 +.00000230 +00000-0 +13585-3 0  9990,2 25415 044.9967 043.9277 0001752 181.1664 318.9386 14.32354545936486
1 25415U 98046C   16197.99954002  .00000166  00000-0  11250-3 0  9991,2 25415  44.9967  38.9994 0001858 185.7759 328.3203 14.32354766936824
1 25415U 98046C   16199.04308308  .00000165  00000-0  11196-3 0  9999,2 25415  44.9968  34.0965 0001958 190.5123 309.7853 14.32355254936973
1 25415U 98046C   16199.87098550 +.00000154 +00000-0 +10805-3 0  9999,2 25415 044.9968 030.2067 0002052 194.1400 259.3414 14.32355627936908
1 25415U 98046C   16200.84697027  .00000088  00000-0  83703-4 0  9997,2 25415  44.9968  25.6212 0002151 198.1450 252.8430 14.32355841937238
1 25415U 98046C   16200.92067525 +.00000084 +00000-0 +82139-4 0  9998,2 25415 044.9968 025.2749 0002158 198.4287 272.9846 14.32355861937053
1 25415U 98046C   16201.97764006  .00000057  00000-0  72238-4 0  9991,2 25415  44.9968  20.3090 0002276 202.5528 324.3438 14.32356319937399
1 25415U 98046C   16203.48562310  .00000036  00000-0  64770-4 0  9992,2 25415  44.9969  13.2239 0002448 208.6496 181.6470 14.32357036937610
1 25415U 98046C   16203.92947890 +.00000031 +00000-0 +62856-4 0  9999,2 25415 044.9969 011.1385 0002478 210.3159 310.9261 14.32357179937486
1 25415U 98046C   16204.75098480  .00000021  00000-0  59018-4 0  9998,2 25415  44.9969   7.2786 0002552 213.6094 227.8060 14.32357393937799
1 25415U 98046C   16204.89925009 +.00000020 +00000-0 +58630-4 0  9997,2 25415 044.9969 006.5820 0002564 214.1685 272.5131 14.32357440937626
1 25415U 98046C   16205.88140912  .00000026  00000-0  60963-4 0  9997,2 25415  44.9969   1.9675 0002631 218.1404 297.9213 14.32357742937954
1 25415U 98046C   16206.92481564  .00000018  00000-0  58204-4 0  9990,2 25415  44.9969 357.0651 0002713 222.1760 279.3937 14.32357940938109
1 25415U 98046C   16208.52302742  .00000007  00000-0  53914-4 0  9999,2 25415  44.9970 349.5559 0002832 228.0844 242.6045 14.32358257938334
1 25415U 98046C   16208.87661508 -.00000004 +00000-0 +49905-4 0  9998,2 25415 044.9970 347.8947 0002862 229.4116 266.3086 14.32358282938196
1 25415U 98046C   16209.78679866 -.00000045  00000-0  35035-4 0  9999,2 25415  44.9970 343.6184 0002931 232.6442 280.9600 14.32358288938514
1 25415U 98046C   16211.50956266 -.00000092  00000-0  17641-4 0  9999,2 25415  44.9971 335.5245 0003049 239.0845 166.5128 14.32358453938767
1 25415U 98046C   16211.80492705 -.00000102 +00000-0 +13939-4 0  9993,2 25415 044.9971 334.1368 0003073 240.1430 249.9682 14.32358437938615
1 25415U 98046C   16212.78112499 -.00000115  00000-0  92032-5 0  9996,2 25415  44.9971 329.5504 0003136 243.7401 244.9865 14.32358487938941
1 25415U 98046C   16214.16419367 -.00000085  00000-0  20441-4 0  9994,2 25415  44.9970 323.0523 0003226 248.8959 178.4982 14.32358755939146
1 25415U 98046C   16215.48758265 -.00000012  00000-0  47178-4 0  9999,2 25415  44.9968 316.8345 0003284 253.5630 164.4674 14.32359366939331
1 25415U 98046C   16215.78275855 -.00000008 +00000-0 +48605-4 0  9992,2 25415 044.9968 315.4476 0003299 254.8818 246.6940 14.32360310939182
1 25415U 98046C   16216.75832745  .00000278  00000-0  15330-3 0  9993,2 25415  44.9967 310.8641 0003320 258.5322 238.4201 14.32360954939510
1 25415U 98046C   16218.48915609  .00000152  00000-0  10730-3 0  9996,2 25415  44.9965 302.7320 0003384 264.7547 165.8345 14.32361742939765
1 25415U 98046C   16218.71090193 +.00000146 +00000-0 +10501-3 0  9993,2 25415 044.9965 301.6902 0003395 265.7023 229.4240 14.32361855939600
1 25415U 98046C   16219.68769486  .00000134  00000-0  10042-3 0  9995,2 25415  44.9964 297.1009 0003423 269.2980 227.5284 14.32362414939934
1 25415U 98046C   16221.49058226  .00000122  00000-0  96278-4 0  9993,2 25415  44.9962 288.6302 0003471 275.8548 166.5499 14.32363492940196
1 25415U 98046C   16222.54802247  .00000136  00000-0  10127-3 0  9993,2 25415  44.9960 283.6620 0003485 279.8195 220.5506 14.32364122940347
1 25415U 98046C   16222.62209446 +.00000136 +00000-0 +10132-3 0  9990,2 25415 044.9960 283.3139 0003486 280.1178 242.5741 14.32364158940160
1 25415U 98046C   16224.20298672  .00000165  00000-0  11208-3 0  9992,2 25415  44.9957 275.8862 0003500 286.0286 116.4249 14.32365051940588
1 25415U 98046C   16224.57298881 +.00000155 +00000-0 +10813-3 0  9994,2 25415 044.9956 274.1477 0003491 287.3979 224.8183 14.32365129940445
1 25415U 98046C   16225.54899265 +.00000164 +00000-0 +11174-3 0  9996,2 25415 044.9954 269.5620 0003479 291.1497 218.7047 14.32365625940773
1 25415U 98046C   16226.59228067 +.00000147 +00000-0 +10523-3 0  9996,2 25415 044.9952 264.6600 0003469 295.1958 199.5854 14.32366045940926
1 25415U 98046C   16227.50128218 +.00000125 +00000-0 +97307-4 0  9997,2 25415 044.9951 260.3889 0003450 298.7330 207.8576 14.32366428940862
1 25415U 98046C   16228.18483631  .00000096  00000-0  86843-4 0  9995,2 25415  44.9951 257.1772 0003439 301.4139 133.3407 14.32366658941157
1 25415U 98046C   16229.52799853  .00000067  00000-0  75925-4 0  9997,2 25415  44.9951 250.8663 0003406 307.0683 220.4180 14.32367163941345
1 25415U 98046C   16229.92787463 +.00000067 +00000-0 +76207-4 0  9999,2 25415 044.9951 248.9875 0003402 308.7022 122.7452 14.32367354941213
1 25415U 98046C   16231.10852584  .00000057  00000-0  72377-4 0  9992,2 25415  44.9950 243.4400 0003358 313.5847  91.7971 14.32367788941576
1 25415U 98046C   16232.16257131  .00000065  00000-0  75242-4 0  9999,2 25415  44.9949 238.4874 0003305 317.8994 127.9431 14.32368240941729
1 25415U 98046C   16233.49815632  .00000079  00000-0  80578-4 0  9995,2 25415  44.9948 232.2122 0003241 323.8218 175.6511 14.32368798941919
1 25415U 98046C   16233.96423832 +.00000079 +00000-0 +80327-4 0  9996,2 25415 044.9948 230.0221 0003220 325.8060 059.3528 14.32368965941797
1 25415U 98046C   16234.80906456  .00000061  00000-0  73882-4 0  9997,2 25415  44.9947 226.0526 0003171 329.6081  96.1286 14.32369223942103
1 25415U 98046C   16236.14002380  .00000047  00000-0  68885-4 0  9990,2 25415  44.9947 219.7988 0003083 335.6635 119.8330 14.32369749942294
1 25415U 98046C   16237.18071375  .00000046  00000-0  68232-4 0  9990,2 25415  44.9948 214.9089 0003025 340.9259  86.1040 14.32370203942449
1 25415U 98046C   16238.38481367  .00000044  00000-0  67707-4 0  9993,2 25415  44.9949 209.2513 0002957 347.1097 174.8980 14.32370711942612
1 25415U 98046C   16238.91687166 +.00000050 +00000-0 +69740-4 0  9993,2 25415 044.9950 206.7513 0002925 349.6907 038.5421 14.32370958942505
1 25415U 98046C   16240.19098568  .00000063  00000-0  74725-4 0  9991,2 25415  44.9952 200.7648 0002829 356.0975 128.4957 14.32371547942878
1 25415U 98046C   16241.37980897  .00000094  00000-0  85869-4 0  9992,2 25415  44.9952 195.1790 0002753   2.6566 138.0695 14.32372155943041
1 25415U 98046C   16241.91969720 +.00000096 +00000-0 +86863-4 0  9991,2 25415 044.9953 192.6423 0002714 005.6205 041.7496 14.32372398942932
1 25415U 98046C   16243.19163567  .00000119  00000-0  95185-4 0  9991,2 25415  44.9953 186.6662 0002631  13.0877 119.4202 14.32373111943300
1 25415U 98046C   16244.30815661  .00000102  00000-0  88713-4 0  9995,2 25415  44.9953 181.4202 0002567  19.8136 115.6426 14.32373540943462
1 25415U 98046C   16244.84649080 +.00000093 +00000-0 +85561-4 0  9991,2 25415 044.9953 178.8908 0002536 023.1058 010.9753 14.32373747943359
1 25415U 98046C   16245.82351905  .00000114  00000-0  93407-4 0  9998,2 25415  44.9954 174.3001 0002484  29.3271   7.7112 14.32374397943683
1 25415U 98046C   16247.31078990  .00000150  00000-0  10650-3 0  9992,2 25415  44.9955 167.3121 0002402  38.8752 114.7541 14.32375380943899
1 25415U 98046C   16247.91753551 +.00000151 +00000-0 +10684-3 0  9999,2 25415 044.9956 164.4612 0002370 042.9626 002.4027 14.32375694943792
1 25415U 98046C   16248.82424036  .00000159  00000-0  10978-3 0  9997,2 25415  44.9956 160.2010 0002326  48.9650 356.3862 14.32376159944114
1 25415U 98046C   16248.89318571 +.00000155 +00000-0 +10849-3 0  9993,2 25415 044.9956 159.8771 0002325 049.5259 351.6889 14.32376175943937
1 25415U 98046C   16250.17018912  .00000166  00000-0  11249-3 0  9990,2 25415  44.9957 153.8771 0002286  58.3046  94.2078 14.32376899944305
1 25415U 98046C   16250.86006918 +.00000165 +00000-0 +11199-3 0  9992,2 25415 044.9957 150.6357 0002260 063.4295 049.9252 14.32377323944219
1 25415U 98046C   16251.83588720  .00000187  00000-0  12002-3 0  9994,2 25415  44.9957 146.0508 0002248  70.5074  39.5731 14.32378210944545
1 25415U 98046C   16253.09127894  .00000218  00000-0  13145-3 0  9999,2 25415  44.9956 140.1524 0002266  79.8924  29.9493 14.32379445944722
1 25415U 98046C   16254.14823980  .00000244  00000-0  14076-3 0  9998,2 25415  44.9955 135.1862 0002279  87.3901  78.0062 14.32380521944873
1 25415U 98046C   16254.89616723 +.00000218 +00000-0 +13145-3 0  9992,2 25415 044.9954 131.6720 0002293 093.0414 332.8197 14.32380999944795
1 25415U 98046C   16255.79870779  .00000224  00000-0  13371-3 0  9993,2 25415  44.9954 127.4312 0002308  99.3780 304.9933 14.32381731945117
1 25415U 98046C   16255.87217794 +.00000228 +00000-0 +13499-3 0  9999,2 25415 044.9954 127.0860 0002310 099.8997 323.6918 14.32381811944938
1 25415U 98046C   16256.99531424  .00000238  00000-0  13865-3 0  9990,2 25415  44.9954 121.8087 0002353 108.0204 352.7008 14.32382635945289
1 25415U 98046C   16258.45341491  .00000218  00000-0  13155-3 0  9996,2 25415  44.9954 114.9574 0002421 118.2423 308.5494 14.32383403945490
1 25415U 98046C   16258.95453692 +.00000223 +00000-0 +13323-3 0  9991,2 25415 044.9953 112.6028 0002458 121.6622 011.7007 14.32383719945377
1 25415U 98046C   16259.71787766  .00000231  00000-0  13597-3 0  9990,2 25415  44.9954 109.0160 0002514 126.9580 346.4360 14.32384287945673
1 25415U 98046C   16259.93070848 +.00000229 +00000-0 +13550-3 0  9996,2 25415 044.9954 108.0160 0002532 128.3156 003.6181 14.32384417945518
1 25415U 98046C   16261.04712499  .00000216  00000-0  13050-3 0  9997,2 25415  44.9954 102.7702 0002627 135.5816 358.8090 14.32385179945867
1 25415U 98046C   16261.95586785 +.00000188 +00000-0 +12034-3 0  9993,2 25415 044.9955 098.5003 0002706 141.4155 003.5125 14.32385707945808
1 25415U 98046C   16262.77781696  .00000166  00000-0  11220-3 0  9994,2 25415  44.9955  94.6381 0002791 146.7165 280.7591 14.32386219946117
1 25415U 98046C   16262.93613058 +.00000165 +00000-0 +11202-3 0  9997,2 25415 044.9955 093.8942 0002801 147.5839 017.0386 14.32386329945945
1 25415U 98046C   16263.98179477  .00000192  00000-0  12173-3 0  9993,2 25415  44.9956  88.9809 0002894 153.8073   8.0864 14.32387234946280
1 25415U 98046C   16265.56371383  .00000200  00000-0  12482-3 0  9992,2 25415  44.9957  81.5476 0003052 163.1213 243.9666 14.32388317946516
1 25415U 98046C   16265.93357347 +.00000189 +00000-0 +12057-3 0  9991,2 25415 044.9957 079.8098 0003076 165.0091 351.1376 14.32388459946378
1 25415U 98046C   16266.62416155  .00000334  00000-0  17396-3 0  9994,2 25415  44.9958  76.5645 0003098 168.9225 311.7810 14.32399777946668
1 25415U 98046C   16267.64699084  .00000808  00000-0  29541-3 0  9992,2 25415  44.9954  71.7607 0003294 176.4608 183.6747 14.32394275946816
1 25415U 98046C   16267.88618707  .00000189  00000-0  12085-3 0  9998,2 25415  44.9959  70.6343 0003232 175.8808 338.9180 14.32400355946849
1 25415U 98046C   16268.92867214  .00000213  00000-0  12957-3 0  9999,2 25415  44.9961  65.7359 0003321 181.3076 314.4050 14.32401063946990
1 25415U 98046C   16270.52120755  .00000168  00000-0  11314-3 0  9995,2 25415  44.9963  58.2529 0003504 189.7213 246.0626 14.32402022947228
1 25415U 98046C   16271.93063787  .00000173  00000-0  11492-3 0  9995,2 25415  44.9966  51.6304 0003636 196.6266 314.1127 14.32403004947426
1 25415U 98046C   16272.90855492 -.00000042  00000-0  35875-4 0  9993,2 25415  44.9967  47.0354 0003717 201.2304 317.1846 14.32410660947569
1 25415U 98046C   16274.49003762 -.00000027  00000-0  41637-4 0  9990,2 25415  44.9971  39.6044 0003865 208.7791 192.7112 14.32411426947792
1 25415U 98046C   16274.85828397 -.00000024 +00000-0 +42708-4 0  9996,2 25415 044.9971 037.8743 0003879 210.5216 291.7319 14.32411683947655
1 25415U 98046C   16275.76767569  .00000161  00000-0  11046-3 0  9991,2 25415  44.9971  33.6013 0003934 214.4376 301.7901 14.32412515947970
1 25415U 98046C   16275.83437929 +.00000158 +00000-0 +10934-3 0  9994,2 25415 044.9971 033.2879 0003940 214.7884 285.7409 14.32412548947790
1 25415U 98046C   16276.81012389  .00000137  00000-0  10177-3 0  9998,2 25415  44.9972  28.7032 0004013 219.1758 277.8201 14.32412946948124
1 25415U 98046C   16278.12100380  .00000114  00000-0  93076-4 0  9998,2 25415  44.9973  22.5437 0004119 225.0431 198.2789 14.32413548948314
1 25415U 98046C   16279.44254456  .00000111  00000-0  92105-4 0  9997,2 25415  44.9974  16.3342 0004220 230.7894 173.8902 14.32414353948502
