1 25414U 98046B   15001.64304719  .00000767  00000-0  33800-3 0  9991,2 25414 044.9949 154.8812 0002499 277.4974 082.5588 14.31535431856353
1 25414U 98046B   15002.82943739  .00000846  00000-0  36752-3 0  9990,2 25414 044.9950 149.3144 0002486 281.0772 078.9794 14.31536814856528
1 25414U 98046B   15004.50434001  .00000782  00000-0  34366-3 0  9992,2 25414 044.9951 141.4554 0002437 286.4529 073.6049 14.31542680856761
1 25414U 98046B   15005.83029910  .00000919  00000-0  39487-3 0  9999,2 25414 044.9952 135.2339 0002429 290.8550 069.2035 14.31545219856956
1 25414U 98046B   15007.50519081  .00000882  00000-0  38093-3 0  9999,2 25414 044.9953 127.3748 0002379 296.5335 063.5266 14.31551866857196
1 25414U 98046B   15008.76135528  .00000977  00000-0  41609-3 0  9990,2 25414 044.9954 121.4807 0002333 301.0828 058.9789 14.31554967857370
1 25414U 98046B   15010.78517159  .00000870  00000-0  37639-3 0  9999,2 25414 044.9956 111.9847 0002230 308.5132 051.5514 14.31556823857666
1 25414U 98046B   15012.46005207  .00000644  00000-0  29218-3 0  9995,2 25414 044.9956 104.1255 0002094 314.8757 045.1918 14.31560144857909
1 25414U 98046B   15013.64642385  .00000511  00000-0  24270-3 0  9996,2 25414 044.9957 098.5588 0002024 319.4260 040.6434 14.31563262858074
1 25414U 98046B   15014.69322060  .00000428  00000-0  21175-3 0  9995,2 25414 044.9957 093.6468 0001975 323.5998 036.4713 14.31565701858225
1 25414U 98046B   15016.29830459  .00000484  00000-0  23235-3 0  9990,2 25414 044.9958 086.1149 0001869 330.6161 029.4579 14.31567743858457
1 25414U 98046B   15017.76381040  .00000294  00000-0  16175-3 0  9994,2 25414 044.9956 079.2383 0001799 336.5112 023.5651 14.31571274858664
1 25414U 98046B   15019.43867067  .00000525  00000-0  24760-3 0  9994,2 25414 044.9957 071.3790 0001726 344.4243 015.6550 14.31573725858903
1 25414U 98046B   15020.62502854  .00000784  00000-0  34436-3 0  9995,2 25414 044.9960 065.8120 0001687 350.7051 009.3763 14.31576753859074
1 25414U 98046B   15021.67181407  .00000868  00000-0  37555-3 0  9996,2 25414 044.9960 060.8997 0001602 356.8397 003.2438 14.31578903859226
1 25414U 98046B   15023.13731236  .00000657  00000-0  29704-3 0  9993,2 25414 044.9961 054.0227 0001481 006.2508 353.8356 14.31582467859439
1 25414U 98046B   15024.18409466  .00000517  00000-0  24487-3 0  9994,2 25414 044.9962 049.1106 0001422 013.2208 346.8674 14.31583181859586
1 25414U 98046B   15025.37044723  .00000411  00000-0  20521-3 0  9995,2 25414 044.9964 043.5438 0001409 020.8730 339.2172 14.31584964859751
1 25414U 98046B   15026.41722622  .00000460  00000-0  22352-3 0  9990,2 25414 044.9964 038.6317 0001337 028.6483 331.4435 14.31585290859909
1 25414U 98046B   15027.46400477  .00000593  00000-0  27296-3 0  9996,2 25414 044.9965 033.7197 0001328 035.9535 324.1400 14.31586932860054
1 25414U 98046B   15028.51078247  .00000723  00000-0  32134-3 0  9991,2 25414 044.9966 028.8077 0001341 043.3193 316.7758 14.31588384860208
1 25414U 98046B   15030.46476458  .00001010  00000-0  42834-3 0  9992,2 25414 044.9967 019.6388 0001346 058.6973 301.4004 14.31594025860486
1 25414U 98046B   15032.13960072  .00001041  00000-0  43959-3 0  9991,2 25414 044.9968 011.7797 0001370 072.5468 287.5527 14.31601705860720
1 25414U 98046B   15033.18636965  .00001189  00000-0  49458-3 0  9991,2 25414 044.9968 006.8678 0001381 081.8463 278.2539 14.31607477860871
1 25414U 98046B   15034.23313091  .00001163  00000-0  48482-3 0  9998,2 25414 044.9966 001.9558 0001435 091.2630 268.8380 14.31624316861021
1 25414U 98046B   15035.90792907  .00001612  00000-0  65172-3 0  9994,2 25414 044.9965 354.0923 0001378 100.7771 259.3229 14.31629820861264
1 25414U 98046B   15037.02446037  .00001198  00000-0  49778-3 0  9992,2 25414 044.9966 348.8570 0001630 110.4817 249.6204 14.31634849861424
1 25414U 98046B   15038.28055220  .00001320  00000-0  54310-3 0  9996,2 25414 044.9965 342.9628 0001704 119.1180 240.9837 14.31637322861608
1 25414U 98046B   15039.88555400  .00001017  00000-0  43050-3 0  9990,2 25414 044.9963 335.4309 0001834 129.2479 230.8529 14.31644174861830
1 25414U 98046B   15041.14163805  .00000946  00000-0  40411-3 0  9994,2 25414 044.9960 329.5364 0001961 135.2261 224.8743 14.31649458862011
1 25414U 98046B   15042.18837153  .00000960  00000-0  40904-3 0  9996,2 25414 044.9958 324.6242 0002048 141.1593 218.9400 14.31653212862163
1 25414U 98046B   15043.23510157  .00000732  00000-0  32435-3 0  9992,2 25414 044.9956 319.7120 0002144 146.3843 213.7138 14.31655063862317
1 25414U 98046B   15049.86435348  .00000819  00000-0  35643-3 0  9995,2 25414 044.9944 288.6001 0002765 176.1759 183.9108 14.31668048863269
1 25414U 98046B   15051.05063365  .00000775  00000-0  34025-3 0  9999,2 25414 044.9943 283.0325 0002907 180.3802 179.7042 14.31670713863431
1 25414U 98046B   15052.51603583  .00000674  00000-0  30267-3 0  9995,2 25414 044.9942 276.1548 0003061 186.1572 173.9236 14.31674558863645
1 25414U 98046B   15053.84187139  .00000737  00000-0  32614-3 0  9994,2 25414 044.9941 269.9322 0003160 191.8930 168.1841 14.31675424863837
1 25414U 98046B   15055.02814441  .00000910  00000-0  39049-3 0  9991,2 25414 044.9941 264.3647 0003279 196.5281 163.5458 14.31678654864009
1 25414U 98046B   15056.91222062  .00000881  00000-0  37961-3 0  9990,2 25414 044.9943 255.5210 0003399 204.2579 155.8106 14.31681411864277
1 25414U 98046B   15057.95892777  .00000833  00000-0  36168-3 0  9996,2 25414 044.9948 250.6011 0003110 212.6002 147.4652 14.31683993864429
1 25414U 98046B   15059.56387610  .00000949  00000-0  40484-3 0  9994,2 25414 044.9948 243.0682 0003218 219.4332 140.6279 14.31687694864656
1 25414U 98046B   15060.88969979  .00001051  00000-0  44274-3 0  9991,2 25414 044.9949 236.8457 0003317 224.5578 135.5001 14.31690940864841
1 25414U 98046B   15062.49463945  .00001324  00000-0  54401-3 0  9998,2 25414 044.9950 229.3128 0003422 230.9548 129.0994 14.31696151865075
1 25414U 98046B   15063.54133673  .00001312  00000-0  53961-3 0  9994,2 25414 044.9950 224.4002 0003509 234.8100 125.2417 14.31698750865227
1 25414U 98046B   15064.86715039  .00001111  00000-0  46486-3 0  9993,2 25414 044.9952 218.1776 0003616 239.4687 120.5802 14.31701280865417
1 25414U 98046B   15066.19296028  .00001222  00000-0  50600-3 0  9999,2 25414 044.9953 211.9550 0003701 244.7781 115.2681 14.31705676865608
1 25414U 98046B   15067.44898798  .00001172  00000-0  48724-3 0  9998,2 25414 044.9952 206.0596 0003768 249.9904 110.0536 14.31708846865782
1 25414U 98046B   15068.77479202  .00001294  00000-0  53280-3 0  9998,2 25414 044.9952 199.8369 0003804 255.4094 104.6329 14.31712954865977
1 25414U 98046B   15070.44948756  .00001142  00000-0  47612-3 0  9994,2 25414 044.9953 191.9765 0003900 261.7838 098.2565 14.31716410866213
1 25414U 98046B   15071.70550586  .00001168  00000-0  48564-3 0  9999,2 25414 044.9953 186.0815 0003944 266.5436 093.4958 14.31719824866393
1 25414U 98046B   15073.10107928  .00000987  00000-0  41847-3 0  9998,2 25414 044.9954 179.5313 0003999 271.8623 088.1764 14.31722297866597
1 25414U 98046B   15074.49664996  .00000885  00000-0  38060-3 0  9994,2 25414 044.9954 172.9812 0004015 277.0229 083.0160 14.31724997866793
1 25414U 98046B   15076.10155377  .00000726  00000-0  32176-3 0  9998,2 25414 044.9953 165.4485 0004017 283.1127 076.9270 14.31727376867026
1 25414U 98046B   15077.21800406  .00001134  00000-0  47307-3 0  9997,2 25414 044.9952 160.2082 0004015 287.4869 072.5537 14.31732424867184
1 25414U 98046B   15078.40423107  .00001139  00000-0  47504-3 0  9992,2 25414 044.9951 154.6403 0003967 291.7904 068.2519 14.31735311867359
1 25414U 98046B   15080.21845820  .00000904  00000-0  38758-3 0  9994,2 25414 044.9951 146.1247 0003935 298.7740 061.2710 14.31737926867610
1 25414U 98046B   15081.47445753  .00000877  00000-0  37766-3 0  9991,2 25414 044.9952 140.2296 0003961 304.0810 055.9660 14.31740940867791
1 25414U 98046B   15082.31178927  .00000899  00000-0  38563-3 0  9991,2 25414 044.9952 136.2990 0003959 307.6392 052.4086 14.31743006867912
1 25414U 98046B   15083.56777955  .00000883  00000-0  37974-3 0  9993,2 25414 044.9951 130.4039 0003896 312.9175 047.1343 14.31751001868090
1 25414U 98046B   15085.10287736  .00001038  00000-0  43716-3 0  9992,2 25414 044.9950 123.1983 0003852 319.4662 040.5897 14.31755027868319
1 25414U 98046B   15086.14953269  .00001155  00000-0  48064-3 0  9999,2 25414 044.9950 118.2853 0003811 323.8426 036.2161 14.31757832868460
1 25414U 98046B   15087.47529355  .00001288  00000-0  52984-3 0  9994,2 25414 044.9949 112.0622 0003753 329.6934 030.3694 14.31761356868650
1 25414U 98046B   15088.59172097  .00001366  00000-0  55898-3 0  9999,2 25414 044.9949 106.8217 0003715 334.8539 025.2125 14.31764439868813
1 25414U 98046B   15089.63836959  .00001429  00000-0  58221-3 0  9992,2 25414 044.9949 101.9087 0003678 339.8043 020.2656 14.31767417868966
1 25414U 98046B   15090.82456863  .00001382  00000-0  56481-3 0  9991,2 25414 044.9950 096.3407 0003608 345.4339 014.6402 14.31770416869134
1 25414U 98046B   15092.08054122  .00001368  00000-0  55951-3 0  9998,2 25414 044.9951 090.4450 0003547 351.7715 008.3072 14.31773880869319
1 25414U 98046B   15093.40628604  .00001323  00000-0  54262-3 0  9992,2 25414 044.9953 084.2221 0003446 358.2864 001.7969 14.31777651869506
1 25414U 98046B   15095.15068257  .00001161  00000-0  48268-3 0  9997,2 25414 044.9955 076.0338 0003324 007.2156 352.8737 14.31781673869755
1 25414U 98046B   15096.40664454  .00001148  00000-0  47797-3 0  9998,2 25414 044.9956 070.1383 0003252 013.9822 346.1113 14.31784954869934
1 25414U 98046B   15098.15103196  .00001079  00000-0  45231-3 0  9997,2 25414 044.9958 061.9498 0003147 023.9651 336.1340 14.31788957870182
1 25414U 98046B   15099.19766182  .00000980  00000-0  41544-3 0  9995,2 25414 044.9960 057.0368 0003100 030.1887 329.9137 14.31791073870331
1 25414U 98046B   15100.31406423  .00000999  00000-0  42251-3 0  9997,2 25414 044.9961 051.7963 0003034 037.0532 323.0523 14.31794167870491
1 25414U 98046B   15102.12821416  .00000991  00000-0  41958-3 0  9996,2 25414 044.9965 043.2805 0002955 048.3568 311.7531 14.31798740870754
1 25414U 98046B   15103.17483653  .00000943  00000-0  40173-3 0  9994,2 25414 044.9966 038.3676 0002921 055.1315 304.9805 14.31801096870909
1 25414U 98046B   15104.22145702  .00000968  00000-0  41096-3 0  9993,2 25414 044.9967 033.4547 0002886 061.9455 298.1682 14.31803768871055
1 25414U 98046B   15105.26807518  .00001235  00000-0  50984-3 0  9992,2 25414 044.9968 028.5418 0002867 069.0846 291.0307 14.31807809871203
1 25414U 98046B   15106.73333600  .00001349  00000-0  55209-3 0  9992,2 25414 044.9968 021.6636 0002853 078.8287 281.2879 14.31812489871419
1 25414U 98046B   15107.77994826  .00001305  00000-0  53559-3 0  9998,2 25414 044.9967 016.7507 0002878 085.6429 274.4746 14.31815250871563
1 25414U 98046B   15109.17542689  .00001473  00000-0  59780-3 0  9998,2 25414 044.9968 010.2001 0002908 095.0917 265.0261 14.31820465871767
1 25414U 98046B   15111.12908818  .00001732  00000-0  69383-3 0  9994,2 25414 044.9969 001.0291 0002974 108.2693 251.8476 14.31828594872042
1 25414U 98046B   15112.80364631  .00001846  00000-0  73580-3 0  9999,2 25414 044.9970 353.1680 0003066 119.6767 240.4384 14.31835414872285
1 25414U 98046B   15114.12933424  .00001679  00000-0  67400-3 0  9996,2 25414 044.9969 346.9450 0003152 128.0348 232.0783 14.31839035872477
1 25414U 98046B   15115.45501700  .00001560  00000-0  62997-3 0  9996,2 25414 044.9966 340.7216 0003256 136.3552 223.7551 14.31843064872668
1 25414U 98046B   15116.78069579  .00001363  00000-0  55668-3 0  9994,2 25414 044.9965 334.4983 0003337 144.1770 215.9300 14.31846635872850
1 25414U 98046B   15117.82728178  .00001214  00000-0  50150-3 0  9993,2 25414 044.9964 329.5851 0003415 150.2561 209.8479 14.31849214873004
1 25414U 98046B   15119.01340990  .00001064  00000-0  44600-3 0  9994,2 25414 044.9963 324.0167 0003549 156.9951 203.1054 14.31852144873177
1 25414U 98046B   15120.82748446  .00000982  00000-0  41572-3 0  9996,2 25414 044.9963 315.4989 0003644 166.5678 193.5297 14.31856705873439
1 25414U 98046B   15121.94383571  .00000798  00000-0  34762-3 0  9992,2 25414 044.9963 310.2595 0003869 172.8054 187.2848 14.31858163873591
1 25414U 98046B   15122.99041368  .00000800  00000-0  34804-3 0  9994,2 25414 044.9963 305.3462 0003992 178.2298 181.8562 14.31860288873747
1 25414U 98046B   15124.52539252  .00000761  00000-0  33388-3 0  9991,2 25414 044.9961 298.1400 0004155 185.9508 174.1289 14.31862848873966
1 25414U 98046B   15125.85105371  .00000768  00000-0  33626-3 0  9991,2 25414 044.9959 291.9164 0004297 192.2451 167.8291 14.31865196874159
1 25414U 98046B   15127.45579756  .00000902  00000-0  38602-3 0  9990,2 25414 044.9958 284.3825 0004459 199.9305 160.1367 14.31869024874389
1 25414U 98046B   15128.50236755  .00000947  00000-0  40237-3 0  9992,2 25414 044.9958 279.4689 0004564 204.7079 155.3549 14.31871415874534
1 25414U 98046B   15129.75824948  .00000980  00000-0  41489-3 0  9994,2 25414 044.9958 273.5729 0004649 210.3545 149.7032 14.31874260874714
1 25414U 98046B   15130.80481526  .00001052  00000-0  44146-3 0  9997,2 25414 044.9958 268.6595 0004748 215.1241 144.9292 14.31877092874863
1 25414U 98046B   15132.47931566  .00001616  00000-0  64994-3 0  9995,2 25414 044.9959 260.7980 0004877 222.8242 137.2225 14.31884386875107
1 25414U 98046B   15133.52587565  .00001506  00000-0  60929-3 0  9990,2 25414 044.9958 255.8846 0004947 227.3764 132.6665 14.31886667875256
1 25414U 98046B   15134.71197360  .00001573  00000-0  63392-3 0  9993,2 25414 044.9956 250.3164 0005013 232.6885 127.3504 14.31890633875425
1 25414U 98046B   15135.82829865  .00001331  00000-0  54426-3 0  9998,2 25414 044.9955 245.0755 0005097 237.5053 122.5300 14.31892797875585
1 25414U 98046B   15137.08416151  .00001190  00000-0  49226-3 0  9993,2 25414 044.9954 239.1794 0005192 242.9004 117.1312 14.31895894875767
1 25414U 98046B   15138.40979207  .00000940  00000-0  39965-3 0  9997,2 25414 044.9954 232.9557 0005268 248.5487 111.4797 14.31898225875952
1 25414U 98046B   15139.45634028  .00000942  00000-0  40033-3 0  9992,2 25414 044.9954 228.0423 0005323 252.9992 107.0271 14.31900987876107
1 25414U 98046B   15140.64242759  .00000731  00000-0  32227-3 0  9993,2 25414 044.9953 222.4737 0005359 257.9241 102.1005 14.31902356876274
1 25414U 98046B   15141.75874382  .00000639  00000-0  28839-3 0  9990,2 25414 044.9952 217.2326 0005400 262.5506 097.4726 14.31903865876432
1 25414U 98046B   15142.80528916  .00000503  00000-0  23802-3 0  9991,2 25414 044.9951 212.3192 0005443 266.9012 093.1211 14.31904877876587
1 25414U 98046B   15144.13091217  .00000362  00000-0  18571-3 0  9998,2 25414 044.9949 206.0954 0005485 272.4738 087.5479 14.31906061876774
1 25414U 98046B   15145.17745576  .00000298  00000-0  16211-3 0  9994,2 25414 044.9947 201.1819 0005499 276.8110 083.2110 14.31907133876928
1 25414U 98046B   15146.50307687  .00000239  00000-0  14017-3 0  9996,2 25414 044.9946 194.9581 0005501 282.4046 077.6184 14.31908373877114
1 25414U 98046B   15147.68915845  .00000271  00000-0  15197-3 0  9993,2 25414 044.9944 189.3895 0005503 287.5171 072.5073 14.31909644877286
1 25414U 98046B   15148.94500873  .00000304  00000-0  16446-3 0  9999,2 25414 044.9944 183.4930 0005498 292.9117 067.1148 14.31910854877462
1 25414U 98046B   15150.13108887  .00000299  00000-0  16229-3 0  9994,2 25414 044.9943 177.9242 0005480 297.9891 062.0400 14.31911716877632
1 25414U 98046B   15151.45670708  .00000631  00000-0  28541-3 0  9996,2 25414 044.9943 171.7002 0005436 303.8040 056.2288 14.31914448877827
1 25414U 98046B   15240.06076971  .00000411  00000-0  20380-3 0  9993,2 25414 044.9955 115.6694 0004767 042.5162 317.6053 14.31995715890524
1 25414U 98046B   15241.10724834  .00000463  00000-0  22296-3 0  9992,2 25414 044.9954 110.7554 0004707 048.8499 311.2752 14.31997273890673
1 25414U 98046B   15242.43278660  .00000405  00000-0  20132-3 0  9993,2 25414 044.9955 104.5309 0004638 056.8335 303.2955 14.31998664890866
1 25414U 98046B   15243.47926314  .00000377  00000-0  19107-3 0  9992,2 25414 044.9955 099.6169 0004598 063.3592 296.7724 14.31999886891012
1 25414U 98046B   15243.68855831 +.00000368 +00000-0 +18771-3 0  9996,2 25414 044.9955 098.6341 0004591 064.7166 295.4155 14.32000127890866
1 25414U 98046B   15244.66526866  .00000343  00000-0  17864-3 0  9993,2 25414  44.9955  94.0477 0004564  70.9021 289.2319 14.32001275891189
1 25414U 98046B   15245.71174330 +.00000307 +00000-0 +16516-3 0  9998,2 25414 044.9955 089.1337 0004539 077.3677 282.7676 14.32002295891333
1 25414U 98046B   15246.61868739 +.00000305 +00000-0 +16431-3 0  9995,2 25414 044.9955 084.8748 0004526 083.1166 277.0195 14.32003181891287
1 25414U 98046B   15246.96751189  .00000307  00000-0  16508-3 0  9990,2 25414  44.9955  83.2368 0004529  85.3647 274.7716 14.32003514891518
1 25414U 98046B   15248.50233867  .00000344  00000-0  17902-3 0  9990,2 25414  44.9955  76.0294 0004531  94.8611 265.2752 14.32005001891737
1 25414U 98046B   15249.54881062  .00000334  00000-0  17524-3 0  9990,2 25414  44.9955  71.1153 0004562 101.2859 258.8500 14.32005806891886
1 25414U 98046B   15249.89763441 +.00000320 +00000-0 +17002-3 0  9994,2 25414 044.9956 069.4773 0004555 103.7056 256.4297 14.32006003891756
1 25414U 98046B   15250.87434043  .00000305  00000-0  16463-3 0  9990,2 25414  44.9957  64.8907 0004578 109.8313 250.3026 14.32006826892075
1 25414U 98046B   15251.92081026  .00000306  00000-0  16475-3 0  9990,2 25414  44.9958  59.9767 0004612 116.3047 243.8273 14.32007911892225
1 25414U 98046B   15253.45563122  .00000316  00000-0  16837-3 0  9995,2 25414  44.9962  52.7694 0004671 125.4053 234.7230 14.32009560892441
1 25414U 98046B   15253.87421859 +.00000254 +00000-0 +14572-3 0  9996,2 25414 044.9962 050.8040 0004698 128.0073 232.1197 14.32009644892329
1 25414U 98046B   15254.78115732  .00000270  00000-0  15159-3 0  9997,2 25414  44.9964  46.5452 0004745 133.4343 226.6898 14.32010575892638
1 25414U 98046B   15254.85092184 +.00000259 +00000-0 +14760-3 0  9994,2 25414 044.9964 046.2176 0004749 133.8801 226.2438 14.32010576892463
1 25414U 98046B   15255.82762451  .00000241  00000-0  14080-3 0  9999,2 25414  44.9966  41.6313 0004807 139.6807 220.4395 14.32011308892789
1 25414U 98046B   15257.50197070  .00000232  00000-0  13737-3 0  9993,2 25414  44.9967  33.7688 0004922 149.6447 210.4685 14.32012486893023
1 25414U 98046B   15257.78102827 +.00000232 +00000-0 +13744-3 0  9997,2 25414 044.9967 032.4585 0004939 151.1777 208.9342 14.32012674892881
1 25414U 98046B   15258.82749353  .00000239  00000-0  13989-3 0  9992,2 25414  44.9967  27.5445 0005011 157.1261 202.9808 14.32013491893214
1 25414U 98046B   15260.36230833  .00000208  00000-0  12864-3 0  9999,2 25414  44.9968  20.3373 0005126 165.6214 194.4779 14.32014455893432
1 25414U 98046B   15261.40877233  .00000187  00000-0  12077-3 0  9998,2 25414  44.9969  15.4234 0005214 171.2895 188.8042 14.32015134893581
1 25414U 98046B   15262.45523577  .00000201  00000-0  12597-3 0  9997,2 25414  44.9970  10.5096 0005302 176.8646 183.2234 14.32015992893739
1 25414U 98046B   15263.50169878  .00000214  00000-0  13091-3 0  9998,2 25414  44.9971   5.5957 0005388 182.3520 177.7302 14.32016771893883
1 25414U 98046B   15263.71099132 +.00000214 +00000-0 +13092-3 0  9997,2 25414 044.9971 004.6130 0005402 183.4520 176.6290 14.32016910893738
1 25414U 98046B   15264.68768964  .00000191  00000-0  12218-3 0  9993,2 25414  44.9971   0.0269 0005479 188.4092 171.6662 14.32017383894053
1 25414U 98046B   15265.73415127  .00000226  00000-0  13531-3 0  9998,2 25414  44.9971 355.1131 0005564 193.7338 166.3357 14.32018270894207
1 25414U 98046B   15267.19919630  .00000299  00000-0  16220-3 0  9996,2 25414  44.9969 348.2336 0005683 201.1439 158.9173 14.32019739894419
1 25414U 98046B   15268.45494755  .00000371  00000-0  18885-3 0  9992,2 25414  44.9968 342.3369 0005782 207.2631 152.7911 14.32021364894598
1 25414U 98046B   15268.66423935 +.00000377 +00000-0 +19106-3 0  9990,2 25414 044.9968 341.3541 0005793 208.2496 151.8037 14.32021620894449
1 25414U 98046B   15269.64093381  .00000374  00000-0  18981-3 0  9994,2 25414  44.9967 336.7677 0005857 212.9531 147.0950 14.32022719894765
1 25414U 98046B   15271.17573799  .00000386  00000-0  19431-3 0  9995,2 25414  44.9966 329.5604 0005970 220.3071 139.7333 14.32024568894983
1 25414U 98046B   15272.22219453  .00000396  00000-0  19803-3 0  9990,2 25414  44.9965 324.6464 0006039 225.2280 134.8075 14.32025797895137
1 25414U 98046B   15273.54770489  .00000460  00000-0  22151-3 0  9999,2 25414  44.9964 318.4222 0006113 231.4002 128.6297 14.32027607895323
1 25414U 98046B   15275.15226785  .00000565  00000-0  26008-3 0  9994,2 25414  44.9962 310.8872 0006196 238.8549 121.1689 14.32030023895550
1 25414U 98046B   15276.47777500  .00000580  00000-0  26571-3 0  9998,2 25414  44.9959 304.6627 0006245 244.8640 115.1558 14.32031668895744
1 25414U 98046B   15277.52422664  .00000547  00000-0  25374-3 0  9996,2 25414  44.9958 299.7486 0006275 249.5790 110.4382 14.32032928895890
1 25414U 98046B   15279.12878461  .00000411  00000-0  20353-3 0  9996,2 25414  44.9956 292.2133 0006313 256.7611 103.2531 14.32034317896127
1 25414U 98046B   15280.17523470  .00000384  00000-0  19359-3 0  9993,2 25414  44.9956 287.2991 0006325 261.3993  98.6137 14.32035458896273
1 25414U 98046B   15281.43097361  .00000375  00000-0  19003-3 0  9994,2 25414  44.9956 281.4021 0006328 267.0606  92.9516 14.32036910896452
1 25414U 98046B   15282.47742223  .00000305  00000-0  16442-3 0  9990,2 25414  44.9956 276.4879 0006331 271.6625  88.3496 14.32037593896604
1 25414U 98046B   15282.96576465 +.00000307 +00000-0 +16491-3 0  9993,2 25414 044.9956 274.1945 0006335 273.8669 086.1452 14.32038060896494
1 25414U 98046B   15284.15173897  .00000290  00000-0  15872-3 0  9991,2 25414  44.9956 268.6252 0006313 279.2684  80.7447 14.32038976896845
1 25414U 98046B   15285.40747572  .00000270  00000-0  15154-3 0  9998,2 25414  44.9955 262.7283 0006279 285.0033  75.0117 14.32039913897021
1 25414U 98046B   15286.45392224  .00000260  00000-0  14754-3 0  9998,2 25414  44.9954 257.8141 0006247 289.7247  70.2925 14.32040801897179
1 25414U 98046B   15286.94226376 +.00000249 +00000-0 +14374-3 0  9991,2 25414 044.9954 255.5208 0006233 291.9477 068.0706 14.32041177897060
1 25414U 98046B   15288.05847235  .00000282  00000-0  15590-3 0  9996,2 25414  44.9954 250.2790 0006185 296.8628  63.1585 14.32042424897401
1 25414U 98046B   15289.17468039  .00000337  00000-0  17610-3 0  9997,2 25414  44.9954 245.0372 0006136 301.8924  58.1324 14.32043724897567
1 25414U 98046B   15290.36065051  .00000374  00000-0  18962-3 0  9999,2 25414  44.9955 239.4678 0006073 307.3899  52.6394 14.32045041897735
1 25414U 98046B   15290.91875358 +.00000422 +00000-0 +20760-3 0  9992,2 25414 044.9955 236.8468 0006045 309.9356 050.0958 14.32045879897634
1 25414U 98046B   15291.89543328  .00000495  00000-0  23451-3 0  9999,2 25414  44.9955 232.2603 0005988 314.4642  45.5714 14.32047358897957
1 25414U 98046B   15293.15116301  .00000574  00000-0  26339-3 0  9993,2 25414  44.9956 226.3634 0005902 320.2947  39.7466 14.32049299898131
1 25414U 98046B   15294.19760303  .00000650  00000-0  29138-3 0  9990,2 25414  44.9955 221.4493 0005826 325.2504  34.7960 14.32051175898284
1 25414U 98046B   15294.82546633 +.00000641 +00000-0 +28814-3 0  9998,2 25414 044.9954 218.5007 0005784 328.2250 031.8246 14.32052119898199
1 25414U 98046B   15295.73237908  .00000658  00000-0  29438-3 0  9992,2 25414  44.9954 214.2419 0005713 332.6806  27.3739 14.32053763898505
1 25414U 98046B   15295.87190399 +.00000685 +00000-0 +30428-3 0  9990,2 25414 044.9953 213.5866 0005700 333.3541 026.7011 14.32054166898348
1 25414U 98046B   15296.84857794  .00000655  00000-0  29346-3 0  9991,2 25414  44.9953 209.0001 0005624 338.0669  21.9935 14.32055784898661
1 25414U 98046B   15296.91834030 +.00000682 +00000-0 +30322-3 0  9993,2 25414 044.9953 208.6725 0005618 338.3848 021.6760 14.32056061898497
1 25414U 98046B   15298.10429966  .00000693  00000-0  30752-3 0  9993,2 25414  44.9951 203.1031 0005511 344.2968  15.7707 14.32058355898848
1 25414U 98046B   15299.15073312  .00000677  00000-0  30152-3 0  9995,2 25414  44.9951 198.1888 0005424 349.5318  10.5414 14.32060139898998
1 25414U 98046B   15300.19716579  .00000608  00000-0  27606-3 0  9995,2 25414  44.9950 193.2745 0005333 354.8557   5.2233 14.32061413899142
1 25414U 98046B   15300.89478671 +.00000607 +00000-0 +27552-3 0  9999,2 25414 044.9950 189.9982 0005272 358.3632 001.7195 14.32062509899068
1 25414U 98046B   15301.73193127  .00000584  00000-0  26710-3 0  9992,2 25414  44.9950 186.0667 0005192   2.7954 357.2920 14.32063628899365
1 25414U 98046B   15302.84812288  .00000592  00000-0  27014-3 0  9998,2 25414  44.9950 180.8248 0005100   8.7416 351.3517 14.32065320899526
1 25414U 98046B   15304.17359833  .00000611  00000-0  27716-3 0  9999,2 25414  44.9948 174.6002 0005002  15.9994 344.1009 14.32067516899710
1 25414U 98046B   15305.42931961  .00000647  00000-0  29009-3 0  9992,2 25414  44.9877 168.7105 0007352  33.1996 326.9310 14.32083786899892
1 25414U 98046B   15306.05717078  .00000221  00000-0  13345-3 0  9997,2 25414  44.9943 165.7544 0004833  26.4488 333.6604 14.32064623899982
1 25414U 98046B   15306.89431372 +.00000454 +00000-0 +21912-3 0  9996,2 25414 044.9943 161.8228 0004770 030.9795 329.1331 14.32065881899927
1 25414U 98046B   15307.80121798  .00000480  00000-0  22885-3 0  9995,2 25414  44.9943 157.5637 0004709  36.1200 323.9963 14.32067275900233
1 25414U 98046B   15307.94074168 +.00000469 +00000-0 +22471-3 0  9996,2 25414 044.9943 156.9086 0004698 037.0285 323.0884 14.32067370900075
1 25414U 98046B   15308.98716866  .00000492  00000-0  23335-3 0  9995,2 25414  44.9941 151.9941 0004636  42.8214 317.2992 14.32068664900405
1 25414U 98046B   15310.03359451  .00000483  00000-0  22998-3 0  9991,2 25414  44.9941 147.0797 0004565  49.2212 310.9029 14.32069788900555
1 25414U 98046B   15311.56835031  .00000562  00000-0  25911-3 0  9999,2 25414  44.9942 139.8718 0004484  58.5510 301.5773 14.32072091900779
1 25414U 98046B   15311.91715803 +.00000550 +00000-0 +25451-3 0  9998,2 25414 044.9942 138.2337 0004473 060.7574 299.3719 14.32072518900646
1 25414U 98046B   15312.82405755  .00000521  00000-0  24408-3 0  9990,2 25414  44.9943 133.9746 0004431  66.2088 293.9222 14.32073634900951
1 25414U 98046B   15312.89381890 +.00000525 +00000-0 +24556-3 0  9998,2 25414 044.9943 133.6470 0004429 066.6356 293.4956 14.32073794900788
1 25414U 98046B   15313.87047847  .00000562  00000-0  25906-3 0  9999,2 25414  44.9944 129.0602 0004386  72.7733 287.3593 14.32075544901105
1 25414U 98046B   15314.91689826  .00000598  00000-0  27210-3 0  9993,2 25414  44.9945 124.1457 0004346  79.4642 280.6693 14.32077425901252
1 25414U 98046B   15316.45164559  .00000522  00000-0  24429-3 0  9991,2 25414  44.9946 116.9379 0004311  88.9116 271.2224 14.32079277901475
1 25414U 98046B   15316.87021258 +.00000525 +00000-0 +24519-3 0  9998,2 25414 044.9947 114.9722 0004313 091.4445 268.6895 14.32079907901353
1 25414U 98046B   15317.56782404  .00000485  00000-0  23066-3 0  9993,2 25414  44.9948 111.6958 0004310  95.6947 264.4391 14.32080605901632
1 25414U 98046B   15317.84686844 +.00000483 +00000-0 +22992-3 0  9990,2 25414 044.9948 110.3854 0004309 097.4135 262.7200 14.32080967901495
1 25414U 98046B   15318.82352293  .00000533  00000-0  24844-3 0  9991,2 25414  44.9949 105.7985 0004305 103.4262 256.7064 14.32082555901816
1 25414U 98046B   15318.89328396 +.00000495 +00000-0 +23421-3 0  9992,2 25414 044.9949 105.4709 0004306 103.8457 256.2868 14.32082440901649
1 25414U 98046B   15319.86993748  .00000503  00000-0  23723-3 0  9994,2 25414  44.9950 100.8841 0004318 109.8166 250.3145 14.32083771901969
1 25414U 98046B   15321.47443646  .00000677  00000-0  30142-3 0  9996,2 25414  44.9952  93.3485 0004339 119.6520 240.4759 14.32087211902197
1 25414U 98046B   15321.82324017 +.00000684 +00000-0 +30389-3 0  9996,2 25414 044.9953 091.7105 0004350 121.6884 238.4386 14.32087832902066
1 25414U 98046B   15322.79988959  .00000713  00000-0  31452-3 0  9999,2 25414  44.9955  87.1238 0004370 127.5311 232.5932 14.32089722902383
1 25414U 98046B   15322.86965020 +.00000688 +00000-0 +30523-3 0  9990,2 25414 044.9955 086.7962 0004371 127.9560 232.1681 14.32089723902213
1 25414U 98046B   15324.12534052  .00000589  00000-0  26873-3 0  9991,2 25414  44.9958  80.8990 0004406 135.5185 224.6015 14.32091478902575
1 25414U 98046B   15325.52054940  .00000637  00000-0  28651-3 0  9999,2 25414  44.9961  74.3467 0004461 143.8517 216.2631 14.32094300902778
1 25414U 98046B   15325.72983069 +.00000604 +00000-0 +27429-3 0  9990,2 25414 044.9961 073.3639 0004470 145.0081 215.1059 14.32094450902620
1 25414U 98046B   15326.70647547  .00000628  00000-0  28311-3 0  9994,2 25414  44.9962  68.7772 0004516 150.7206 209.3894 14.32096203902945
1 25414U 98046B   15327.68311944 +.00000606 +00000-0 +27511-3 0  9998,2 25414 044.9963 064.1906 0004573 156.3595 203.7462 14.32097544902905
1 25414U 98046B   15329.49688443  .00000529  00000-0  24674-3 0  9991,2 25414  44.9965  55.6723 0004676 166.5400 193.5571 14.32099650903347
1 25414U 98046B   15329.63640467 +.00000544 +00000-0 +25226-3 0  9992,2 25414 044.9964 055.0171 0004692 167.2789 192.8176 14.32099922903180
1 25414U 98046B   15330.68280623  .00000454  00000-0  21893-3 0  9999,2 25414  44.9965  50.1028 0004767 172.8735 187.2179 14.32100795903513
1 25414U 98046B   15332.21752684  .00000368  00000-0  18722-3 0  9992,2 25414  44.9967  42.8951 0004868 181.0257 179.0580 14.32102270903730
1 25414U 98046B   15333.54296565  .00000434  00000-0  21152-3 0  9995,2 25414  44.9969  36.6705 0004950 187.7819 172.2950 14.32104306903928
1 25414U 98046B   15334.58936307  .00000537  00000-0  24945-3 0  9992,2 25414  44.9970  31.7562 0005009 193.2725 166.7989 14.32106293904075
1 25414U 98046B   15335.63575965  .00000565  00000-0  25996-3 0  9996,2 25414  44.9970  26.8420 0005082 198.4516 161.6146 14.32107831904224
1 25414U 98046B   15336.96119400  .00000549  00000-0  25398-3 0  9999,2 25414  44.9970  20.6173 0005154 205.0449 155.0147 14.32109472904413
1 25414U 98046B   15337.51927117 +.00000541 +00000-0 +25111-3 0  9998,2 25414 044.9970 017.9963 0005192 207.6389 152.4181 14.32110164904310
1 25414U 98046B   15339.19350090  .00000458  00000-0  22038-3 0  9996,2 25414  44.9969  10.1332 0005293 215.6008 144.4485 14.32111972904734
1 25414U 98046B   15340.44917132  .00000555  00000-0  25613-3 0  9992,2 25414  44.9968   4.2359 0005349 221.4083 138.6358 14.32114283904918
1 25414U 98046B   15341.56532177  .00000556  00000-0  25642-3 0  9991,2 25414  44.9969 358.9939 0005394 226.6366 133.4031 14.32115839905070
1 25414U 98046B   15343.16978636  .00000460  00000-0  22118-3 0  9992,2 25414  44.9969 351.4584 0005461 234.0333 126.0007 14.32117435905307
1 25414U 98046B   15344.35569382  .00000556  00000-0  25661-3 0  9990,2 25414  44.9969 345.8889 0005486 239.5206 120.5099 14.32119361905476
1 25414U 98046B   15344.91376751 +.00000484 +00000-0 +22998-3 0  9998,2 25414 044.9969 343.2679 0005498 242.1123 117.9167 14.32119645905376
1 25414U 98046B   15345.82063648  .00000559  00000-0  25752-3 0  9991,2 25414  44.9969 339.0088 0005518 246.1557 113.8711 14.32121195905688
1 25414U 98046B   15345.96015479 +.00000538 +00000-0 +24979-3 0  9992,2 25414 044.9969 338.3535 0005522 246.7184 113.3081 14.32121235905527
1 25414U 98046B   15346.93678191  .00000504  00000-0  23747-3 0  9991,2 25414  44.9968 333.7666 0005558 250.7138 109.3106 14.32122349905848
1 25414U 98046B   15348.05292622  .00000494  00000-0  23354-3 0  9999,2 25414  44.9967 328.5246 0005554 255.6929 104.3300 14.32123833906000
1 25414U 98046B   15349.16906899  .00000580  00000-0  26534-3 0  9999,2 25414  44.9966 323.2824 0005557 260.4986  99.5232 14.32126005906163
1 25414U 98046B   15350.42472815  .00000588  00000-0  26825-3 0  9997,2 25414  44.9966 317.3850 0005541 266.0246  93.9966 14.32128064906349
1 25414U 98046B   15350.91303982 +.00000507 +00000-0 +23834-3 0  9997,2 25414 044.9966 315.0915 0005540 268.1522 091.8690 14.32128340906231
1 25414U 98046B   15351.81990364  .00000495  00000-0  23398-3 0  9994,2 25414  44.9967 310.8323 0005524 272.1660  87.8553 14.32129627906544
1 25414U 98046B   15351.95942108 +.00000504 +00000-0 +23738-3 0  9991,2 25414 044.9966 310.1770 0005518 272.7769 087.2445 14.32129883906381
1 25414U 98046B   15352.86628405  .00000583  00000-0  26643-3 0  9998,2 25414  44.9967 305.9178 0005500 276.8071  83.2149 14.32131587906693
1 25414U 98046B   15352.93604280 +.00000473 +00000-0 +22598-3 0  9994,2 25414 044.9967 305.5901 0005498 277.0809 082.9411 14.32131080906529
1 25414U 98046B   15354.19169825  .00000471  00000-0  22514-3 0  9991,2 25414  44.9966 299.6929 0005460 282.5284  77.4951 14.32132704906889
1 25414U 98046B   15355.23807555  .00000663  00000-0  29571-3 0  9999,2 25414  44.9965 294.7785 0005421 287.1164  72.9088 14.32135426907032
1 25414U 98046B   15356.28445199  .00000626  00000-0  28215-3 0  9990,2 25414  44.9963 289.8640 0005376 291.6667  68.3606 14.32136905907186
1 25414U 98046B   15356.84251858 +.00000640 +00000-0 +28721-3 0  9997,2 25414 044.9962 287.2429 0005359 294.0394 065.9891 14.32137998907088
1 25414U 98046B   15358.16792599  .00000585  00000-0  26702-3 0  9991,2 25414  44.9961 281.0179 0005282 299.9460  60.0861 14.32140064907456
1 25414U 98046B   15359.21429869  .00000621  00000-0  28027-3 0  9998,2 25414  44.9959 276.1034 0005221 304.6556  55.3798 14.32142196907602
1 25414U 98046B   15360.26067061  .00000538  00000-0  24967-3 0  9993,2 25414  44.9958 271.1888 0005153 309.3950  50.6439 14.32143524907759
1 25414U 98046B   15360.88849326 +.00000481 +00000-0 +22884-3 0  9996,2 25414 044.9958 268.2400 0005114 312.1377 047.9034 14.32144216907667
1 25414U 98046B   15361.79534782  .00000457  00000-0  21978-3 0  9990,2 25414  44.9957 263.9807 0005049 316.3077  43.7368 14.32145324907978
1 25414U 98046B   15361.86510594 +.00000407 +00000-0 +20157-3 0  9996,2 25414 044.9957 263.6531 0005042 316.6294 043.4154 14.32145124907806
1 25414U 98046B   15363.12075018  .00000335  00000-0  17506-3 0  9998,2 25414  44.9956 257.7557 0004943 322.4729  37.5771 14.32146063908166
1 25414U 98046B   15364.16711962  .00000293  00000-0  15959-3 0  9991,2 25414  44.9954 252.8412 0004863 327.3659  32.6885 14.32146854908314
1 25414U 98046B   15364.86469883 +.00000261 +00000-0 +14791-3 0  9998,2 25414 044.9953 249.5648 0004803 330.6049 029.4526 14.32147356908236
1 25414U 98046B   15365.77155127  .00000324  00000-0  17084-3 0  9990,2 25414  44.9951 245.3054 0004728 334.9076  25.1539 14.32148584908547
1 25414U 98046B   15365.91106693 +.00000319 +00000-0 +16909-3 0  9999,2 25414 044.9951 244.6502 0004715 335.5482 024.5140 14.32148716908381
1 25414U 98046B   16001.81791853  .00000297  00000-0  16097-3 0  9997,2 25414  44.9949 240.3909 0004633 339.9434  20.1229 14.32149579908698
1 25414U 98046B   16001.88767637 +.00000257 +00000-0 +14613-3 0  9995,2 25414 044.9949 240.0633 0004625 340.2994 019.7673 14.32149427908527
1 25414U 98046B   16003.14331632  .00000256  00000-0  14599-3 0  9990,2 25414  44.9946 234.1658 0004511 346.4814  13.5910 14.32150695908882
1 25414U 98046B   16003.91065140 +.00000254 +00000-0 +14534-3 0  9990,2 25414 044.9946 230.5615 0004437 350.2283 009.8476 14.32151409908817
1 25414U 98046B   16004.81750157  .00000269  00000-0  15066-3 0  9996,2 25414  44.9945 226.3021 0004355 354.7581   5.3219 14.32152277909124
1 25414U 98046B   16004.88725925 +.00000268 +00000-0 +15034-3 0  9992,2 25414 044.9944 225.9744 0004351 355.1022 004.9780 14.32152330908959
1 25414U 98046B   16006.07313948  .00000257  00000-0  14632-3 0  9994,2 25414  44.9943 220.4043 0004236   1.1627 358.9228 14.32153219909307
1 25414U 98046B   16006.91023077 +.00000282 +00000-0 +15539-3 0  9993,2 25414 044.9943 216.4725 0004156 005.4841 354.6050 14.32154025909240
1 25414U 98046B   16007.74732156  .00000291  00000-0  15871-3 0  9999,2 25414  44.9943 212.5406 0004071   9.9265 350.1661 14.32154777909544
1 25414U 98046B   16007.88683667 +.00000291 +00000-0 +15873-3 0  9998,2 25414 044.9942 211.8853 0004055 010.7076 349.3856 14.32154882909388
1 25414U 98046B   16008.86344198  .00000282  00000-0  15565-3 0  9998,2 25414  44.9942 207.2982 0003966  16.0079 344.0892 14.32155677909703
1 25414U 98046B   16008.93319947 +.00000283 +00000-0 +15574-3 0  9991,2 25414 044.9942 206.9706 0003961 016.4096 343.6877 14.32155746909537
1 25414U 98046B   16009.97956144  .00000259  00000-0  14718-3 0  9994,2 25414  44.9942 202.0558 0003875  22.1585 337.9428 14.32156635909862
1 25414U 98046B   16011.51422440  .00000250  00000-0  14364-3 0  9992,2 25414  44.9942 194.8474 0003741  30.6306 329.4758 14.32158062910088
1 25414U 98046B   16012.56058436  .00000340  00000-0  17673-3 0  9994,2 25414  44.9942 189.9326 0003647  36.5818 323.5276 14.32159601910234
1 25414U 98046B   16012.90937118 +.00000294 +00000-0 +16009-3 0  9995,2 25414 044.9942 188.2944 0003624 038.6577 321.4527 14.32159609910102
1 25414U 98046B   16013.81621581  .00000341  00000-0  17708-3 0  9990,2 25414  44.9943 184.0348 0003564  43.8903 316.2226 14.32160666910416
1 25414U 98046B   16013.88597310 +.00000318 +00000-0 +16885-3 0  9998,2 25414 044.9943 183.7072 0003560 044.2902 315.8228 14.32160602910244
1 25414U 98046B   16014.93233158  .00000319  00000-0  16931-3 0  9995,2 25414  44.9944 178.7924 0003478  50.4367 309.6785 14.32161481910578
1 25414U 98046B   16015.56014626 +.00000323 +00000-0 +17059-3 0  9999,2 25414 044.9944 175.8434 0003422 054.1668 305.9495 14.32162028910481
1 25414U 98046B   16016.04844651  .00000322  00000-0  17020-3 0  9999,2 25414  44.9945 173.5499 0003395  57.0408 303.0764 14.32162409910730
1 25414U 98046B   16017.44358883  .00000342  00000-0  17746-3 0  9998,2 25414  44.9947 166.9967 0003309  65.6050 294.5141 14.32163739910933
1 25414U 98046B   16018.48994457  .00000328  00000-0  17248-3 0  9997,2 25414  44.9948 162.0819 0003255  72.2005 287.9196 14.32164703911086
1 25414U 98046B   16018.83872959 +.00000329 +00000-0 +17284-3 0  9999,2 25414 044.9949 160.4439 0003232 074.3570 285.7632 14.32165085910952
1 25414U 98046B   16019.81532742  .00000335  00000-0  17492-3 0  9999,2 25414  44.9950 155.8568 0003194  80.5039 279.6168 14.32166076911274
1 25414U 98046B   16019.88508432 +.00000278 +00000-0 +15384-3 0  9999,2 25414 044.9950 155.5292 0003188 081.0065 279.1142 14.32165864911106
1 25414U 98046B   16020.86168105  .00000375  00000-0  18987-3 0  9998,2 25414  44.9951 150.9421 0003153  87.2133 272.9073 14.32167444911421
1 25414U 98046B   16022.53584514  .00000369  00000-0  18757-3 0  9998,2 25414  44.9953 143.0785 0003114  98.2214 261.8985 14.32169179911660
1 25414U 98046B   16022.81487231 +.00000383 +00000-0 +19256-3 0  9998,2 25414 044.9953 141.7680 0003112 099.9002 260.2195 14.32169521911522
1 25414U 98046B   16023.65195359  .00000371  00000-0  18833-3 0  9995,2 25414  44.9953 137.8362 0003112 105.2774 254.8416 14.32170239911828
1 25414U 98046B   16024.76806126  .00000333  00000-0  17419-3 0  9996,2 25414  44.9954 132.5938 0003109 112.4826 247.6350 14.32171019911985
1 25414U 98046B   16026.44222124  .00000251  00000-0  14419-3 0  9999,2 25414  44.9955 124.7301 0003139 123.3275 236.7872 14.32172069912227
1 25414U 98046B   16027.48857059  .00000207  00000-0  12775-3 0  9999,2 25414  44.9956 119.8154 0003166 130.0551 230.0573 14.32172659912377
1 25414U 98046B   16027.69784047 +.00000183 +00000-0 +11894-3 0  9992,2 25414 044.9956 118.8325 0003162 131.4675 228.6442 14.32172666912224
1 25414U 98046B   16028.67443281  .00000122  00000-0  96596-4 0  9999,2 25414  44.9957 114.2455 0003185 137.6136 222.4956 14.32173000912544
1 25414U 98046B   16030.20907676  .00000132  00000-0  10023-3 0  9995,2 25414  44.9959 107.0374 0003226 146.9566 213.1482 14.32174080912766
1 25414U 98046B   16031.53444946  .00000240  00000-0  14005-3 0  9992,2 25414  44.9960 100.8123 0003289 154.5098 205.5910 14.32175721912950
1 25414U 98046B   16031.60420583 +.00000263 +00000-0 +14854-3 0  9998,2 25414 044.9960 100.4846 0003303 154.7480 205.3528 14.32175923912780
1 25414U 98046B   16032.58079500  .00000414  00000-0  20385-3 0  9999,2 25414  44.9959  95.8975 0003350 160.3221 199.7755 14.32177631913109
1 25414U 98046B   16033.62713990  .00000460  00000-0  22110-3 0  9992,2 25414  44.9958  90.9828 0003404 166.0769 194.0171 14.32178875913258
1 25414U 98046B   16034.53395608  .00000502  00000-0  23606-3 0  9993,2 25414  44.9957  86.7229 0003601 170.1124 189.9793 14.32214522913382
1 25414U 98046B   16034.60371066 +.00000472 +00000-0 +22505-3 0  9996,2 25414 044.9958 086.3954 0003616 170.3853 189.7062 14.32214473913215
1 25414U 98046B   16035.58027393  .00000424  00000-0  20737-3 0  9997,2 25414  44.9959  81.8081 0003661 175.6240 184.4638 14.32215396913536
1 25414U 98046B   16037.18462566  .00000447  00000-0  21608-3 0  9993,2 25414  44.9959  74.2717 0003742 184.0331 176.0485 14.32217633913761
1 25414U 98046B   16038.50995802  .00000501  00000-0  23594-3 0  9991,2 25414  44.9960  68.0462 0003807 190.5912 169.4854 14.32219719913954
1 25414U 98046B   16040.11430517  .00000511  00000-0  23937-3 0  9990,2 25414  44.9962  60.5098 0003902 198.4801 161.5903 14.32221967914180
1 25414U 98046B   16041.43963380  .00000599  00000-0  27181-3 0  9996,2 25414  44.9962  54.2843 0003965 204.6569 155.4088 14.32224175914379
1 25414U 98046B   16041.50938800 +.00000556 +00000-0 +25618-3 0  9999,2 25414 044.9962 053.9566 0003965 205.0174 155.0480 14.32224012914208
1 25414U 98046B   16042.48594472  .00000560  00000-0  25766-3 0  9999,2 25414  44.9962  49.3693 0004016 209.4739 150.5881 14.32225352914529
1 25414U 98046B   16044.16003957  .00000542  00000-0  25080-3 0  9998,2 25414  44.9963  41.5051 0004089 216.9484 143.1080 14.32227677914769
1 25414U 98046B   16045.20634737  .00000579  00000-0  26431-3 0  9991,2 25414  44.9964  36.5901 0004124 221.5226 138.5307 14.32229477914911
1 25414U 98046B   16046.32240834  .00000503  00000-0  23648-3 0  9990,2 25414  44.9965  31.3475 0004138 226.4003 133.6499 14.32230665915070
1 25414U 98046B   16047.36871416  .00000590  00000-0  26860-3 0  9996,2 25414  44.9966  26.4325 0004174 230.8471 129.2004 14.32232667915222
1 25414U 98046B   16047.92674298 +.00000674 +00000-0 +29934-3 0  9995,2 25414 044.9967 023.8111 0004199 233.2548 126.7913 14.32234068915123
1 25414U 98046B   16048.76378633  .00000634  00000-0  28448-3 0  9997,2 25414  44.9968  19.8792 0004211 236.8069 123.2373 14.32235087915423
1 25414U 98046B   16048.90329375 +.00000557 +00000-0 +25624-3 0  9999,2 25414 044.9968 019.2238 0004216 237.3568 122.6871 14.32234799915264
1 25414U 98046B   16049.81008987  .00000621  00000-0  27986-3 0  9998,2 25414  44.9969  14.9644 0004231 241.1470 118.8951 14.32236419915571
1 25414U 98046B   16049.94959706 +.00000528 +00000-0 +24551-3 0  9997,2 25414 044.9969 014.3090 0004235 241.6874 118.3545 14.32236073915410
1 25414U 98046B   16051.13540637  .00000476  00000-0  22641-3 0  9990,2 25414  44.9970   8.7389 0004268 246.4380 113.6017 14.32237361915762
1 25414U 98046B   16052.18170812  .00000360  00000-0  18383-3 0  9990,2 25414  44.9970   3.8240 0004276 250.5114 109.5270 14.32238010915918
1 25414U 98046B   16053.29776258  .00000317  00000-0  16820-3 0  9995,2 25414  44.9969 358.5814 0004269 254.8926 105.1448 14.32239060916076
1 25414U 98046B   16053.85578960 +.00000259 +00000-0 +14681-3 0  9995,2 25414 044.9970 355.9601 0004266 257.1377 102.8993 14.32239335915978
1 25414U 98046B   16054.76258346  .00000234  00000-0  13757-3 0  9995,2 25414  44.9970 351.7005 0004259 260.8365  99.1999 14.32240005916285
1 25414U 98046B   16054.83233685 +.00000226 +00000-0 +13472-3 0  9997,2 25414 044.9970 351.3729 0004252 261.0749 098.9615 14.32240021916118
1 25414U 98046B   16055.80888364  .00000194  00000-0  12295-3 0  9991,2 25414  44.9970 346.7856 0004234 264.9510  95.0853 14.32240619916435
1 25414U 98046B   16055.87863689 +.00000178 +00000-0 +11703-3 0  9996,2 25414 044.9970 346.4580 0004232 265.1953 094.8409 14.32240618916262
1 25414U 98046B   16057.20394972  .00000187  00000-0  12019-3 0  9990,2 25414  44.9970 340.2325 0004196 270.5639  89.4726 14.32241569916630
1 25414U 98046B   16058.25024839  .00000256  00000-0  14559-3 0  9996,2 25414  44.9970 335.3176 0004159 274.6593  85.3778 14.32242694916780
1 25414U 98046B   16058.87802729 +.00000267 +00000-0 +14969-3 0  9993,2 25414 044.9970 332.3686 0004150 277.0616 082.9758 14.32243213916696
1 25414U 98046B   16059.71506569  .00000322  00000-0  17003-3 0  9994,2 25414  44.9969 328.4367 0004123 280.3813  79.6568 14.32244092916993
1 25414U 98046B   16060.55209670  .00000279  00000-0  15425-3 0  9998,2 25414  44.9967 324.5049 0004113 283.4011  76.6376 14.32252043917112
1 25414U 98046B   16060.90086047 +.00000389 +00000-0 +19457-3 0  9999,2 25414 044.9966 322.8666 0004100 284.9781 075.0611 14.32252495916983
1 25414U 98046B   16061.87739880  .00000352  00000-0  18079-3 0  9995,2 25414  44.9965 318.2792 0004067 288.5344  71.5059 14.32253544917308
1 25414U 98046B   16061.94715144 +.00000308 +00000-0 +16461-3 0  9994,2 25414 044.9965 317.9515 0004063 288.8151 071.2254 14.32253410917139
1 25414U 98046B   16063.13294357  .00000338  00000-0  17558-3 0  9996,2 25414  44.9961 312.3813 0003968 293.5926  66.4503 14.32258839917482
1 25414U 98046B   16064.45823857  .00000661  00000-0  29427-3 0  9992,2 25414  44.9960 306.1557 0003960 299.3431  60.7019 14.32261802917678
1 25414U 98046B   16064.80700066 +.00000523 +00000-0 +24385-3 0  9992,2 25414 044.9958 304.5173 0003934 300.9182 059.1277 14.32261685917547
1 25414U 98046B   16065.78353301  .00000544  00000-0  25152-3 0  9992,2 25414  44.9957 299.9297 0003873 304.6219  55.4261 14.32263033917860
1 25414U 98046B   16067.03907317  .00000600  00000-0  27206-3 0  9999,2 25414  44.9955 294.0314 0003813 309.3799  50.6709 14.32264846918041
1 25414U 98046B   16067.80634717 +.00000581 +00000-0 +26504-3 0  9993,2 25414 044.9955 290.4269 0003756 312.7629 047.2901 14.32265696917977
1 25414U 98046B   16068.50386835  .00000552  00000-0  25439-3 0  9990,2 25414  44.9954 287.1501 0003716 315.7768  44.2780 14.32266444918257
1 25414U 98046B   16068.78287679 +.00000536 +00000-0 +24859-3 0  9993,2 25414 044.9954 285.8393 0003691 316.8369 043.2187 14.32266702918114
1 25414U 98046B   16069.75940548  .00000501  00000-0  23566-3 0  9998,2 25414  44.9952 281.2517 0003602 320.7050  39.3534 14.32267821918433
1 25414U 98046B   16069.89890947 +.00000485 +00000-0 +22977-3 0  9996,2 25414 044.9952 280.5964 0003590 321.3111 038.7477 14.32267939918273
1 25414U 98046B   16071.01494085  .00000459  00000-0  22007-3 0  9991,2 25414  44.9950 275.3534 0003468 325.6076  34.4545 14.32269396918613
1 25414U 98046B   16071.85196344 +.00000534 +00000-0 +24789-3 0  9993,2 25414 044.9950 271.4209 0003367 328.4395 031.6249 14.32271042918556
1 25414U 98046B   16072.82848938  .00000452  00000-0  21769-3 0  9998,2 25414  44.9950 266.8332 0003262 332.1742  27.8929 14.32271941918878
1 25414U 98046B   16072.89824125 +.00000425 +00000-0 +20756-3 0  9992,2 25414 044.9949 266.5055 0003254 332.4972 027.5701 14.32271878918700
1 25414U 98046B   16073.87476640  .00000435  00000-0  21154-3 0  9990,2 25414  44.9949 261.9178 0003164 336.4649  23.6052 14.32273157919024
1 25414U 98046B   16074.92104266  .00000451  00000-0  21722-3 0  9998,2 25414  44.9949 257.0024 0003078 340.8495  19.2234 14.32274396919177
1 25414U 98046B   16076.45557908  .00000558  00000-0  25652-3 0  9997,2 25414  44.9949 249.7930 0002943 347.3336  12.7435 14.32276727919392
1 25414U 98046B   16076.87408900 +.00000473 +00000-0 +22513-3 0  9999,2 25414 044.9949 247.8269 0002897 349.2659 010.8125 14.32276676919278
1 25414U 98046B   16077.85061102  .00000443  00000-0  21443-3 0  9995,2 25414  44.9949 243.2393 0002809 353.7233   6.3577 14.32277641919596
1 25414U 98046B   16078.89688364  .00000420  00000-0  20600-3 0  9994,2 25414  44.9950 238.3240 0002698 358.4712   1.6125 14.32278800919746
1 25414U 98046B   16080.50116683  .00000367  00000-0  18619-3 0  9992,2 25414  44.9951 230.7873 0002554   5.9846 354.1030 14.32280451919979
1 25414U 98046B   16080.57091822 +.00000364 +00000-0 +18512-3 0  9995,2 25414 044.9951 230.4596 0002546 006.3083 353.7795 14.32280522919801
1 25414U 98046B   16081.54743735 +.00000337 +00000-0 +17518-3 0  9995,2 25414 044.9951 225.8720 0002450 011.0959 348.9941 14.32281540920124
1 25414U 98046B   16082.80296119  .00000294  00000-0  15960-3 0  9995,2 25414  44.9951 219.9737 0002330  17.5200 342.5726 14.32282608920300
1 25414U 98046B   16084.47699146  .00000330  00000-0  17289-3 0  9994,2 25414  44.9951 212.1091 0002169  26.1202 333.9753 14.32284250920541
1 25414U 98046B   16085.52325969  .00000282  00000-0  15526-3 0  9998,2 25414  44.9951 207.1937 0002068  31.9005 328.1966 14.32284773920695
1 25414U 98046B   16086.77878079  .00000260  00000-0  14721-3 0  9993,2 25414  44.9951 201.2955 0001957  39.1846 320.9142 14.32285573920874
1 25414U 98046B   16088.52255861  .00000203  00000-0  12596-3 0  9991,2 25414  44.9952 193.1033 0001812  50.5110 309.5896 14.32286618921121
1 25414U 98046B   16088.66206079 +.00000199 +00000-0 +12459-3 0  9995,2 25414 044.9952 192.4480 0001806 051.4103 308.6904 14.32286706920963
1 25414U 98046B   16090.47558809  .00000151  00000-0  10710-3 0  9994,2 25414  44.9954 183.9285 0001688  63.3895 296.7123 14.32287835921405
1 25414U 98046B   16091.52185267  .00000209  00000-0  12822-3 0  9995,2 25414  44.9953 179.0134 0001638  71.0211 289.0812 14.32288969921551
1 25414U 98046B   16091.59160366 +.00000212 +00000-0 +12931-3 0  9990,2 25414 044.9953 178.6857 0001636 071.4987 288.6037 14.32289030921385
1 25414U 98046B   16092.84712030  .00000251  00000-0  14384-3 0  9997,2 25414  44.9952 172.7875 0001590  80.8279 279.2747 14.32290195921744
1 25414U 98046B   16094.17238675  .00000304  00000-0  16319-3 0  9992,2 25414  44.9950 166.5614 0001541  90.3217 269.7805 14.32291482921938
1 25414U 98046B   16095.21864883  .00000330  00000-0  17290-3 0  9992,2 25414  44.9949 161.6460 0001531  98.3963 261.7056 14.32292509922084
1 25414U 98046B   16096.47416220  .00000330  00000-0  17276-3 0  9993,2 25414  44.9948 155.7476 0001528 107.9436 252.1576 14.32293701922268
1 25414U 98046B   16096.96241705 +.00000328 +00000-0 +17183-3 0  9995,2 25414 044.9948 153.4537 0001526 111.4999 248.6009 14.32294190922155
1 25414U 98046B   16097.59017306  .00000330  00000-0  17271-3 0  9994,2 25414  44.9948 150.5045 0001535 116.2217 243.8786 14.32294850922425
1 25414U 98046B   16099.12468652  .00000327  00000-0  17152-3 0  9993,2 25414  44.9948 143.2952 0001553 127.5667 232.5320 14.32296433922647
1 25414U 98046B   16100.17094486  .00000317  00000-0  16787-3 0  9993,2 25414  44.9949 138.3798 0001582 135.0951 225.0023 14.32297421922794
1 25414U 98046B   16101.49620455  .00000302  00000-0  16249-3 0  9997,2 25414  44.9949 132.1538 0001630 143.9818 216.1138 14.32298510922981
1 25414U 98046B   16101.91470735 +.00000299 +00000-0 +16140-3 0  9993,2 25414 044.9949 130.1876 0001640 146.7930 213.3019 14.32298848922869
1 25414U 98046B   16102.54246155  .00000287  00000-0  15689-3 0  9994,2 25414  44.9948 127.2384 0001677 150.6721 209.4219 14.32299252923130
1 25414U 98046B   16102.89121365 +.00000301 +00000-0 +16215-3 0  9990,2 25414 044.9948 125.5999 0001689 152.9503 207.1431 14.32299618923002
1 25414U 98046B   16104.07697049  .00000324  00000-0  17037-3 0  9997,2 25414  44.9947 120.0289 0001756 160.0049 200.0866 14.32300668923353
1 25414U 98046B   16105.19297603  .00000295  00000-0  15985-3 0  9990,2 25414  44.9947 114.7856 0001829 166.1885 193.9011 14.32301492923515
1 25414U 98046B   16106.44848145  .00000256  00000-0  14535-3 0  9999,2 25414  44.9947 108.8870 0001897 172.5517 187.5357 14.32302384923695
1 25414U 98046B   16108.12248753  .00000247  00000-0  14207-3 0  9991,2 25414  44.9950 101.0222 0002002 180.9312 179.1530 14.32303712923933
1 25414U 98046B   16109.16874049  .00000253  00000-0  14445-3 0  9990,2 25414  44.9951  96.1067 0002074 185.8743 174.2079 14.32304578924088
1 25414U 98046B   16110.42424341  .00000252  00000-0  14387-3 0  9991,2 25414  44.9953  90.2084 0002140 191.2505 168.8293 14.32305483924268
1 25414U 98046B   16110.84274421 +.00000231 +00000-0 +13617-3 0  9991,2 25414 044.9954 088.2422 0002165 193.2235 166.8554 14.32305645924146
1 25414U 98046B   16111.88899591  .00000197  00000-0  12388-3 0  9992,2 25414  44.9955  83.3269 0002229 197.5115 162.5655 14.32306158924478
1 25414U 98046B   16111.95874604 +.00000194 +00000-0 +12261-3 0  9995,2 25414 044.9955 082.9992 0002230 197.6803 162.3966 14.32306183924306
1 25414U 98046B   16113.21424730  .00000184  00000-0  11912-3 0  9998,2 25414  44.9956  77.1009 0002305 202.4856 157.5889 14.32307015924662
1 25414U 98046B   16114.33024786  .00000169  00000-0  11344-3 0  9991,2 25414  44.9957  71.8579 0002357 206.5812 153.4913 14.32307740924826
1 25414U 98046B   16116.14374783  .00000141  00000-0  10316-3 0  9995,2 25414  44.9960  63.3380 0002452 213.1615 146.9077 14.32308798925088
1 25414U 98046B   16117.18999723  .00000147  00000-0  10538-3 0  9999,2 25414  44.9961  58.4227 0002502 216.8871 143.1803 14.32309466925230
1 25414U 98046B   16118.30599603  .00000178  00000-0  11676-3 0  9995,2 25414  44.9963  53.1798 0002557 220.9478 139.1176 14.32310276925392
1 25414U 98046B   16118.86399525 +.00000179 +00000-0 +11706-3 0  9992,2 25414 044.9964 050.5582 0002586 222.9266 137.1379 14.32310580925294
1 25414U 98046B   16119.84049366  .00000202  00000-0  12564-3 0  9996,2 25414  44.9965  45.9707 0002620 226.0969 133.9661 14.32311228925610
1 25414U 98046B   16121.16574092  .00000201  00000-0  12539-3 0  9994,2 25414  44.9966  39.7448 0002666 230.2975 129.7636 14.32311968925805
1 25414U 98046B   16122.21198805  .00000188  00000-0  12064-3 0  9992,2 25414  44.9967  34.8296 0002699 233.5208 126.5390 14.32312602925958
1 25414U 98046B   16122.90948581 +.00000190 +00000-0 +12130-3 0  9999,2 25414 044.9967 031.5528 0002725 235.7213 124.3375 14.32313121925877
1 25414U 98046B   16123.81623243  .00000195  00000-0  12301-3 0  9990,2 25414  44.9967  27.2929 0002748 238.5057 121.5521 14.32313872926186
1 25414U 98046B   16125.14147616  .00000268  00000-0  14979-3 0  9997,2 25414  44.9967  21.0670 0002768 242.4230 117.6335 14.32315511926372
1 25414U 98046B   16125.83897233 +.00000270 +00000-0 +15065-3 0  9990,2 25414 044.9967 017.7901 0002800 244.6000 115.4556 14.32316192926295
1 25414U 98046B   16126.67596728  .00000311  00000-0  16568-3 0  9993,2 25414  44.9967  13.8578 0002815 247.2690 112.7859 14.32317221926595
1 25414U 98046B   16126.81546639 +.00000323 +00000-0 +17002-3 0  9992,2 25414 044.9967 013.2024 0002815 247.6971 112.3577 14.32317434926433
1 25414U 98046B   16127.72221022  .00000353  00000-0  18108-3 0  9990,2 25414  44.9967   8.9424 0002831 250.5117 109.5423 14.32318500926748
1 25414U 98046B   16127.79195970 +.00000363 +00000-0 +18487-3 0  9990,2 25414 044.9967 008.6148 0002829 250.6625 109.3915 14.32318641926571
1 25414U 98046B   16128.76845208  .00000403  00000-0  19954-3 0  9999,2 25414  44.9967   4.0271 0002839 253.4544 106.5990 14.32319949926899
1 25414U 98046B   16130.02394105  .00000387  00000-0  19351-3 0  9998,2 25414  44.9966 358.1288 0002841 257.3992 102.6537 14.32321379927077
1 25414U 98046B   16130.72143414 +.00000384 +00000-0 +19237-3 0  9990,2 25414 044.9966 354.8519 0002847 259.5990 100.4535 14.32322300926994
1 25414U 98046B   16131.97692076  .00000425  00000-0  20757-3 0  9996,2 25414  44.9965 348.9536 0002843 263.4728  96.5795 14.32324232927355
1 25414U 98046B   16133.02315869  .00000385  00000-0  19293-3 0  9994,2 25414  44.9964 344.0382 0002841 266.3537  93.6984 14.32325425927508
1 25414U 98046B   16133.92989774 +.00000356 +00000-0 +18217-3 0  9998,2 25414 044.9964 339.7781 0002836 268.9617 091.0904 14.32326371927452
1 25414U 98046B   16134.62738894  .00000371  00000-0  18771-3 0  9993,2 25414  44.9963 336.5010 0002839 271.0141  89.0380 14.32327224927735
1 25414U 98046B   16134.90638539 +.00000356 +00000-0 +18197-3 0  9994,2 25414 044.9963 335.1903 0002835 271.6875 088.3646 14.32327425927591
1 25414U 98046B   16135.81312326  .00000365  00000-0  18548-3 0  9998,2 25414  44.9963 330.9302 0002842 274.4025  85.6496 14.32328395927908
1 25414U 98046B   16135.88287232 +.00000367 +00000-0 +18626-3 0  9991,2 25414 044.9963 330.6025 0002838 274.6314 085.4208 14.32328471927730
1 25414U 98046B   16137.48709918  .00000444  00000-0  21426-3 0  9997,2 25414  44.9962 323.0654 0002816 278.8723  81.1804 14.32330454928144
1 25414U 98046B   16138.53333340  .00000443  00000-0  21390-3 0  9995,2 25414  44.9962 318.1499 0002802 282.2776  77.7756 14.32331437928293
1 25414U 98046B   16138.60308229 +.00000438 +00000-0 +21228-3 0  9995,2 25414 044.9962 317.8222 0002799 282.2103 077.8430 14.32331489928121
1 25414U 98046B   16139.71906459  .00000361  00000-0  18403-3 0  9993,2 25414  44.9961 312.5790 0002766 285.3796  74.6744 14.32332214928465
1 25414U 98046B   16139.92831111 +.00000357 +00000-0 +18238-3 0  9999,2 25414 044.9961 311.5959 0002756 286.1216 073.9327 14.32332432928311
1 25414U 98046B   16140.76529718  .00000305  00000-0  16343-3 0  9998,2 25414  44.9961 307.6636 0002740 288.0178  72.0369 14.32333026928619
1 25414U 98046B   16141.81152914  .00000264  00000-0  14840-3 0  9999,2 25414  44.9961 302.7482 0002714 290.0680  69.9873 14.32333872928766
1 25414U 98046B   16143.48549953  .00000241  00000-0  13988-3 0  9994,2 25414  44.9960 294.8835 0002667 295.6732  64.3838 14.32335132929003
1 25414U 98046B   16144.53173041  .00000228  00000-0  13523-3 0  9992,2 25414  44.9959 289.9679 0002616 298.7563  61.3020 14.32335769929154
1 25414U 98046B   16144.74097654 +.00000232 +00000-0 +13674-3 0  9992,2 25414 044.9959 288.9849 0002607 299.4033 060.6552 14.32335912929008
1 25414U 98046B   16146.48469369  .00000187  00000-0  12018-3 0  9991,2 25414  44.9958 280.7923 0002531 304.8693  55.1915 14.32336658929436
1 25414U 98046B   16146.55444238 +.00000183 +00000-0 +11877-3 0  9995,2 25414 044.9958 280.4646 0002526 305.0972 054.9637 14.32336671929266
1 25414U 98046B   16147.53092354  .00000137  00000-0  10170-3 0  9996,2 25414  44.9958 275.8769 0002493 308.2019  51.8602 14.32336973929588
1 25414U 98046B   16149.13514193  .00000068  00000-0  76473-4 0  9996,2 25414  44.9958 268.3398 0002398 313.2340  46.8305 14.32337500929817
1 25414U 98046B   16150.18137121  .00000038  00000-0  65261-4 0  9995,2 25414  44.9958 263.4245 0002358 316.6019  43.4640 14.32337817929962
1 25414U 98046B   16151.43684548  .00000050  00000-0  69701-4 0  9991,2 25414  44.9957 257.5260 0002295 320.1027  39.9650 14.32338528930144
1 25414U 98046B   16152.48307342  .00000098  00000-0  87627-4 0  9990,2 25414  44.9957 252.6108 0002268 323.5436  36.5256 14.32339349930295
1 25414U 98046B   16152.69231897 +.00000117 +00000-0 +94517-4 0  9992,2 25414 044.9956 251.6278 0002253 324.3455 035.7240 14.32339548930144
1 25414U 98046B   16153.66879777  .00000165  00000-0  11219-3 0  9995,2 25414  44.9955 247.0400 0002186 327.0519  33.0190 14.32340319930463
1 25414U 98046B   16154.71502465  .00000203  00000-0  12598-3 0  9993,2 25414  44.9953 242.1245 0002124 330.5979  29.4747 14.32341108930616
1 25414U 98046B   16156.17974144  .00000224  00000-0  13375-3 0  9999,2 25414  44.9951 235.2427 0002038 335.7409  24.3341 14.32342132930823
1 25414U 98046B   16157.22596713  .00000193  00000-0  12227-3 0  9998,2 25414  44.9950 230.3272 0001970 339.5335  20.5432 14.32342680930973
1 25414U 98046B   16158.27219233  .00000171  00000-0  11431-3 0  9995,2 25414  44.9949 225.4116 0001898 343.1863  16.8920 14.32343302931129
1 25414U 98046B   16158.62093399 +.00000168 +00000-0 +11304-3 0  9992,2 25414 044.9949 223.7732 0001874 344.6413 015.4376 14.32343523930994
1 25414U 98046B   16159.59741036  .00000136  00000-0  10132-3 0  9990,2 25414  44.9949 219.1854 0001809 348.4865  11.5939 14.32343990931316
1 25414U 98046B   16161.20162070  .00000119  00000-0  95111-4 0  9998,2 25414  44.9947 211.6482 0001700 354.6539   5.4288 14.32344826931548
1 25414U 98046B   16162.45708896  .00000128  00000-0  98564-4 0  9993,2 25414  44.9945 205.7496 0001610 359.9613   0.1233 14.32345514931723
1 25414U 98046B   16163.50331208  .00000140  00000-0  10292-3 0  9994,2 25414  44.9943 200.8341 0001545   4.6200 355.4660 14.32346093931878
1 25414U 98046B   16164.54953480  .00000121  00000-0  95967-4 0  9993,2 25414  44.9942 195.9185 0001482   9.4755 350.6118 14.32346513932025
1 25414U 98046B   16166.15374218  .00000107  00000-0  90629-4 0  9992,2 25414  44.9941 188.3811 0001379  17.9881 342.1014 14.32347292932256
1 25414U 98046B   16167.19996392  .00000093  00000-0  85543-4 0  9993,2 25414  44.9941 183.4654 0001301  24.5131 335.5777 14.32347794932400
1 25414U 98046B   16168.38568148  .00000108  00000-0  91120-4 0  9994,2 25414  44.9942 177.8944 0001234  31.9849 328.1071 14.32348486932575
1 25414U 98046B   16169.43190245  .00000089  00000-0  84240-4 0  9993,2 25414  44.9942 172.9789 0001173  39.1220 320.9710 14.32348891932720
1 25414U 98046B   16169.85039071 +.00000086 +00000-0 +83054-4 0  9997,2 25414 044.9943 171.0126 0001152 041.6694 318.4240 14.32349057932608
1 25414U 98046B   16171.03610723  .00000095  00000-0  86258-4 0  9998,2 25414  44.9944 165.4415 0001106  50.3505 309.7439 14.32349587932953
1 25414U 98046B   16172.15207542  .00000077  00000-0  79724-4 0  9993,2 25414  44.9944 160.1982 0001090  59.2321 300.8632 14.32349922933119
1 25414U 98046B   16173.33779116  .00000053  00000-0  71053-4 0  9996,2 25414  44.9944 154.6273 0001086  69.0658 291.0304 14.32350284933285
1 25414U 98046B   16174.38401055  .00000024  00000-0  60125-4 0  9992,2 25414  44.9944 149.7116 0001070  78.5769 281.5197 14.32350589933436
1 25414U 98046B   16174.94199406 +.00000016 +00000-0 +57218-4 0  9998,2 25414 044.9944 147.0898 0001064 083.6047 276.4920 14.32350794933337
1 25414U 98046B   16175.84871729 -.00000000  00000-0  51322-4 0  9997,2 25414  44.9946 142.8296 0001074  91.5383 268.5586 14.32351064933641
1 25414U 98046B   16175.91846522 -.00000001 +00000-0 +51055-4 0  9992,2 25414 044.9946 142.5019 0001076 092.2417 267.8552 14.32351089933472
1 25414U 98046B   16176.89493613  .00000001  00000-0  51715-4 0  9991,2 25414  44.9947 137.9139 0001092 100.8680 259.2288 14.32351439933795
1 25414U 98046B   16176.96468405 -.00000001 +00000-0 +51257-4 0  9992,2 25414 044.9947 137.5862 0001096 101.5695 258.5274 14.32351460933625
1 25414U 98046B   16178.15039852  .00000011  00000-0  55552-4 0  9997,2 25414  44.9950 132.0152 0001150 111.0809 249.0160 14.32351858933973
1 25414U 98046B   16179.19661680  .00000036  00000-0  64620-4 0  9995,2 25414  44.9952 127.0997 0001208 119.0682 241.0285 14.32352260934123
1 25414U 98046B   16180.24283485  .00000037  00000-0  65064-4 0  9990,2 25414  44.9953 122.1842 0001277 126.7065 233.3898 14.32352527934271
1 25414U 98046B   16180.87056548 +.00000031 +00000-0 +62830-4 0  9999,2 25414 044.9954 119.2349 0001317 131.1621 228.9339 14.32352684934188
1 25414U 98046B   16181.70753954  .00000018  00000-0  57981-4 0  9993,2 25414  44.9955 115.3025 0001371 137.1409 222.9544 14.32352885934485
1 25414U 98046B   16181.84703520 +.00000014 +00000-0 +56538-4 0  9995,2 25414 044.9955 114.6471 0001385 137.9973 222.0980 14.32352913934321
1 25414U 98046B   16182.82350478 -.00000012  00000-0  47248-4 0  9991,2 25414  44.9956 110.0593 0001459 143.9963 216.0981 14.32353115934649
1 25414U 98046B   16182.89325260 -.00000019 +00000-0 +44666-4 0  9997,2 25414 044.9956 109.7317 0001461 144.7243 215.3700 14.32353106934473
1 25414U 98046B   16184.14871340 -.00000056  00000-0  30772-4 0  9996,2 25414  44.9957 103.8331 0001571 151.8692 208.2239 14.32353275934839
1 25414U 98046B   16185.19493065 -.00000078  00000-0  22983-4 0  9995,2 25414  44.9958  98.9175 0001672 157.5517 202.5402 14.32353387934980
1 25414U 98046B   16186.24114775 -.00000080  00000-0  22091-4 0  9993,2 25414  44.9959  94.0020 0001770 162.9587 197.1319 14.32353528935134
1 25414U 98046B   16186.86887795 -.00000074 +00000-0 +24485-4 0  9992,2 25414 044.9960 091.0526 0001826 166.2430 193.8466 14.32353621935040
1 25414U 98046B   16187.77559924 -.00000050  00000-0  33005-4 0  9995,2 25414  44.9960  86.7925 0001906 170.6814 189.4068 14.32353803935353
1 25414U 98046B   16187.84534703 -.00000050 +00000-0 +33192-4 0  9998,2 25414 044.9961 086.4648 0001919 170.9721 189.1160 14.32353814935180
1 25414U 98046B   16189.10080677 -.00000002  00000-0  50752-4 0  9993,2 25414  44.9962  80.5662 0002041 176.8782 183.2077 14.32354247935544
1 25414U 98046B   16190.49576110  .00000052  00000-0  70538-4 0  9997,2 25414  44.9963  74.0123 0002175 183.0473 177.0360 14.32355036935745
1 25414U 98046B   16190.77475142 +.00000097 +00000-0 +87182-4 0  9993,2 25414 044.9963 072.7014 0002224 183.9349 176.1480 14.32355541935604
1 25414U 98046B   16191.82096578  .00000177  00000-0  11636-3 0  9991,2 25414  44.9963  67.7859 0002305 188.8780 171.2025 14.32356724935939
1 25414U 98046B   16191.89071335 +.00000188 +00000-0 +12051-3 0  9996,2 25414 044.9963 067.4583 0002308 189.1835 170.8969 14.32356855935766
1 25414U 98046B   16193.00667460  .00000244  00000-0  14080-3 0  9998,2 25414  44.9963  62.2152 0002418 193.2820 166.7962 14.32358111936106
1 25414U 98046B   16194.05288762  .00000279  00000-0  15396-3 0  9997,2 25414  44.9963  57.2997 0002536 197.3549 162.7210 14.32359212936252
1 25414U 98046B   16194.68061502 +.00000323 +00000-0 +16982-3 0  9999,2 25414 044.9963 054.3503 0002604 200.0303 160.0441 14.32359999936168
1 25414U 98046B   16195.65707977  .00000315  00000-0  16714-3 0  9994,2 25414  44.9963  49.7624 0002689 203.9201 156.1520 14.32360709936482
1 25414U 98046B   16196.70329133  .00000352  00000-0  18040-3 0  9990,2 25414  44.9963  44.8468 0002780 208.1827 151.8869 14.32361675936635
1 25414U 98046B   16196.91253358 +.00000341 +00000-0 +17636-3 0  9996,2 25414 044.9963 043.8638 0002794 208.9464 151.1227 14.32361767936489
1 25414U 98046B   16198.02849189  .00000252  00000-0  14372-3 0  9998,2 25414  44.9964  38.6205 0002880 212.9383 147.1283 14.32362114936825
1 25414U 98046B   16199.49318624  .00000242  00000-0  14038-3 0  9993,2 25414  44.9964  31.7387 0002995 218.5755 141.4877 14.32363127937037
1 25414U 98046B   16199.84192290 +.00000219 +00000-0 +13182-3 0  9994,2 25414 044.9965 030.1002 0003023 219.7780 140.2844 14.32363259936901
1 25414U 98046B   16200.81838501  .00000136  00000-0  10133-3 0  9997,2 25414  44.9965  25.5124 0003092 223.4262 136.6341 14.32363594937226
1 25414U 98046B   16200.88813230 +.00000134 +00000-0 +10066-3 0  9999,2 25414 044.9965 025.1847 0003094 223.6888 136.3714 14.32363636937051
1 25414U 98046B   16202.00408856  .00000107  00000-0  90712-4 0  9996,2 25414  44.9966  19.9415 0003207 227.2437 132.8140 14.32364323937395
1 25414U 98046B   16203.46878040  .00000120  00000-0  95494-4 0  9990,2 25414  44.9966  13.0596 0003304 232.8585 127.1960 14.32365326937609
1 25414U 98046B   16204.51498858  .00000125  00000-0  97208-4 0  9992,2 25414  44.9966   8.1440 0003377 236.6445 123.4078 14.32365866937753
1 25414U 98046B   16204.86372456 +.00000123 +00000-0 +96471-4 0  9994,2 25414 044.9966 006.5055 0003393 237.9263 122.1254 14.32366016937623
1 25414U 98046B   16205.84018508  .00000126  00000-0  97821-4 0  9991,2 25414  44.9966   1.9176 0003445 241.5681 118.4818 14.32366467937948
1 25414U 98046B   16207.51411661  .00000118  00000-0  94853-4 0  9997,2 25414  44.9966 354.0525 0003531 247.6213 112.4259 14.32367212938181
1 25414U 98046B   16207.86285220 +.00000120 +00000-0 +95569-4 0  9993,2 25414 044.9967 352.4140 0003544 248.8430 111.2038 14.32367414938057
1 25414U 98046B   16208.83931208  .00000058  00000-0  72896-4 0  9993,2 25414  44.9967 347.8262 0003589 252.3894 107.6560 14.32367521938376
1 25414U 98046B   16210.16450737  .00000006  00000-0  53533-4 0  9995,2 25414  44.9968 341.5999 0003646 257.2420 102.8019 14.32367799938562
1 25414U 98046B   16210.58299007 -.00000010 +00000-0 +47817-4 0  9996,2 25414 044.9968 339.6337 0003665 258.5228 101.5206 14.32367856938442
1 25414U 98046B   16211.41995559 -.00000043  00000-0  35521-4 0  9999,2 25414  44.9968 335.7013 0003697 261.5795  98.4632 14.32367882938747
1 25414U 98046B   16211.83843862 -.00000082 +00000-0 +21521-4 0  9992,2 25414 044.9968 333.7352 0003698 263.1266 096.9160 14.32367699938625
1 25414U 98046B   16212.46616272 -.00000088  00000-0  19188-4 0  9997,2 25414  44.9968 330.7858 0003723 265.2729  94.7692 14.32367738938898
1 25414U 98046B   16213.51236959 -.00000083  00000-0  20996-4 0  9998,2 25414  44.9967 325.8705 0003753 269.1566  90.8850 14.32367832939044
1 25414U 98046B   16213.79135783 -.00000057 +00000-0 +30506-4 0  9990,2 25414 044.9967 324.5598 0003764 270.0852 089.9563 14.32368039938905
1 25414U 98046B   16214.76781700  .00000004  00000-0  52740-4 0  9999,2 25414  44.9966 319.9719 0003779 273.4938  86.5475 14.32368520939221
1 25414U 98046B   16216.51149353  .00000062  00000-0  74245-4 0  9994,2 25414  44.9964 311.7794 0003801 280.1013  79.9404 14.32369367939472
1 25414U 98046B   16216.72073458 +.00000081 +00000-0 +81220-4 0  9991,2 25414 044.9963 310.7963 0003795 280.9244 079.1175 14.32369574939325
1 25414U 98046B   16217.69719273  .00000104  00000-0  89743-4 0  9994,2 25414  44.9962 306.2084 0003797 284.4735  75.5690 14.32370228939649
1 25414U 98046B   16219.23162653  .00000103  00000-0  89108-4 0  9994,2 25414  44.9961 298.9989 0003798 290.1957  69.8480 14.32371059939860
1 25414U 98046B   16220.48707199  .00000094  00000-0  85989-4 0  9995,2 25414  44.9960 293.1002 0003785 294.8536  65.1916 14.32371645940048
1 25414U 98046B   16221.53327615  .00000099  00000-0  87707-4 0  9998,2 25414  44.9959 288.1847 0003778 298.8521  61.1946 14.32372156940190
1 25414U 98046B   16221.60302307 +.00000099 +00000-0 +87683-4 0  9990,2 25414 044.9958 287.8570 0003776 299.1007 060.9460 14.32372188940024
1 25414U 98046B   16222.57947991  .00000119  00000-0  95036-4 0  9995,2 25414  44.9956 283.2691 0003759 302.9184  57.1300 14.32372722940346
1 25414U 98046B   16224.18365802  .00000161  00000-0  11064-3 0  9994,2 25414  44.9953 275.7317 0003720 309.1023  50.9491 14.32373731940571
1 25414U 98046B   16224.60213917 +.00000167 +00000-0 +11264-3 0  9998,2 25414 044.9952 273.7655 0003701 310.8813 049.1712 14.32373986940453
1 25414U 98046B   16225.57859477 +.00000183 +00000-0 +11870-3 0  9993,2 25414 044.9950 269.1776 0003667 314.8556 045.1992 14.32374659940592
1 25414U 98046B   16226.55505006 +.00000175 +00000-0 +11557-3 0  9991,2 25414 044.9949 264.5895 0003631 318.8649 041.1923 14.32375225940915
1 25414U 98046B   16227.53150502 +.00000142 +00000-0 +10370-3 0  9993,2 25414 044.9948 260.0014 0003589 322.9605 037.0993 14.32375671940879
1 25414U 98046B   16228.15922587  .00000138  00000-0  10201-3 0  9990,2 25414  44.9948 257.0519 0003562 325.5470  34.5145 14.32376032941149
1 25414U 98046B   16229.48441404  .00000125  00000-0  97262-4 0  9990,2 25414  44.9948 250.8253 0003500 331.3709  28.6944 14.32376683941331
1 25414U 98046B   16229.90289433 +.00000131 +00000-0 +99658-4 0  9997,2 25414 044.9948 248.8590 0003484 333.1268 026.9397 14.32376931941219
1 25414U 98046B   16231.08858834  .00000120  00000-0  95593-4 0  9998,2 25414  44.9947 243.2877 0003417 338.4405  21.6297 14.32377410941564
1 25414U 98046B   16232.48352201  .00000096  00000-0  86674-4 0  9992,2 25414  44.9946 236.7334 0003337 345.0233  15.0513 14.32377875941767
1 25414U 98046B   16233.80870832  .00000076  00000-0  79427-4 0  9990,2 25414  44.9945 230.5067 0003252 351.3134   8.7655 14.32378404941953
1 25414U 98046B   16235.13389423  .00000052  00000-0  70526-4 0  9994,2 25414  44.9944 224.2800 0003171 358.0692   2.0142 14.32378912942144
1 25414U 98046B   16236.18009339  .00000040  00000-0  65999-4 0  9990,2 25414  44.9944 219.3641 0003111   3.5742 356.5126 14.32379305942296
1 25414U 98046B   16237.29603875  .00000049  00000-0  69505-4 0  9994,2 25414  44.9945 214.1205 0003036   9.5063 350.5840 14.32379818942458
1 25414U 98046B   16237.92375785 +.00000048 +00000-0 +69200-4 0  9991,2 25414 044.9946 211.1710 0002997 012.7193 347.3728 14.32380043942363
1 25414U 98046B   16238.41198380  .00000053  00000-0  70842-4 0  9990,2 25414  44.9947 208.8770 0002974  15.6605 344.4332 14.32380241942615
1 25414U 98046B   16238.90020960 +.00000062 +00000-0 +74063-4 0  9991,2 25414 044.9947 206.5829 0002946 018.2888 341.8063 14.32380449942506
1 25414U 98046B   16239.87666099  .00000073  00000-0  78194-4 0  9998,2 25414  44.9948 201.9949 0002888  23.8994 336.1985 14.32380852942827
1 25414U 98046B   16239.94640750 +.00000072 +00000-0 +77942-4 0  9991,2 25414 044.9948 201.6672 0002883 024.3651 335.7331 14.32380877942656
1 25414U 98046B   16241.20184472  .00000079  00000-0  80396-4 0  9991,2 25414  44.9949 195.7684 0002834  32.1539 327.9479 14.32381354943019
1 25414U 98046B   16242.24804188  .00000084  00000-0  82277-4 0  9995,2 25414  44.9950 190.8527 0002790  38.7331 321.3714 14.32381834943165
1 25414U 98046B   16243.29423875  .00000049  00000-0  69308-4 0  9992,2 25414  44.9950 185.9371 0002747  45.3237 314.7832 14.32382127943318
1 25414U 98046B   16244.34043537  .00000032  00000-0  63123-4 0  9993,2 25414  44.9950 181.0214 0002715  52.0535 308.0556 14.32382487943466
1 25414U 98046B   16244.82866038 +.00000026 +00000-0 +61039-4 0  9992,2 25414 044.9951 178.7274 0002699 055.1616 304.9483 14.32382628943350
1 25414U 98046B   16245.80511020  .00000038  00000-0  65567-4 0  9992,2 25414  44.9951 174.1393 0002680  61.6453 298.4663 14.32383031943674
1 25414U 98046B   16247.20003783  .00000096  00000-0  86591-4 0  9994,2 25414  44.9952 167.5851 0002669  71.1054 289.0081 14.32383815943872
1 25414U 98046B   16248.24623279  .00000161  00000-0  11057-3 0  9994,2 25414  44.9953 162.6693 0002674  78.3463 281.7683 14.32384596944024
1 25414U 98046B   16248.87394960 +.00000152 +00000-0 +10715-3 0  9995,2 25414 044.9953 159.7198 0002681 082.6836 277.4315 14.32384814943937
1 25414U 98046B   16249.78065109  .00000170  00000-0  11380-3 0  9995,2 25414  44.9953 155.4596 0002702  88.8447 271.2709 14.32385420944240
1 25414U 98046B   16249.92014355 +.00000173 +00000-0 +11501-3 0  9996,2 25414 044.9953 154.8042 0002706 089.7988 270.3168 14.32385547944084
1 25414U 98046B   16251.10582916  .00000177  00000-0  11627-3 0  9995,2 25414  44.9953 149.2332 0002751  97.5739 262.5420 14.32386445944436
1 25414U 98046B   16252.50075185  .00000211  00000-0  12881-3 0  9997,2 25414  44.9953 142.6790 0002795 106.7500 253.3652 14.32387893944633
1 25414U 98046B   16252.77973621 +.00000214 +00000-0 +13005-3 0  9990,2 25414 044.9953 141.3681 0002808 108.7274 251.3877 14.32388182944496
1 25414U 98046B   16253.68643524  .00000235  00000-0  13767-3 0  9995,2 25414  44.9952 137.1080 0002854 114.3812 245.7332 14.32389104944806
1 25414U 98046B   16254.80237173  .00000268  00000-0  14956-3 0  9996,2 25414  44.9951 131.8645 0002914 121.6317 238.4814 14.32390242944967
1 25414U 98046B   16254.87211777 +.00000245 +00000-0 +14144-3 0  9999,2 25414 044.9952 131.5368 0002918 122.0900 238.0230 14.32390172944795
1 25414U 98046B   16255.84856151  .00000283  00000-0  15505-3 0  9992,2 25414  44.9951 126.9487 0002977 128.2585 231.8530 14.32391146945119
1 25414U 98046B   16256.96449647  .00000308  00000-0  16441-3 0  9992,2 25414  44.9950 121.7051 0003074 135.1668 224.9426 14.32392128945271
1 25414U 98046B   16258.01068471  .00000310  00000-0  16510-3 0  9992,2 25414  44.9950 116.7892 0003173 141.4372 218.6701 14.32392962945429
1 25414U 98046B   16259.40560106  .00000308  00000-0  16435-3 0  9991,2 25414  44.9950 110.2347 0003300 149.5684 210.5353 14.32394186945626
1 25414U 98046B   16260.45178749  .00000295  00000-0  15938-3 0  9998,2 25414  44.9951 105.3189 0003416 155.4111 204.6898 14.32395109945775
1 25414U 98046B   16261.56771893  .00000283  00000-0  15502-3 0  9994,2 25414  44.9951 100.0752 0003520 161.4997 198.5978 14.32396114945933
1 25414U 98046B   16261.91644752 +.00000259 +00000-0 +14642-3 0  9993,2 25414 044.9952 098.4367 0003557 163.3602 196.7362 14.32396275945801
1 25414U 98046B   16262.75339552  .00000241  00000-0  13987-3 0  9997,2 25414  44.9953  94.5039 0003641 167.8405 192.2530 14.32396917946104
1 25414U 98046B   16262.89288683 +.00000245 +00000-0 +14124-3 0  9998,2 25414 044.9953 093.8485 0003651 168.5114 191.5816 14.32397055945941
1 25414U 98046B   16263.86932555  .00000284  00000-0  15539-3 0  9994,2 25414  44.9953  89.2603 0003742 173.6243 186.4651 14.32398052946267
1 25414U 98046B   16263.93907114 +.00000286 +00000-0 +15613-3 0  9990,2 25414 044.9953 088.9325 0003748 173.9718 186.1174 14.32398120946094
1 25414U 98046B   16264.91550921  .00000278  00000-0  15348-3 0  9995,2 25414  44.9953  84.3443 0003853 178.9387 181.1467 14.32398843946417
1 25414U 98046B   16266.44991132  .00000263  00000-0  14796-3 0  9998,2 25414  44.9954  77.1342 0003993 186.6421 173.4373 14.32399733946639
1 25414U 98046B   16267.91456668  .00000218  00000-0  13130-3 0  9992,2 25414  44.9956  70.2519 0004138 193.6482 166.4252 14.32400504946848
1 25414U 98046B   16269.44896621  .00000227  00000-0  13449-3 0  9992,2 25414  44.9958  63.0417 0004291 200.8559 159.2112 14.32401729947063
1 25414U 98046B   16270.49514719  .00000198  00000-0  12411-3 0  9999,2 25414  44.9960  58.1258 0004411 205.6767 154.3860 14.32402365947212
1 25414U 98046B   16271.82030902  .00000221  00000-0  13252-3 0  9995,2 25414  44.9962  51.8994 0004552 211.8915 148.1656 14.32403435947405
1 25414U 98046B   16273.42445125  .00000258  00000-0  14589-3 0  9994,2 25414  44.9965  44.3619 0004681 219.2514 140.7993 14.32404687947636
1 25414U 98046B   16273.49419656 +.00000255 +00000-0 +14468-3 0  9994,2 25414 044.9965 044.0342 0004687 219.5254 140.5251 14.32404716947465
1 25414U 98046B   16274.81935648  .00000247  00000-0  14198-3 0  9996,2 25414  44.9966  37.8078 0004793 225.4419 134.6036 14.32405568947831
1 25414U 98046B   16276.49324177  .00000196  00000-0  12307-3 0  9994,2 25414  44.9967  29.9427 0004913 232.7084 127.3314 14.32406438948077
1 25414U 98046B   16276.77222256 +.00000189 +00000-0 +12053-3 0  9990,2 25414 044.9968 028.6320 0004934 233.9624 126.0766 14.32406593947935
1 25414U 98046B   16277.53941951  .00000157  00000-0  10904-3 0  9993,2 25414  44.9969  25.0270 0004988 237.1796 122.8570 14.32406972948227
1 25414U 98046B   16278.65534205  .00000136  00000-0  10113-3 0  9996,2 25414  44.9970  19.7838 0005053 242.0604 117.9730 14.32407627948384
