1 25419U 98046G   15001.98736296  .00000516  00000-0  24441-3 0  9995,2 25419 044.9981 155.2418 0001022 221.9274 221.9082 14.31542560856404
1 25419U 98046G   15003.52891490  .00000475  00000-0  22934-3 0  9994,2 25419 044.9983 148.0088 0001133 224.7066 251.2625 14.31545970856623
1 25419U 98046G   15004.85865935  .00000775  00000-0  34104-3 0  9991,2 25419 044.9984 141.7698 0001189 228.6586 266.8517 14.31547517856814
1 25419U 98046G   15005.90878851  .00000968  00000-0  41282-3 0  9998,2 25419 044.9984 136.8426 0001256 231.5368 281.1198 14.31548038856964
1 25419U 98046G   15007.49307372  .00001031  00000-0  43652-3 0  9994,2 25419 044.9985 129.4092 0001331 234.6877 170.5921 14.31553239857195
1 25419U 98046G   15008.54353417  .00001103  00000-0  46301-3 0  9996,2 25419 044.9985 124.4805 0001332 236.4981 187.6483 14.31557010857349
1 25419U 98046G   15009.81536781  .00000786  00000-0  34515-3 0  9994,2 25419 044.9986 118.5133 0001377 239.3395 265.6574 14.31559404857525
1 25419U 98046G   15011.25713306  .00000575  00000-0  26658-3 0  9990,2 25419 044.9987 111.7483 0001427 241.9793 140.4834 14.31564463857739
1 25419U 98046G   15012.52357793  .00000626  00000-0  28544-3 0  9998,2 25419 044.9988 105.8062 0001458 246.3442 189.2111 14.31568781857917
1 25419U 98046G   15013.72157728  .00000773  00000-0  34012-3 0  9997,2 25419 044.9989 100.1850 0001467 248.9724 246.6108 14.31572654858089
1 25419U 98046G   15015.52609551  .00001048  00000-0  44256-3 0  9990,2 25419 044.9990 091.7178 0001469 253.2757 191.1699 14.31576979858348
1 25419U 98046G   15016.78346221  .00000859  00000-0  37198-3 0  9997,2 25419 044.9990 085.8180 0001483 256.7523 194.0103 14.31578940858522
1 25419U 98046G   15018.32515675  .00000894  00000-0  38499-3 0  9994,2 25419 044.9991 078.5840 0001485 260.9923 222.8484 14.31582623858747
1 25419U 98046G   15019.51464139  .00000689  00000-0  30868-3 0  9998,2 25419 044.9991 073.0025 0001462 263.3216 236.6779 14.31585302858915
1 25419U 98046G   15020.63143961  .00000445  00000-0  21797-3 0  9991,2 25419 044.9991 067.7621 0001452 266.5101 234.6930 14.31588012859070
1 25419U 98046G   15022.14768171  .00000689  00000-0  30869-3 0  9995,2 25419 044.9993 060.6472 0001416 270.0179 133.0107 14.31591540859295
1 25419U 98046G   15023.49377605  .00000648  00000-0  29335-3 0  9993,2 25419 044.9994 054.3308 0001392 275.1287 232.0049 14.31593117859481
1 25419U 98046G   15024.53842821  .00000786  00000-0  34497-3 0  9994,2 25419 044.9995 049.4290 0001364 278.6037 217.5927 14.31593186859633
1 25419U 98046G   15026.19578103  .00000920  00000-0  39462-3 0  9994,2 25419 044.9996 041.6521 0001302 284.6994 121.3112 14.31595772859873
1 25419U 98046G   15027.47390292  .00000990  00000-0  42058-3 0  9999,2 25419 044.9996 035.6549 0001245 289.9014 229.5840 14.31599861860057
1 25419U 98046G   15028.57606638  .00001002  00000-0  42500-3 0  9992,2 25419 044.9997 030.4832 0001186 293.6572 151.5931 14.31603850860218
1 25419U 98046G   15030.60283721  .00001047  00000-0  44182-3 0  9990,2 25419 044.9999 020.9728 0001058 299.5585 161.2996 14.31610930860503
1 25419U 98046G   15032.12893081  .00001252  00000-0  51807-3 0  9995,2 25419 045.0000 013.8119 0000945 304.2590 109.3711 14.31618069860720
1 25419U 98046G   15033.17893412  .00001436  00000-0  58654-3 0  9990,2 25419 045.0000 008.8849 0000864 307.3443 123.0365 14.31622274860872
1 25419U 98046G   15034.50903108  .00001222  00000-0  50699-3 0  9996,2 25419 044.9999 002.6438 0000768 312.8259 139.2764 14.31626082861067
1 25419U 98046G   15035.89250704  .00001397  00000-0  57198-3 0  9990,2 25419 044.9998 356.1519 0000646 318.3679 070.8476 14.31631025861260
1 25419U 98046G   15037.08501219  .00002005  00000-0  79788-3 0  9999,2 25419 044.9995 350.5521 0000704 324.8647 096.3087 14.31634197861433
1 25419U 98046G   15038.21681615  .00002043  00000-0  81221-3 0  9991,2 25419 044.9995 345.2412 0000612 329.8665 170.1269 14.31637527861596
1 25419U 98046G   15039.33344123  .00001092  00000-0  45835-3 0  9999,2 25419 044.9995 340.0056 0000345 341.4218 159.0878 14.31647837861755
1 25419U 98046G   15041.21909572  .00000913  00000-0  39172-3 0  9992,2 25419 044.9993 331.1571 0000227 020.6902 127.7345 14.31653796862024
1 25419U 98046G   15042.26988331  .00000997  00000-0  42279-3 0  9992,2 25419 044.9991 326.2261 0000154 040.3737 128.9867 14.31655527862179
1 25419U 98046G   15044.06727221  .00000766  00000-0  33711-3 0  9996,2 25419 044.9987 317.7915 0000231 103.2713 338.7012 14.31657293862438
1 25419U 98046G   15045.26741199  .00000821  00000-0  35736-3 0  9990,2 25419 044.9984 312.1595 0000319 121.8363 031.5859 14.31658394862601
1 25419U 98046G   15049.85386302  .00000602  00000-0  27578-3 0  9992,2 25419 044.9977 290.6357 0000780 154.4372 260.3087 14.31670227863260
1 25419U 98046G   15051.12542428  .00000723  00000-0  32102-3 0  9991,2 25419 044.9976 284.6682 0000906 160.5407 334.1798 14.31670910863448
1 25419U 98046G   15052.50899414  .00000788  00000-0  34522-3 0  9993,2 25419 044.9974 278.1751 0001058 166.6808 265.8712 14.31672984863643
1 25419U 98046G   15053.83340856  .00000828  00000-0  35981-3 0  9996,2 25419 044.9973 271.9595 0001192 171.4630 253.7470 14.31674051863830
1 25419U 98046G   15055.03811104  .00000969  00000-0  41242-3 0  9992,2 25419 044.9972 266.3058 0001295 176.2108 344.0636 14.31678102864007
1 25419U 98046G   15056.54680045  .00000740  00000-0  32720-3 0  9995,2 25419 044.9973 259.2243 0001423 182.0583 201.5740 14.31681514864228
1 25419U 98046G   15057.89359483  .00000745  00000-0  32890-3 0  9996,2 25419 044.9979 252.8963 0001116 191.1440 300.6459 14.31683134864413
1 25419U 98046G   15058.94375491  .00000842  00000-0  36520-3 0  9992,2 25419 044.9978 247.9676 0001221 195.1458 314.4577 14.31685462864564
1 25419U 98046G   15060.52656140  .00001041  00000-0  43895-3 0  9997,2 25419 044.9978 240.5390 0001341 201.8924 193.4872 14.31689781864798
1 25419U 98046G   15061.87785295  .00001194  00000-0  49561-3 0  9995,2 25419 044.9979 234.1972 0001477 206.4797 320.2956 14.31693621864985
1 25419U 98046G   15063.52938481  .00001133  00000-0  47317-3 0  9996,2 25419 044.9982 226.4462 0001635 212.6470 194.5007 14.31696999865228
1 25419U 98046G   15064.87758113  .00001006  00000-0  42575-3 0  9997,2 25419 044.9982 220.1189 0001742 217.2322 305.3750 14.31699399865416
1 25419U 98046G   15066.54418247  .00001192  00000-0  49505-3 0  9990,2 25419 044.9981 212.2970 0001901 223.7381 257.0355 14.31704592865651
1 25419U 98046G   15067.80666749  .00001236  00000-0  51119-3 0  9995,2 25419 044.9982 206.3718 0002000 228.6395 285.4408 14.31708094865831
1 25419U 98046G   15069.38867289  .00001177  00000-0  48920-3 0  9992,2 25419 044.9982 198.9469 0002121 234.7360 161.1162 14.31712067866062
1 25419U 98046G   15070.50685366  .00001081  00000-0  45368-3 0  9999,2 25419 044.9984 193.6989 0002205 238.6780 166.0275 14.31714597866222
1 25419U 98046G   15071.78549345  .00001103  00000-0  46164-3 0  9996,2 25419 044.9984 187.6980 0002258 242.4890 278.9157 14.31718170866402
1 25419U 98046G   15073.16311394  .00000992  00000-0  42034-3 0  9998,2 25419 044.9986 181.2324 0002355 247.1879 181.5846 14.31720884866604
1 25419U 98046G   15074.48722115  .00000952  00000-0  40554-3 0  9992,2 25419 044.9985 175.0181 0002415 251.2106 168.8593 14.31723554866795
1 25419U 98046G   15076.09471959  .00000797  00000-0  34803-3 0  9995,2 25419 044.9984 167.4737 0002494 256.7118 176.7323 14.31725762867025
1 25419U 98046G   15077.20058740  .00001182  00000-0  49097-3 0  9998,2 25419 044.9983 162.2834 0002528 260.5937 118.2463 14.31730716867183
1 25419U 98046G   15078.47538443  .00001217  00000-0  50399-3 0  9997,2 25419 044.9982 156.3004 0002542 264.9245 210.8669 14.31734525867360
1 25419U 98046G   15079.52481791  .00000900  00000-0  38614-3 0  9991,2 25419 044.9983 151.3749 0002566 268.2015 221.8435 14.31735321867515
1 25419U 98046G   15080.64146799  .00000880  00000-0  37880-3 0  9993,2 25419 044.9983 146.1341 0002603 272.6115 218.4852 14.31738014867671
1 25419U 98046G   15082.15652517  .00000819  00000-0  35596-3 0  9995,2 25419 044.9984 139.0231 0002641 278.0988 109.5408 14.31741473867895
1 25419U 98046G   15083.20652873  .00000916  00000-0  39217-3 0  9999,2 25419 044.9984 134.0950 0002656 281.8838 122.9863 14.31744391868044
1 25419U 98046G   15084.55362020  .00000994  00000-0  42082-3 0  9990,2 25419 044.9982 127.7723 0002653 286.7344 228.1272 14.31747437868230
1 25419U 98046G   15086.14833069  .00001281  00000-0  52730-3 0  9994,2 25419 044.9980 120.2872 0002641 292.6170 169.7885 14.31752388868467
1 25419U 98046G   15087.48267927  .00001358  00000-0  55615-3 0  9996,2 25419 044.9979 114.0242 0002606 297.5723 209.1181 14.31756048868652
1 25419U 98046G   15088.53329926  .00001315  00000-0  54012-3 0  9994,2 25419 044.9979 109.0929 0002590 301.6934 225.4613 14.31758797868802
1 25419U 98046G   15089.83804582  .00001432  00000-0  58346-3 0  9998,2 25419 044.9981 102.9687 0002561 306.9330 111.8124 14.31762947868991
1 25419U 98046G   15091.46232163  .00001374  00000-0  56170-3 0  9998,2 25419 044.9982 095.3448 0002504 313.5131 205.3982 14.31767154869225
1 25419U 98046G   15092.83991417  .00001469  00000-0  59709-3 0  9990,2 25419 044.9984 088.8787 0002442 318.6983 107.6843 14.31771668869429
1 25419U 98046G   15094.10642348  .00001404  00000-0  57270-3 0  9998,2 25419 044.9985 082.9341 0002370 324.0046 156.7504 14.31775034869602
1 25419U 98046G   15095.14042231  .00001304  00000-0  53569-3 0  9994,2 25419 044.9985 078.0807 0002299 328.7406 086.7946 14.31777529869755
1 25419U 98046G   15096.41165998  .00001260  00000-0  51921-3 0  9992,2 25419 044.9986 072.1139 0002226 334.6763 159.6588 14.31781138869934
1 25419U 98046G   15098.14308553  .00001115  00000-0  46542-3 0  9992,2 25419 044.9989 063.9868 0002100 342.7336 084.7094 14.31785424870182
1 25419U 98046G   15099.34772890  .00001012  00000-0  42742-3 0  9998,2 25419 044.9990 058.3323 0002008 349.2430 173.4471 14.31788206870357
1 25419U 98046G   15100.85654838  .00001012  00000-0  42723-3 0  9997,2 25419 044.9994 051.2500 0001893 357.2170 030.1100 14.31792262870570
1 25419U 98046G   15102.20313286  .00001148  00000-0  47783-3 0  9998,2 25419 044.9996 044.9295 0001786 005.0148 129.9280 14.31796479870767
1 25419U 98046G   15103.25456807  .00001097  00000-0  45870-3 0  9999,2 25419 044.9997 039.9943 0001695 010.9678 148.7988 14.31798945870915
1 25419U 98046G   15104.29664336  .00001109  00000-0  46326-3 0  9993,2 25419 044.9998 035.1030 0001615 017.6387 118.6705 14.31801799871066
1 25419U 98046G   15106.18388888  .00001436  00000-0  58434-3 0  9994,2 25419 044.9998 026.2446 0001470 030.3614 123.1470 14.31809314871333
1 25419U 98046G   15107.22718147  .00001448  00000-0  58894-3 0  9998,2 25419 044.9999 021.3475 0001418 038.8922 097.4790 14.31812811871489
1 25419U 98046G   15108.81466201  .00001442  00000-0  58632-3 0  9999,2 25419 045.0000 013.8959 0001343 051.9256 355.0656 14.31817863871712
1 25419U 98046G   15110.16176065  .00001560  00000-0  63031-3 0  9996,2 25419 045.0002 007.5728 0001306 063.5133 093.8685 14.31822855871907
1 25419U 98046G   15111.20532545  .00001768  00000-0  70724-3 0  9998,2 25419 045.0002 002.6745 0001292 072.3936 069.3056 14.31827523872059
1 25419U 98046G   15112.72118218  .00001832  00000-0  73093-3 0  9997,2 25419 045.0001 355.5592 0001274 086.6703 316.1834 14.31833206872274
1 25419U 98046G   15113.78079198  .00001720  00000-0  68911-3 0  9996,2 25419 045.0000 350.5854 0001295 096.5060 013.4872 14.31836459872427
1 25419U 98046G   15114.81609838  .00001759  00000-0  70371-3 0  9996,2 25419 044.9999 345.7255 0001314 105.4562 306.2968 14.31840517872577
1 25419U 98046G   15116.08846595  .00001515  00000-0  61328-3 0  9992,2 25419 044.9997 339.7528 0001386 117.3299 019.3402 14.31843960872759
1 25419U 98046G   15117.39855472  .00001194  00000-0  49439-3 0  9993,2 25419 044.9997 333.6029 0001474 128.3992 287.8320 14.31846940872941
1 25419U 98046G   15118.44753740  .00001060  00000-0  44466-3 0  9992,2 25419 044.9996 328.6786 0001552 136.6068 291.9881 14.31849553873095
1 25419U 98046G   15119.55535934  .00000944  00000-0  40182-3 0  9999,2 25419 044.9996 323.4780 0001649 144.6545 239.9018 14.31851912873252
1 25419U 98046G   15121.04311669  .00000837  00000-0  36207-3 0  9997,2 25419 044.9995 316.4938 0001805 154.6900 346.1704 14.31854776873465
1 25419U 98046G   15122.55631727  .00000700  00000-0  31122-3 0  9994,2 25419 044.9994 309.3904 0001962 164.0140 224.4435 14.31857177873684
1 25419U 98046G   15123.82342448  .00000648  00000-0  29192-3 0  9999,2 25419 044.9993 303.4422 0002095 171.2866 275.0217 14.31859399873864
1 25419U 98046G   15124.95530826  .00000653  00000-0  29379-3 0  9996,2 25419 044.9992 298.1285 0002226 177.4531 349.0070 14.31861584874020
1 25419U 98046G   15126.83516685  .00000835  00000-0  36119-3 0  9994,2 25419 044.9988 289.3034 0002460 186.2642 319.6471 14.31860292874292
1 25419U 98046G   15128.49001485  .00000133  00000-0  10109-3 0  9997,2 25419 044.9994 281.5352 0002548 195.1914 209.1916 14.31861987874530
1 25419U 98046G   15129.82966822  .00001008  00000-0  42516-3 0  9999,2 25419 044.9991 275.2461 0002670 201.3286 275.2489 14.31866392874721
1 25419U 98046G   15130.88019498  .00001086  00000-0  45420-3 0  9998,2 25419 044.9990 270.3144 0002779 206.1726 290.8077 14.31869223874874
1 25419U 98046G   15132.39839632  .00001644  00000-0  66054-3 0  9992,2 25419 044.9990 263.1872 0002905 213.0930 197.3752 14.31876346875097
1 25419U 98046G   15133.51367745  .00001638  00000-0  65824-3 0  9995,2 25419 044.9989 257.9515 0003018 217.8820 187.1412 14.31879943875250
1 25419U 98046G   15134.79162867  .00001790  00000-0  71447-3 0  9991,2 25419 044.9988 251.9522 0003106 223.2131 295.7225 14.31885390875436
1 25419U 98046G   15135.96793096  .00001500  00000-0  60701-3 0  9995,2 25419 044.9987 246.4300 0003196 227.9197 240.4589 14.31887968875602
1 25419U 98046G   15137.14608075  .00001454  00000-0  58988-3 0  9991,2 25419 044.9987 240.8991 0003303 232.7696 194.6007 14.31891734875773
1 25419U 98046G   15138.41229086  .00001178  00000-0  48797-3 0  9993,2 25419 044.9985 234.9547 0003396 237.6859 243.0613 14.31894131875955
1 25419U 98046G   15139.44632231  .00001148  00000-0  47689-3 0  9993,2 25419 044.9985 230.1004 0003442 242.0029 174.1416 14.31897045876102
1 25419U 98046G   15140.50511630  .00000913  00000-0  38971-3 0  9994,2 25419 044.9984 225.1298 0003504 246.0181 233.2974 14.31898389876256
1 25419U 98046G   15141.54529851  .00000742  00000-0  32652-3 0  9993,2 25419 044.9984 220.2467 0003571 250.4499 196.0112 14.31899860876407
1 25419U 98046G   15142.60492571  .00000556  00000-0  25755-3 0  9998,2 25419 044.9983 215.2723 0003615 254.6209 259.3245 14.31901045876554
1 25419U 98046G   15143.65249308  .00000413  00000-0  20463-3 0  9995,2 25419 044.9982 210.3544 0003661 258.8336 260.3741 14.31902147876702
1 25419U 98046G   15145.16192718  .00000334  00000-0  17543-3 0  9992,2 25419 044.9980 203.2680 0003719 264.6985 122.9295 14.31903894876922
1 25419U 98046G   15146.50148110  .00000310  00000-0  16674-3 0  9996,2 25419 044.9978 196.9791 0003753 269.8903 189.6119 14.31905257877117
1 25419U 98046G   15147.55843233  .00000359  00000-0  18477-3 0  9996,2 25419 044.9976 192.0170 0003768 274.0711 239.1259 14.31906446877267
1 25419U 98046G   15148.93838939  .00000385  00000-0  19431-3 0  9996,2 25419 044.9975 185.5383 0003785 279.5495 154.0060 14.31907849877462
1 25419U 98046G   15150.11728692  .00000339  00000-0  17722-3 0  9993,2 25419 044.9974 180.0034 0003781 284.0795 112.4049 14.31908753877633
1 25419U 98046G   15150.55477160  .00000349  00000-0  18098-3 0  9990,2 25419 044.9975 177.9497 0003802 286.5612 207.2521 14.31901279877691
1 25419U 98046G   15152.14319313  .00000327  00000-0  17276-3 0  9995,2 25419 044.9976 170.4923 0003779 293.1133 116.6730 14.31902739877922
1 25419U 98046G   15153.49030683  .00000252  00000-0  14501-3 0  9999,2 25419 044.9975 164.1680 0003744 298.4047 222.2551 14.31903658878113
1 25419U 98046G   15155.14172105  .00000349  00000-0  18118-3 0  9994,2 25419 044.9976 156.4149 0003690 304.9080 096.7716 14.31905631878354
1 25419U 98046G   15156.41959584  .00000428  00000-0  21030-3 0  9994,2 25419 044.9975 150.4156 0003634 310.4464 204.8570 14.31907047878534
1 25419U 98046G   15157.46278405  .00000514  00000-0  24219-3 0  9994,2 25419 044.9975 145.5179 0003580 314.8415 183.1474 14.31908446878680
1 25419U 98046G   15159.12068832  .00000656  00000-0  29475-3 0  9996,2 25419 044.9976 137.7342 0003482 322.2899 090.2335 14.31911072878926
1 25419U 98046G   15160.17043822  .00000797  00000-0  34667-3 0  9990,2 25419 044.9977 132.8058 0003415 327.1391 101.9444 14.31913357879070
1 25419U 98046G   15161.37489174  .00000799  00000-0  34741-3 0  9992,2 25419 044.9979 127.1509 0003304 332.5412 191.3582 14.31915218879244
1 25419U 98046G   15165.34726441  .00000978  00000-0  41382-3 0  9992,2 25419 044.9986 108.5014 0003019 352.5155 148.3631 14.31923693879811
1 25419U 98046G   15166.32335941 +.00000889 +00000-0 +38079-3 0  9992,2 25419 044.9987 103.9188 0002938 357.5957 139.8369 14.31925167879762
1 25419U 98046G   15167.83876711  .00000794  00000-0  34562-3 0  9992,2 25419 044.9988 096.8040 0002804 005.7942 031.0081 14.31927827880174
1 25419U 98046G   15169.18523124  .00000711  00000-0  31474-3 0  9997,2 25419 044.9989 090.4826 0002700 013.7977 130.6533 14.31930169880361
1 25419U 98046G   15170.23560404  .00000571  00000-0  26311-3 0  9995,2 25419 044.9991 085.5513 0002616 020.0333 144.2632 14.31931347880512
1 25419U 98046G   15171.33725851  .00000497  00000-0  23576-3 0  9993,2 25419 044.9993 080.3792 0002534 026.7818 061.9757 14.31932773880670
1 25419U 98046G   15172.38733954  .00000428  00000-0  21013-3 0  9990,2 25419 044.9994 075.4492 0002451 034.2087 072.8988 14.31933880880827
1 25419U 98046G   15173.77030360  .00000407  00000-0  20228-3 0  9999,2 25419 044.9995 068.9565 0002361 043.9109 359.2078 14.31935406881029
1 25419U 98046G   15175.11684730  .00000697  00000-0  30964-3 0  9994,2 25419 044.9995 062.6348 0002297 053.2322 097.9894 14.31939093881217
1 25419U 98046G   15176.56732135  .00000454  00000-0  21987-3 0  9993,2 25419 044.9995 055.8250 0002233 063.4343 012.1643 14.31939483881426
1 25419U 98046G   15177.75339567  .00000393  00000-0  19711-3 0  9991,2 25419 044.9995 050.2564 0002211 071.8664 003.8303 14.31940861881598
1 25419U 98046G   15179.02641450  .00000325  00000-0  17207-3 0  9993,2 25419 044.9995 044.2797 0002212 081.4037 083.0274 14.31942259881771
1 25419U 98046G   15180.07224384  .00000269  00000-0  15118-3 0  9999,2 25419 044.9996 039.3697 0002226 088.8239 072.0560 14.31943287881921
1 25419U 98046G   15181.44964832  .00000233  00000-0  13822-3 0  9991,2 25419 044.9997 032.9028 0002241 099.3180 328.9330 14.31944461882124
1 25419U 98046G   15182.77340862  .00000284  00000-0  15689-3 0  9998,2 25419 044.9997 026.6876 0002296 109.8300 309.0559 14.31945900882319
1 25419U 98046G   15183.97738888  .00000300  00000-0  16263-3 0  9998,2 25419 044.9997 021.0350 0002362 118.6159 032.7880 14.31947055882487
1 25419U 98046G   15185.02158984  .00000366  00000-0  18725-3 0  9996,2 25419 044.9997 016.1325 0002425 126.1876 013.2786 14.31948324882630
1 25419U 98046G   15186.53620091  .00000645  00000-0  29037-3 0  9994,2 25419 044.9997 009.0212 0002511 136.5981 258.2521 14.31951518882855
1 25419U 98046G   15187.80125736  .00000500  00000-0  23676-3 0  9994,2 25419 044.9997 003.0817 0002613 144.7234 297.8178 14.31952319883033
1 25419U 98046G   15188.85898491  .00000539  00000-0  25107-3 0  9998,2 25419 044.9998 358.1157 0002690 151.1444 349.2762 14.31953864883188
1 25419U 98046G   15190.51516028  .00000695  00000-0  30868-3 0  9990,2 25419 044.9996 350.3394 0002899 161.1920 245.1005 14.31950671883428
1 25419U 98046G   15191.86156782  .00000097  00000-0  87853-4 0  9999,2 25419 044.9999 344.0183 0002971 169.3659 344.3851 14.31951054883615
1 25419U 98046G   15192.90534823  .00000181  00000-0  11890-3 0  9992,2 25419 044.9999 339.1180 0003072 174.3683 325.2944 14.31952592883768
1 25419U 98046G   15194.48842473  .00000561  00000-0  25931-3 0  9993,2 25419 044.9999 331.6853 0003214 183.1692 205.1902 14.31955720883999
1 25419U 98046G   15195.76849762  .00000510  00000-0  24039-3 0  9995,2 25419 044.9998 325.6755 0003329 189.6468 323.9151 14.31957510884176
1 25419U 98046G   15196.81717595  .00000405  00000-0  20171-3 0  9996,2 25419 044.9998 320.7519 0003439 194.8145 329.9534 14.31958484884321
1 25419U 98046G   15198.46878039  .00000279  00000-0  15515-3 0  9995,2 25419 044.9998 312.9974 0003594 202.7817 204.3142 14.31959936884566
1 25419U 98046G   15199.51774414  .00000266  00000-0  15006-3 0  9995,2 25419 044.9997 308.0724 0003696 207.7553 212.0288 14.31960926884714
1 25419U 98046G   15200.78932628  .00000246  00000-0  14260-3 0  9999,2 25419 044.9997 302.1024 0003803 213.6757 287.5187 14.31961906884897
1 25419U 98046G   15202.10125106  .00000179  00000-0  11789-3 0  9990,2 25419 044.9996 295.9428 0003920 219.6928 211.0859 14.31962559885084
1 25419U 98046G   15203.14871632  .00000191  00000-0  12243-3 0  9997,2 25419 044.9995 291.0250 0003996 224.2549 211.4906 14.31963468885231
1 25419U 98046G   15204.47308604  .00000183  00000-0  11934-3 0  9995,2 25419 044.9993 284.8071 0004080 229.8255 199.7299 14.31964530885425
1 25419U 98046G   15205.52212072  .00000167  00000-0  11364-3 0  9994,2 25419 044.9991 279.8818 0004143 234.3094 208.3172 14.31965297885572
1 25419U 98046G   15206.65381823  .00000157  00000-0  10987-3 0  9999,2 25419 044.9989 274.5684 0004200 239.1467 283.0981 14.31966074885733
1 25419U 98046G   15208.53326178  .00000183  00000-0  11949-3 0  9998,2 25419 044.9985 265.7440 0004306 247.0906 253.1874 14.31967402886000
1 25419U 98046G   15209.58257374  .00000252  00000-0  14504-3 0  9992,2 25419 044.9984 260.8172 0004361 251.6030 263.1877 14.31968438886157
1 25419U 98046G   15210.62647360  .00000278  00000-0  15450-3 0  9996,2 25419 044.9982 255.9158 0004403 256.0752 245.3039 14.31969242886304
1 25419U 98046G   15212.14113890  .00000288  00000-0  15828-3 0  9991,2 25419 044.9980 248.8040 0004448 262.4095 134.7436 14.31970432886522
1 25419U 98046G   15213.48929500  .00000311  00000-0  16663-3 0  9997,2 25419 044.9979 242.4740 0004467 268.1363 245.5988 14.31971752886719
1 25419U 98046G   15214.53132797  .00000280  00000-0  15525-3 0  9999,2 25419 044.9978 237.5814 0004472 272.3874 218.3153 14.31972493886866
1 25419U 98046G   15216.11970697  .00000264  00000-0  14930-3 0  9995,2 25419 044.9977 230.1233 0004478 279.1465 127.7163 14.31973739887090
1 25419U 98046G   15217.46648902  .00000314  00000-0  16792-3 0  9999,2 25419 044.9976 223.7997 0004458 284.8731 231.4958 14.31975003887283
1 25419U 98046G   15219.13385999  .00000355  00000-0  18290-3 0  9999,2 25419 044.9975 215.9706 0004423 291.7757 188.3743 14.31976565887523
1 25419U 98046G   15220.32268782  .00000417  00000-0  20607-3 0  9996,2 25419 044.9976 210.3885 0004382 296.7149 197.8976 14.31977949887693
1 25419U 98046G   15221.43888595  .00000492  00000-0  23356-3 0  9996,2 25419 044.9976 205.1476 0004339 301.6432 192.6634 14.31979641887857
1 25419U 98046G   15223.17006403  .00000339  00000-0  17698-3 0  9991,2 25419 044.9978 197.0191 0004253 309.3179 118.0462 14.31980729888109
1 25419U 98046G   15224.37450405  .00000278  00000-0  15466-3 0  9992,2 25419 044.9979 191.3639 0004184 315.0660 207.3393 14.31981716888276
1 25419U 98046G   15225.75151800  .00000189  00000-0  12163-3 0  9994,2 25419 044.9981 184.8984 0004101 321.3317 106.6179 14.31982422888477
1 25419U 98046G   15226.85943325  .00000327  00000-0  17274-3 0  9999,2 25419 044.9981 179.6962 0004025 326.3281 058.5798 14.31981714888638
1 25419U 98046G   15227.90930539  .00000282  00000-0  15613-3 0  9994,2 25419 044.9982 174.7666 0003944 331.2948 071.0696 14.31982507888784
1 25419U 98046G   15229.18242128  .00000378  00000-0  19131-3 0  9991,2 25419 044.9982 168.7889 0003831 337.5900 154.2008 14.31984205888964
1 25419U 98046G   15230.29917381  .00000320  00000-0  16995-3 0  9997,2 25419 044.9983 163.5455 0003749 343.0341 151.3325 14.31984894889129
1 25419U 98046G   15231.60991716  .00000208  00000-0  12885-3 0  9996,2 25419 044.9985 157.3911 0003643 349.6623 068.3005 14.31985510889316
1 25419U 98046G   15232.93308659  .00000213  00000-0  13053-3 0  9995,2 25419 044.9987 151.1785 0003521 356.5740 049.1100 14.31986720889509
1 25419U 98046G   15234.21075906  .00000220  00000-0  13307-3 0  9994,2 25419 044.9988 145.1796 0003422 003.6706 154.9692 14.31987815889683
1 25419U 98046G   15235.79305361  .00000265  00000-0  14965-3 0  9999,2 25419 044.9988 137.7502 0003294 012.4241 031.0683 14.31989255889915
1 25419U 98046G   15236.91192280 +.00000282 +00000-0 +15587-3 0  9998,2 25419 044.9987 132.4968 0003211 018.8632 038.1489 14.31990189889881
1 25419U 98046G   15238.10888789  .00000275  00000-0  15352-3 0  9999,2 25419 044.9986 126.8765 0003126 025.7836 087.7374 14.31991053890246
1 25419U 98046G   15239.77613756 +.00000308 +00000-0 +16561-3 0  9993,2 25419 044.9986 119.0479 0003006 035.9386 040.8379 14.31992868890297
1 25419U 98046G   15240.54278244  .00000340  00000-0  17759-3 0  9995,2 25419 044.9986 115.4482 0002959 040.6781 032.1045 14.31993928890594
1 25419U 98046G   15240.89057053 +.00000350 +00000-0 +18114-3 0  9993,2 25419 044.9986 113.8151 0002940 042.8708 024.5533 14.31994434890457
1 25419U 98046G   15241.72415030  .00000372  00000-0  18940-3 0  9990,2 25419 044.9987 109.9010 0002890 048.5033 000.3253 14.31995561890763
1 25419U 98046G   15241.86687271 +.00000372 +00000-0 +18930-3 0  9992,2 25419 044.9987 109.2309 0002878 049.4875 015.8119 14.31995736890594
1 25419U 98046G   15243.07098859  .00000330  00000-0  17367-3 0  9992,2 25419 044.9987 103.5771 0002823 057.8214 100.9121 14.31996870890953
1 25419U 98046G   15243.76155995 +.00000343 +00000-0 +17857-3 0  9991,2 25419 044.9988 100.3345 0002787 062.5873 059.6094 14.31997683890861
1 25419U 98046G   15244.52095274  .00000350  00000-0  18113-3 0  9993,2 25419  44.9988  96.7688 0002758  67.7811  13.0105 14.31998480891163
1 25419U 98046G   15244.73803685 +.00000344 +00000-0 +17887-3 0  9999,2 25419 044.9988 095.7495 0002753 069.3703 051.6124 14.31998684891009
1 25419U 98046G   15245.71447778 +.00000314 +00000-0 +16779-3 0  9991,2 25419 044.9987 091.1646 0002725 076.2428 043.3431 14.31999439891330
1 25419U 98046G   15246.68988380 +.00000284 +00000-0 +15683-3 0  9996,2 25419 044.9987 086.5845 0002711 083.0726 029.7788 14.32000133891283
1 25419U 98046G   15247.03603145  .00000274  00000-0  15304-3 0  9998,2 25419  44.9987  84.9593 0002716  85.6673  13.3673 14.32000387891529
1 25419U 98046G   15248.55846456  .00000240  00000-0  14029-3 0  9996,2 25419  44.9986  77.8104 0002720  96.9958 298.0672 14.32001489891742
1 25419U 98046G   15248.93029001 +.00000232 +00000-0 +13749-3 0  9996,2 25419 044.9987 076.0645 0002728 099.5730 054.1767 14.32001761891603
1 25419U 98046G   15249.82361609  .00000199  00000-0  12538-3 0  9995,2 25419  44.9987  71.8696 0002768 106.6003 336.8758 14.32002312891927
1 25419U 98046G   15249.90907866 +.00000201 +00000-0 +12593-3 0  9990,2 25419 044.9987 071.4683 0002769 107.0665 057.4123 14.32002387891743
1 25419U 98046G   15250.88392675  .00000198  00000-0  12488-3 0  9993,2 25419  44.9989  66.8909 0002797 113.6133  41.2627 14.32003152892076
1 25419U 98046G   15251.92498178  .00000229  00000-0  13641-3 0  9991,2 25419  44.9990  62.0026 0002835 120.7964   6.1203 14.32004138892222
1 25419U 98046G   15253.52564307  .00000265  00000-0  14968-3 0  9990,2 25419  44.9993  54.4867 0002907 131.2604 335.3769 14.32005512892457
1 25419U 98046G   15253.88385166 +.00000254 +00000-0 +14564-3 0  9993,2 25419 044.9994 052.8048 0002930 133.5532 021.5108 14.32005737892317
1 25419U 98046G   15254.85293197  .00000300  00000-0  16270-3 0  9991,2 25419  44.9994  48.2544 0003018 140.0624 335.6330 14.32002364892645
1 25419U 98046G   15254.92732918 +.00000284 +00000-0 +15675-3 0  9997,2 25419 044.9994 047.9052 0003023 140.6774 358.9213 14.32002446892462
1 25419U 98046G   15255.90350961  .00000222  00000-0  13397-3 0  9991,2 25419  44.9995  43.3216 0003094 146.6519 350.2189 14.32002970892791
1 25419U 98046G   15257.50186455  .00000181  00000-0  11873-3 0  9995,2 25419  44.9996  35.8165 0003216 156.5568 308.1273 14.32004050893025
1 25419U 98046G   15258.53657612  .00000181  00000-0  11875-3 0  9999,2 25419  44.9997  30.9581 0003300 162.6615 241.3338 14.32004921893172
1 25419U 98046G   15258.83244825 +.00000182 +00000-0 +11893-3 0  9991,2 25419 044.9998 029.5689 0003319 164.3996 326.3533 14.32005161893029
1 25419U 98046G   15259.81502656  .00000157  00000-0  10963-3 0  9998,2 25419  44.9999  24.9554 0003399 170.1414 350.9067 14.32005723893353
1 25419U 98046G   15261.19230709  .00000210  00000-0  12922-3 0  9996,2 25419  45.0001  18.4884 0003512 177.8710 250.2176 14.32006941893551
1 25419U 98046G   15262.51621387  .00000298  00000-0  16188-3 0  9993,2 25419  45.0002  12.2720 0003636 184.9675 234.7482 14.32008322893742
1 25419U 98046G   15262.81107888 +.00000313 +00000-0 +16726-3 0  9997,2 25419 045.0002 010.8876 0003657 186.3302 314.9496 14.32008617893590
1 25419U 98046G   15263.78746328  .00000349  00000-0  18085-3 0  9991,2 25419  45.0002   6.3031 0003740 191.3685 308.2570 14.32009553893922
1 25419U 98046G   15265.51846228  .00000337  00000-0  17612-3 0  9996,2 25419  45.0001 358.1754 0003887 200.1258 231.8234 14.32011142894171
1 25419U 98046G   15265.73985369 +.00000341 +00000-0 +17780-3 0  9991,2 25419 045.0001 357.1360 0003898 201.0315 293.3458 14.32011418894019
1 25419U 98046G   15266.72302916  .00000341  00000-0  17783-3 0  9995,2 25419  45.0000 352.5195 0003977 205.8560 321.9228 14.32012518894346
1 25419U 98046G   15268.23124591  .00000395  00000-0  19761-3 0  9991,2 25419  45.0000 345.4377 0004096 213.1639 177.3537 14.32014614894560
1 25419U 98046G   15268.67539532 +.00000388 +00000-0 +19514-3 0  9992,2 25419 044.9999 343.3523 0004126 215.0780 307.3516 14.32015044894433
1 25419U 98046G   15269.57809689  .00000384  00000-0  19370-3 0  9991,2 25419  44.9999 339.1137 0004193 219.2799 281.2982 14.32016013894756
1 25419U 98046G   15269.72013157 +.00000384 +00000-0 +19372-3 0  9997,2 25419 044.9999 338.4467 0004200 219.9059 293.6044 14.32016169894588
1 25419U 98046G   15270.62760330  .00000425  00000-0  20852-3 0  9991,2 25419  44.9998 334.1857 0004261 224.1070 292.1710 14.32017329894900
1 25419U 98046G   15272.21310255  .00000447  00000-0  21679-3 0  9997,2 25419  44.9997 326.7409 0004363 231.3099 186.5253 14.32019060895131
1 25419U 98046G   15273.55635196  .00000501  00000-0  23682-3 0  9996,2 25419  44.9995 320.4337 0004426 237.3101 272.0244 14.32020878895321
1 25419U 98046G   15273.62354956 +.00000500 +00000-0 +23630-3 0  9998,2 25419 044.9995 320.1181 0004428 237.6632 258.4279 14.32020953895149
1 25419U 98046G   15274.59588647  .00000517  00000-0  24266-3 0  9995,2 25419  44.9993 315.5525 0004471 242.0256 231.5702 14.32022268895477
1 25419U 98046G   15276.18799547  .00000531  00000-0  24765-3 0  9995,2 25419  44.9991 308.0765 0004534 248.8832 160.4098 14.32024545895706
1 25419U 98046G   15277.53529071  .00000493  00000-0  23388-3 0  9995,2 25419  44.9989 301.7500 0004571 254.6870 267.0075 14.32026090895894
1 25419U 98046G   15279.18645140  .00000441  00000-0  21466-3 0  9992,2 25419  44.9988 293.9964 0004612 261.8054 140.3289 14.32027867896130
1 25419U 98046G   15280.46389272  .00000495  00000-0  23452-3 0  9992,2 25419  44.9987 287.9979 0004624 267.3987 246.6904 14.32029698896315
1 25419U 98046G   15281.56753856  .00000470  00000-0  22539-3 0  9995,2 25419  44.9987 282.8154 0004624 271.9842 177.2321 14.32030915896478
1 25419U 98046G   15281.91408369 +.00000464 +00000-0 +22287-3 0  9993,2 25419 044.9987 281.1881 0004630 273.5742 163.9149 14.32031295896338
1 25419U 98046G   15283.16537481  .00000383  00000-0  19303-3 0  9995,2 25419  44.9986 275.3122 0004612 278.9589 135.5568 14.32032394896700
1 25419U 98046G   15284.44313928  .00000337  00000-0  17626-3 0  9990,2 25419  44.9986 269.3123 0004583 284.5321 243.6267 14.32033704896880
1 25419U 98046G   15284.97501727 +.00000333 +00000-0 +17463-3 0  9999,2 25419 044.9986 266.8147 0004576 286.9097 105.8990 14.32034318896778
1 25419U 98046G   15286.16725900  .00000340  00000-0  17731-3 0  9999,2 25419  44.9986 261.2162 0004538 292.1690 132.9676 14.32035713897133
1 25419U 98046G   15287.37137213  .00000424  00000-0  20840-3 0  9995,2 25419  44.9986 255.5621 0004494 297.6217 221.1084 14.32037433897309
1 25419U 98046G   15287.77241321 +.00000429 +00000-0 +21016-3 0  9996,2 25419 044.9987 253.6788 0004484 299.3783 128.8481 14.32037857897178
1 25419U 98046G   15288.74875522  .00000457  00000-0  22042-3 0  9991,2 25419  44.9986 249.0941 0004444 303.5717 122.8855 14.32038982897504
1 25419U 98046G   15288.89439612 +.00000501 +00000-0 +23653-3 0  9992,2 25419 044.9986 248.4102 0004435 304.2078 153.8031 14.32039399897338
1 25419U 98046G   15289.85640664  .00000559  00000-0  25803-3 0  9992,2 25419  44.9986 243.8928 0004383 308.5438  73.7482 14.32040752897663
1 25419U 98046G   15290.90611556  .00000627  00000-0  28305-3 0  9994,2 25419  44.9986 238.9635 0004320 313.2304  85.9014 14.32042473897814
1 25419U 98046G   15292.17186988  .00000721  00000-0  31786-3 0  9993,2 25419  44.9986 233.0199 0004234 319.0171 131.8299 14.32044978897992
1 25419U 98046G   15293.22875421  .00000752  00000-0  32917-3 0  9998,2 25419  44.9986 228.0570 0004157 323.8994 180.8317 14.32046979898145
1 25419U 98046G   15294.27255983  .00000738  00000-0  32411-3 0  9992,2 25419  44.9986 223.1556 0004081 328.6149 162.5168 14.32048815898294
1 25419U 98046G   15294.88443399 +.00000747 +00000-0 +32730-3 0  9993,2 25419 044.9986 220.2823 0004033 331.4822 077.1375 14.32050035898193
1 25419U 98046G   15295.78738655  .00000702  00000-0  31064-3 0  9995,2 25419  44.9986 216.0423 0003970 335.8004  52.3771 14.32051372898517
1 25419U 98046G   15295.92992684 +.00000729 +00000-0 +32058-3 0  9998,2 25419 044.9986 215.3729 0003954 336.4007 067.3367 14.32051806898340
1 25419U 98046G   15296.83711838  .00000704  00000-0  31155-3 0  9999,2 25419  44.9985 211.1128 0003882 340.8361  64.3408 14.32053258898669
1 25419U 98046G   15296.90626209 +.00000725 +00000-0 +31924-3 0  9991,2 25419 044.9985 210.7881 0003870 341.1479 060.8361 14.32053494898482
1 25419U 98046G   15298.18398588  .00000756  00000-0  33073-3 0  9990,2 25419  44.9983 204.7881 0003767 347.6251 167.8914 14.32055943898851
1 25419U 98046G   15299.22695252  .00000678  00000-0  30185-3 0  9998,2 25419  44.9982 199.8905 0003678 352.8756 144.7449 14.32057266899005
1 25419U 98046G   15299.90852122 +.00000653 +00000-0 +29271-3 0  9991,2 25419 044.9982 196.6898 0003618 356.4160 058.3612 14.32058281898913
1 25419U 98046G   15300.82072696  .00000596  00000-0  27168-3 0  9994,2 25419  44.9981 192.4061 0003538   1.3942  80.7202 14.32059532899233
1 25419U 98046G   15300.96716942 +.00000598 +00000-0 +27235-3 0  9995,2 25419 044.9981 191.7184 0003527 002.1964 115.6183 14.32059780899064
1 25419U 98046G   15302.15805154  .00000509  00000-0  23946-3 0  9999,2 25419  44.9981 186.1261 0003432   8.8457 134.3910 14.32061208899427
1 25419U 98046G   15302.91081110 +.00000508 +00000-0 +23919-3 0  9990,2 25419 044.9981 182.5912 0003367 012.9829 054.7941 14.32062358899343
1 25419U 98046G   15303.67095439  .00000490  00000-0  23269-3 0  9991,2 25419  44.9980 179.0216 0003309  17.3557  13.0672 14.32063364899643
1 25419U 98046G   15303.88693968 +.00000504 +00000-0 +23774-3 0  9992,2 25419 044.9981 178.0074 0003289 018.6452 046.3497 14.32063767899483
1 25419U 98046G   15304.72056050  .00000478  00000-0  22795-3 0  9993,2 25419  44.9980 174.0927 0003227  23.5024  23.3150 14.32064703899793
1 25419U 98046G   15305.83914473  .00000593  00000-0  27041-3 0  9995,2 25419  44.9978 168.8399 0003146  30.3380  28.8346 14.32066709899958
1 25419U 98046G   15305.91308693 +.00000509 +00000-0 +23960-3 0  9998,2 25419 044.9978 168.4927 0003141 030.8017 049.9431 14.32066344899772
1 25419U 98046G   15307.04375797  .00000485  00000-0  23060-3 0  9997,2 25419  44.9976 163.1830 0003068  37.7115 117.7662 14.32067487900129
1 25419U 98046G   15308.08669784  .00000525  00000-0  24548-3 0  9991,2 25419  44.9975 158.2853 0003009  44.4588  93.0275 14.32068888900270
1 25419U 98046G   15309.39825255  .00000454  00000-0  21914-3 0  9998,2 25419  44.9973 152.1261 0002932  52.9230  12.7440 14.32070019900468
1 25419U 98046G   15310.57819209  .00000420  00000-0  20683-3 0  9997,2 25419  44.9972 146.5848 0002873  60.8094 333.8542 14.32071236900636
1 25419U 98046G   15310.95002066 +.00000384 +00000-0 +19322-3 0  9991,2 25419 044.9972 144.8387 0002862 063.5508 089.9088 14.32071449900497
1 25419U 98046G   15311.77042435  .00000429  00000-0  20986-3 0  9994,2 25419  44.9973 140.9859 0002827  69.3378 357.7646 14.32072784900803
1 25419U 98046G   15311.92862780 +.00000413 +00000-0 +20417-3 0  9996,2 25419 044.9974 140.2430 0002832 070.2776 093.2240 14.32072897900639
1 25419U 98046G   15312.90081023  .00000387  00000-0  19443-3 0  9995,2 25419  44.9974 135.6775 0002802  76.8548  63.5371 14.32073922900966
1 25419U 98046G   15313.79623056 +.00000440 +00000-0 +21399-3 0  9994,2 25419 044.9975 131.4723 0002778 083.1073 358.0536 14.32075338900902
1 25419U 98046G   15314.85489346  .00000455  00000-0  21955-3 0  9998,2 25419  44.9976 126.5007 0002770  90.1310  54.2071 14.32076671901245
1 25419U 98046G   15314.92686894 +.00000513 +00000-0 +24109-3 0  9992,2 25419 044.9976 126.1626 0002771 090.7439 065.0211 14.32077110901062
1 25419U 98046G   15315.90338994  .00000459  00000-0  22108-3 0  9992,2 25419  44.9976 121.5767 0002764  97.9977  57.0600 14.32077954901390
1 25419U 98046G   15316.94641060  .00000404  00000-0  20060-3 0  9993,2 25419  44.9977 116.6786 0002772 105.0872  32.4361 14.32078901901542
1 25419U 98046G   15318.46163252  .00000454  00000-0  21919-3 0  9993,2 25419  44.9978 109.5627 0002801 115.6915 281.0836 14.32081114901769
1 25419U 98046G   15319.52111640  .00000419  00000-0  20642-3 0  9998,2 25419  44.9979 104.5872 0002828 122.8347 341.3772 14.32082345901918
1 25419U 98046G   15319.87602884 +.00000406 +00000-0 +20160-3 0  9992,2 25419 044.9979 102.9206 0002837 125.2818 010.4477 14.32082795901770
1 25419U 98046G   15320.85162213  .00000503  00000-0  23704-3 0  9994,2 25419  44.9981  98.3390 0002875 131.9785 358.2820 14.32084772902104
1 25419U 98046G   15322.36651082  .00000642  00000-0  28862-3 0  9993,2 25419  44.9985  91.2248 0002933 141.6710 246.1547 14.32087850902328
1 25419U 98046G   15323.41623505  .00000697  00000-0  30858-3 0  9997,2 25419  44.9988  86.2952 0002986 148.2993 256.6260 14.32089924902479
1 25419U 98046G   15324.53503748  .00000682  00000-0  30313-3 0  9997,2 25419  44.9990  81.0412 0003057 155.1551 263.3531 14.32091654902630
1 25419U 98046G   15324.76382333 +.00000650 +00000-0 +29155-3 0  9994,2 25419 044.9990 079.9669 0003074 156.3231 002.8366 14.32091886902478
1 25419U 98046G   15325.80613119  .00000669  00000-0  29834-3 0  9993,2 25419  44.9991  75.0721 0003141 162.5395 335.4626 14.32093797902815
1 25419U 98046G   15327.11755295  .00000621  00000-0  28051-3 0  9999,2 25419  44.9993  68.9135 0003225 170.2732 255.3471 14.32095925903006
1 25419U 98046G   15328.51342034  .00000624  00000-0  28188-3 0  9991,2 25419  44.9994  62.3583 0003330 178.1327 250.9002 14.32098437903200
1 25419U 98046G   15328.66752022 +.00000643 +00000-0 +28866-3 0  9993,2 25419 044.9994 061.6347 0003337 178.8851 325.3851 14.32098798903036
1 25419U 98046G   15329.71677431  .00000607  00000-0  27555-3 0  9994,2 25419  44.9995  56.7072 0003410 184.5546 334.4281 14.32100387903377
1 25419U 98046G   15331.51576359  .00000561  00000-0  25862-3 0  9990,2 25419  44.9998  48.2588 0003539 193.9634 248.7783 14.32102846903637
1 25419U 98046G   15332.57323286  .00000574  00000-0  26317-3 0  9996,2 25419  44.9999  43.2928 0003611 199.2405 300.6224 14.32104346903788
1 25419U 98046G   15332.63998127 +.00000569 +00000-0 +26156-3 0  9990,2 25419 044.9999 042.9794 0003616 199.5375 284.7840 14.32104411903609
1 25419U 98046G   15333.68955539  .00000588  00000-0  26830-3 0  9996,2 25419  45.0000  38.0506 0003684 204.6533 296.0526 14.32105934903945
1 25419U 98046G   15335.20678603  .00000597  00000-0  27160-3 0  9997,2 25419  45.0000  30.9254 0003783 212.0068 198.4625 14.32108202904163
1 25419U 98046G   15336.55218001  .00000546  00000-0  25302-3 0  9998,2 25419  45.0000  24.6074 0003856 218.2211 295.2465 14.32109931904351
1 25419U 98046G   15337.45520539 +.00000491 +00000-0 +23261-3 0  9991,2 25419 045.0000 020.3666 0003908 222.3931 271.2036 14.32110945904292
1 25419U 98046G   15339.18720630  .00000374  00000-0  18943-3 0  9998,2 25419  45.0000  12.2327 0003997 230.3466 201.3760 14.32112539904734
1 25419U 98046G   15340.52931713  .00000497  00000-0  23493-3 0  9996,2 25419  45.0000   5.9299 0004045 236.4282 281.3724 14.32114815904927
1 25419U 98046G   15342.18033017  .00000600  00000-0  27282-3 0  9996,2 25419  45.0000 358.1761 0004111 243.4620 154.5474 14.32117459905169
1 25419U 98046G   15343.45764461  .00000601  00000-0  27298-3 0  9999,2 25419  44.9999 352.1776 0004141 249.0962 260.6220 14.32119030905343
1 25419U 98046G   15344.83618258  .00000692  00000-0  30653-3 0  9993,2 25419  44.9999 345.7036 0004164 254.9322 168.8829 14.32121635905540
1 25419U 98046G   15344.96657678 +.00000559 +00000-0 +25752-3 0  9992,2 25419 044.9999 345.0912 0004166 255.5402 121.1878 14.32121057905379
1 25419U 98046G   15346.15794269  .00000588  00000-0  26828-3 0  9990,2 25419  44.9999 339.4961 0004176 260.2817 144.6299 14.32123147905733
1 25419U 98046G   15347.43659606  .00000561  00000-0  25849-3 0  9990,2 25419  44.9998 333.4912 0004163 266.0959 257.4644 14.32125019905916
1 25419U 98046G   15347.96866119 +.00000533 +00000-0 +24790-3 0  9990,2 25419 044.9998 330.9924 0004170 268.2985 121.0516 14.32125638905801
1 25419U 98046G   15348.81342169  .00000601  00000-0  27312-3 0  9998,2 25419  44.9998 327.0251 0004165 271.8314 157.0166 14.32127262906111
1 25419U 98046G   15348.94501051 +.00000647 +00000-0 +29000-3 0  9995,2 25419 044.9998 326.4070 0004162 272.4160 115.5152 14.32127777905941
1 25419U 98046G   15350.13710189  .00000686  00000-0  30426-3 0  9990,2 25419  44.9998 320.8084 0004149 277.2624 142.6230 14.32129847906306
1 25419U 98046G   15351.19539287  .00000586  00000-0  26738-3 0  9995,2 25419  44.9998 315.8382 0004124 281.7410 199.6080 14.32130836906458
1 25419U 98046G   15351.94746266 +.00000592 +00000-0 +26961-3 0  9990,2 25419 044.9997 312.3061 0004102 285.0004 117.5181 14.32132015906378
1 25419U 98046G   15352.84951492  .00000668  00000-0  29786-3 0  9991,2 25419  44.9997 308.0697 0004076 288.8705  88.8292 14.32133853906693
1 25419U 98046G   15352.92322132 +.00000539 +00000-0 +25021-3 0  9998,2 25419 044.9997 307.7236 0004070 289.2466 108.8258 14.32133234906510
1 25419U 98046G   15353.89945075  .00000583  00000-0  26658-3 0  9998,2 25419  44.9997 303.1388 0004036 293.1911 102.8705 14.32135037906849
1 25419U 98046G   15355.16432493  .00000607  00000-0  27514-3 0  9994,2 25419  44.9996 297.1986 0003973 298.5481 145.1096 14.32137302907025
1 25419U 98046G   15356.22190550  .00000599  00000-0  27221-3 0  9992,2 25419  44.9995 292.2318 0003916 303.0929 198.3977 14.32139218907177
1 25419U 98046G   15357.27184039  .00000608  00000-0  27575-3 0  9996,2 25419  44.9994 287.3008 0003853 307.6390 212.2327 14.32141080907321
1 25419U 98046G   15358.31515310  .00000632  00000-0  28426-3 0  9995,2 25419  44.9993 282.4009 0003793 312.1600 191.9235 14.32142925907471
1 25419U 98046G   15358.85385374 +.00000581 +00000-0 +26558-3 0  9996,2 25419 044.9992 279.8709 0003760 314.4190 089.7326 14.32143484907364
1 25419U 98046G   15359.83009400  .00000532  00000-0  24779-3 0  9997,2 25419  44.9991 275.2860 0003689 318.8726  83.3574 14.32144656907697
1 25419U 98046G   15359.89895383 +.00000481 +00000-0 +22893-3 0  9994,2 25419 044.9990 274.9626 0003680 319.2325 078.3614 14.32144441907515
1 25419U 98046G   15361.24355149  .00000442  00000-0  21457-3 0  9999,2 25419  44.9989 268.6477 0003575 325.4806 171.1791 14.32146045907894
1 25419U 98046G   15361.92505370 +.00000348 +00000-0 +17987-3 0  9995,2 25419 044.9988 265.4469 0003518 328.5715 085.1192 14.32146354907802
1 25419U 98046G   15362.75865786  .00000322  00000-0  17023-3 0  9990,2 25419  44.9987 261.5319 0003453 332.5715  63.1057 14.32147163908115
1 25419U 98046G   15362.90128361 +.00000290 +00000-0 +15864-3 0  9993,2 25419 044.9987 260.8621 0003439 333.2448 078.4822 14.32147161907945
1 25419U 98046G   15364.17901362  .00000234  00000-0  13796-3 0  9994,2 25419  44.9985 254.8613 0003339 339.4560 186.2647 14.32148203908312
1 25419U 98046G   15364.92703376 +.00000197 +00000-0 +12413-3 0  9995,2 25419 044.9984 251.3481 0003272 343.0488 082.9885 14.32148711908233
1 25419U 98046G   15365.82969586  .00000268  00000-0  15036-3 0  9995,2 25419  44.9983 247.1088 0003199 347.4705  56.9485 14.32149903908552
1 25419U 98046G   15365.90318223 +.00000265 +00000-0 +14944-3 0  9994,2 25419 044.9983 246.7636 0003192 347.7908 075.8708 14.32149963908371
1 25419U 98046G   16002.10716925  .00000227  00000-0  13515-3 0  9997,2 25419  44.9980 241.1091 0003090 353.9951 163.1049 14.32150760908732
1 25419U 98046G   16002.92943008 +.00000249 +00000-0 +14332-3 0  9993,2 25419 044.9979 237.2472 0003011 358.2695 082.2902 14.32151533908665
1 25419U 98046G   16003.83179904  .00000290  00000-0  15831-3 0  9991,2 25419  44.9977 233.0091 0002930   3.1299  54.3073 14.32152436908986
1 25419U 98046G   16003.90533655 +.00000252 +00000-0 +14436-3 0  9994,2 25419 044.9977 232.6637 0002924 003.5585 073.3852 14.32152267908801
1 25419U 98046G   16005.10285091  .00000250  00000-0  14392-3 0  9995,2 25419  44.9975 227.0393 0002812  10.3939 126.5948 14.32153175909167
1 25419U 98046G   16005.93121426 +.00000209 +00000-0 +12882-3 0  9993,2 25419 044.9974 223.1486 0002732 015.0723 076.8755 14.32153588909093
1 25419U 98046G   16006.83382116  .00000204  00000-0  12670-3 0  9998,2 25419  44.9974 218.9093 0002651  20.4060  49.6543 14.32154293909416
1 25419U 98046G   16006.90680253 +.00000187 +00000-0 +12047-3 0  9997,2 25419 044.9974 218.5665 0002647 020.8619 065.8356 14.32154250909231
1 25419U 98046G   16008.03254813  .00000165  00000-0  11243-3 0  9995,2 25419  44.9973 213.2792 0002555  27.6522 108.7193 14.32154998909582
1 25419U 98046G   16008.94360567 +.00000142 +00000-0 +10392-3 0  9998,2 25419 044.9973 209.0002 0002485 033.2782 124.8211 14.32155507909523
1 25419U 98046G   16009.83570218  .00000128  00000-0  98784-4 0  9999,2 25419  44.9974 204.8102 0002417  38.8672  43.1088 14.32156022909845
1 25419U 98046G   16010.89270154  .00000156  00000-0  10904-3 0  9991,2 25419  44.9974 199.8457 0002338  45.8742  91.0018 14.32156839909996
1 25419U 98046G   16010.96631233 +.00000156 +00000-0 +10930-3 0  9997,2 25419 044.9974 199.5000 0002335 046.3376 110.4248 14.32156896909818
1 25419U 98046G   16011.94255666  .00000185  00000-0  11994-3 0  9991,2 25419  44.9973 194.9148 0002268  52.9161 101.9928 14.32157631910145
1 25419U 98046G   16013.52522347  .00000265  00000-0  14908-3 0  9997,2 25419  44.9972 187.4812 0002176  63.8433 338.8095 14.32159096910378
1 25419U 98046G   16013.89553039 +.00000239 +00000-0 +13977-3 0  9995,2 25419 044.9972 185.7420 0002166 066.4574 087.2565 14.32159206910233
1 25419U 98046G   16014.87207862  .00000238  00000-0  13921-3 0  9992,2 25419  44.9973 181.1553 0002125  73.4914  79.9460 14.32159947910562
1 25419U 98046G   16015.47699130 +.00000219 +00000-0 +13249-3 0  9994,2 25419 044.9973 178.3141 0002099 077.8881 317.3553 14.32160347910461
1 25419U 98046G   16016.04764275  .00000213  00000-0  13017-3 0  9998,2 25419  44.9974 175.6339 0002082  82.0276  18.2086 14.32160791910730
1 25419U 98046G   16017.42931039  .00000225  00000-0  13459-3 0  9998,2 25419  44.9977 169.1444 0002038  92.4618 298.2273 14.32161975910939
1 25419U 98046G   16018.47885704  .00000239  00000-0  13968-3 0  9991,2 25419  44.9979 164.2149 0002014 100.4512 306.6985 14.32162916911083
1 25419U 98046G   16019.52438058  .00000272  00000-0  15177-3 0  9995,2 25419  44.9981 159.3044 0002006 108.2624 294.5890 14.32163922911231
1 25419U 98046G   16019.89255147 +.00000253 +00000-0 +14473-3 0  9998,2 25419 044.9981 157.5754 0002007 110.6823 032.2131 14.32164092911096
1 25419U 98046G   16020.86898308  .00000319  00000-0  16923-3 0  9994,2 25419  44.9982 152.9894 0002017 117.8307  24.2036 14.32165206911428
1 25419U 98046G   16022.52628733  .00000369  00000-0  18749-3 0  9995,2 25419  44.9983 145.2055 0002058 130.1209 284.8908 14.32167122911664
1 25419U 98046G   16022.82100714 +.00000382 +00000-0 +19239-3 0  9992,2 25419 044.9983 143.8213 0002069 131.9476 004.0482 14.32167499911511
1 25419U 98046G   16023.65790852  .00000365  00000-0  18596-3 0  9998,2 25419  44.9983 139.8906 0002100 137.7392 357.3221 14.32168297911828
1 25419U 98046G   16024.78023537  .00000332  00000-0  17395-3 0  9992,2 25419  44.9984 134.6193 0002143 145.3771  21.7728 14.32169400911981
1 25419U 98046G   16026.08416359  .00000264  00000-0  14880-3 0  9995,2 25419  44.9986 128.4950 0002202 154.2303 262.2193 14.32170492912174
1 25419U 98046G   16027.26811322  .00000297  00000-0  16116-3 0  9995,2 25419  44.9987 122.9343 0002272 161.6457 244.9230 14.32171799912348
1 25419U 98046G   16028.39927686  .00000272  00000-0  15195-3 0  9990,2 25419  44.9989 117.6215 0002345 168.7815 315.4930 14.32172653912505
1 25419U 98046G   16028.68450586 +.00000298 +00000-0 +16153-3 0  9995,2 25419 044.9989 116.2819 0002356 170.3988 345.8858 14.32173057912350
1 25419U 98046G   16029.66058553  .00000309  00000-0  16545-3 0  9990,2 25419  44.9990 111.6976 0002427 176.1237 337.5138 14.32173885912689
1 25419U 98046G   16031.24277824  .00000301  00000-0  16232-3 0  9996,2 25419  44.9989 104.2664 0002540 184.6527 214.3730 14.32175149912912
1 25419U 98046G   16032.50770355  .00000388  00000-0  19454-3 0  9997,2 25419  44.9989  98.3254 0002624 191.0319 256.0350 14.32176897913096
1 25419U 98046G   16033.56692584  .00000344  00000-0  17811-3 0  9998,2 25419  44.9989  93.3505 0002688 196.3270 317.1891 14.32177685913246
1 25419U 98046G   16033.63943693 +.00000335 +00000-0 +17484-3 0  9992,2 25419 044.9989 093.0099 0002696 196.6039 331.1290 14.32177728913063
1 25419U 98046G   16034.61390172  .00000348  00000-0  17988-3 0  9992,2 25419  44.9989  88.4330 0002755 201.4559 315.3140 14.32178856913394
1 25419U 98046G   16036.12367075  .00000342  00000-0  17739-3 0  9994,2 25419  44.9989  81.3417 0002849 208.8991 179.5227 14.32180375913617
1 25419U 98046G   16037.54343170  .00000549  00000-0  25338-3 0  9994,2 25419  44.9990  74.6726 0003044 217.8760 297.9393 14.32220038913811
1 25419U 98046G   16038.64692282  .00000569  00000-0  26075-3 0  9998,2 25419  44.9991  69.4892 0003094 222.6881 228.2142 14.32221756913975
1 25419U 98046G   16038.92259950 +.00000590 +00000-0 +26839-3 0  9992,2 25419 044.9991 068.1943 0003111 223.9446 209.7191 14.32222253913824
1 25419U 98046G   16040.09781360  .00000581  00000-0  26531-3 0  9997,2 25419  44.9991  62.6741 0003160 228.9582 149.9636 14.32223906914184
1 25419U 98046G   16041.51549071  .00000660  00000-0  29419-3 0  9992,2 25419  44.9992  56.0150 0003200 235.1359 260.4021 14.32226595914389
1 25419U 98046G   16042.46579462  .00002162  00000-0  79322-3 0  9991,2 25419  44.9998  51.5521 0004343 233.0754 127.0167 14.32239780914527
1 25419U 98046G   16043.10317279  .00000611  00000-0  27626-3 0  9996,2 25419  44.9992  48.5572 0003242 241.7987 167.7626 14.32228973914617
1 25419U 98046G   16044.14895029  .00000598  00000-0  27160-3 0  9992,2 25419  44.9993  43.6449 0003262 246.0714 160.7536 14.32230657914766
1 25419U 98046G   16045.42615546  .00000728  00000-0  31913-3 0  9994,2 25419  44.9995  37.6455 0003273 251.2994 267.1968 14.32233381914946
1 25419U 98046G   16045.96169262 +.00000673 +00000-0 +29902-3 0  9996,2 25419 044.9995 035.1299 0003289 253.3723 149.0407 14.32233933914832
1 25419U 98046G   16046.80327554  .00000689  00000-0  30475-3 0  9994,2 25419  44.9996  31.1768 0003295 256.7141 169.1264 14.32235330915140
1 25419U 98046G   16046.93440870 +.00000618 +00000-0 +27860-3 0  9991,2 25419 044.9996 030.5608 0003296 257.1965 125.4250 14.32235127914970
1 25419U 98046G   16047.91079583  .00000778  00000-0  33748-3 0  9998,2 25419  44.9997  25.9744 0003302 260.9256 120.8584 14.32237604915302
1 25419U 98046G   16049.10284775  .00000700  00000-0  30888-3 0  9999,2 25419  44.9999  20.3751 0003282 265.5213 148.4866 14.32239343915471
1 25419U 98046G   16050.23464981  .00000637  00000-0  28568-3 0  9995,2 25419  45.0000  15.0589 0003256 270.0121 225.2744 14.32240994915637
1 25419U 98046G   16051.35101697  .00000572  00000-0  26173-3 0  9999,2 25419  45.0000   9.8152 0003219 274.3815 222.5301 14.32242570915798
1 25419U 98046G   16051.96183487 +.00000454 +00000-0 +21859-3 0  9998,2 25419 045.0000 006.9460 0003208 276.4360 132.9386 14.32242923915692
1 25419U 98046G   16052.86470584  .00000468  00000-0  22343-3 0  9999,2 25419  45.0000   2.7050 0003184 280.4028 108.7506 14.32248572916018
1 25419U 98046G   16052.95006617 +.00000421 +00000-0 +20642-3 0  9990,2 25419 045.0000 002.3041 0003164 280.6689 189.0358 14.32248614915830
1 25419U 98046G   16054.21099992  .00000342  00000-0  17731-3 0  9996,2 25419  45.0000 356.3813 0003120 285.3393 212.1396 14.32250002916201
1 25419U 98046G   16055.26066125  .00000313  00000-0  16652-3 0  9993,2 25419  45.0001 351.4508 0003070 289.4655 225.3974 14.32250969916355
1 25419U 98046G   16055.66188654 +.00000293 +00000-0 +15923-3 0  9996,2 25419 045.0001 349.5661 0003058 290.9735 134.6449 14.32251145916227
1 25419U 98046G   16056.71058093  .00000318  00000-0  16847-3 0  9990,2 25419  45.0000 344.6402 0003005 295.0992 142.9175 14.32252078916569
1 25419U 98046G   16056.92054881 +.00000275 +00000-0 +15249-3 0  9991,2 25419 045.0000 343.6538 0002989 295.8813 145.7976 14.32252024916402
1 25419U 98046G   16057.82145883  .00000305  00000-0  16366-3 0  9999,2 25419  45.0000 339.4220 0002937 299.5054 111.8483 14.32252936916728
1 25419U 98046G   16057.90258448 +.00000294 +00000-0 +15981-3 0  9999,2 25419 045.0000 339.0410 0002921 299.9821 170.0688 14.32252993916541
1 25419U 98046G   16059.23921557  .00000276  00000-0  15296-3 0  9994,2 25419  44.9999 332.7626 0002839 305.2972 223.2281 14.32254144916923
1 25419U 98046G   16059.85448544 +.00000307 +00000-0 +16425-3 0  9992,2 25419 044.9999 329.8725 0002802 307.5486 156.4422 14.32254893916829
1 25419U 98046G   16060.82038765  .00000267  00000-0  14984-3 0  9994,2 25419  44.9998 325.3355 0002741 311.4129  97.6920 14.32255598917157
1 25419U 98046G   16061.87481943  .00000315  00000-0  16739-3 0  9994,2 25419  44.9997 320.3826 0002669 315.6096 135.5226 14.32256820917309
1 25419U 98046G   16061.94774318 +.00000275 +00000-0 +15262-3 0  9998,2 25419 044.9997 320.0400 0002664 315.9481 151.5512 14.32256689917129
1 25419U 98046G   16063.14290161  .00000303  00000-0  16285-3 0  9999,2 25419  44.9995 314.4260 0002588 320.8213 195.0130 14.32257776917487
1 25419U 98046G   16064.18653581  .00000315  00000-0  16741-3 0  9993,2 25419  44.9992 309.5236 0002490 325.2495 176.8925 14.32258678917633
1 25419U 98046G   16065.49839067  .00000396  00000-0  19712-3 0  9993,2 25419  44.9990 303.3613 0002386 330.8314 101.9387 14.32260168917827
1 25419U 98046G   16065.91721331 +.00000365 +00000-0 +18555-3 0  9994,2 25419 044.9989 301.3939 0002341 332.6971 101.6648 14.32260401917696
1 25419U 98046G   16066.76075039  .00000416  00000-0  20439-3 0  9996,2 25419  44.9987 297.4313 0002266 336.2846 131.6713 14.32261511918007
1 25419U 98046G   16067.80454818  .00000459  00000-0  22009-3 0  9990,2 25419  44.9986 292.5279 0002159 340.8892 114.2367 14.32263054918158
1 25419U 98046G   16067.95166542 +.00000429 +00000-0 +20926-3 0  9993,2 25419 044.9986 291.8369 0002149 341.7014 152.7149 14.32263069917986
1 25419U 98046G   16069.06699605  .00000402  00000-0  19916-3 0  9996,2 25419  44.9984 286.5975 0002020 346.8186 143.9628 14.32264357918337
1 25419U 98046G   16070.45016847  .00000376  00000-0  18982-3 0  9994,2 25419  44.9983 280.1001 0001895 352.9400  76.5776 14.32265881918532
1 25419U 98046G   16070.73981303 +.00000367 +00000-0 +18631-3 0  9994,2 25419 044.9983 278.7394 0001850 354.5153 129.8971 14.32266151918387
1 25419U 98046G   16071.85599007  .00000390  00000-0  19486-3 0  9999,2 25419  44.9981 273.4961 0001742   0.2837 124.8733 14.32267515918736
1 25419U 98046G   16072.97187714  .00000372  00000-0  18836-3 0  9999,2 25419  44.9980 268.2540 0001605   5.5797 118.8307 14.32268600918894
1 25419U 98046G   16074.02107899  .00000371  00000-0  18806-3 0  9999,2 25419  44.9979 263.3250 0001490  11.1833 128.3119 14.32269615919044
1 25419U 98046G   16075.46212963  .00000434  00000-0  21096-3 0  9992,2 25419  44.9978 256.5553 0001354  19.3529 357.6234 14.32271396919251
1 25419U 98046G   16075.89888306 +.00000389 +00000-0 +19463-3 0  9993,2 25419 044.9978 254.5034 0001301 022.5129 088.6151 14.32271585919122
1 25419U 98046G   16076.80057179  .00000387  00000-0  19372-3 0  9998,2 25419  44.9978 250.2676 0001203  28.5912  56.2944 14.32272553919446
1 25419U 98046G   16076.95611126 +.00000354 +00000-0 +18163-3 0  9993,2 25419 044.9978 249.5368 0001193 029.7208 137.9290 14.32272562919276
1 25419U 98046G   16077.85118887  .00000321  00000-0  16953-3 0  9998,2 25419  44.9979 245.3320 0001111  36.2196  71.0700 14.32273358919591
1 25419U 98046G   16077.92557029 +.00000319 +00000-0 +16867-3 0  9992,2 25419 044.9979 244.9826 0001093 037.0275 094.1569 14.32273439919413
1 25419U 98046G   16078.90792432  .00000314  00000-0  16697-3 0  9996,2 25419  44.9980 240.3678 0001023  44.5802 116.6950 14.32274437919741
1 25419U 98046G   16080.48968553  .00000321  00000-0  16955-3 0  9996,2 25419  44.9981 232.9373 0000908  58.2121 346.7994 14.32275991919973
1 25419U 98046G   16080.57433674 +.00000315 +00000-0 +16732-3 0  9993,2 25419 044.9981 232.5396 0000903 059.2624 062.6484 14.32276037919798
1 25419U 98046G   16081.55060487 +.00000315 +00000-0 +16722-3 0  9999,2 25419 044.9982 227.9535 0000847 068.8191 051.7810 14.32276929920125
1 25419U 98046G   16082.81267995  .00000280  00000-0  15456-3 0  9996,2 25419  44.9981 222.0247 0000791  83.2649  71.1277 14.32277827920308
1 25419U 98046G   16084.19048109  .00000303  00000-0  16283-3 0  9998,2 25419  44.9981 215.5523 0000749  99.7218 325.7522 14.32279185920501
1 25419U 98046G   16085.51181697  .00000236  00000-0  13833-3 0  9998,2 25419  44.9981 209.3451 0000761 116.1109 289.0218 14.32280009920690
1 25419U 98046G   16086.79023501  .00000223  00000-0  13361-3 0  9990,2 25419  44.9981 203.3395 0000809 130.4663  32.8223 14.32281009920879
1 25419U 98046G   16088.16697730  .00000234  00000-0  13751-3 0  9999,2 25419  44.9983 196.8721 0000865 144.5131 284.4062 14.32282151921076
1 25419U 98046G   16089.49055572  .00000283  00000-0  15562-3 0  9994,2 25419  44.9984 190.6547 0000938 156.1710 263.9970 14.32283522921262
1 25419U 98046G   16089.56416277 +.00000282 +00000-0 +15532-3 0  9991,2 25419 044.9984 190.3089 0000942 156.5475 283.5212 14.32283578921085
1 25419U 98046G   16090.54020875  .00000310  00000-0  16536-3 0  9993,2 25419  44.9984 185.7241 0001008 164.8309 272.8068 14.32284513921412
1 25419U 98046G   16092.14429166  .00000305  00000-0  16363-3 0  9999,2 25419  44.9983 178.1888 0001124 175.7944 260.8432 14.32285830921649
1 25419U 98046G   16093.46840477  .00000250  00000-0  14351-3 0  9991,2 25419  44.9981 171.9686 0001230 183.6356 247.0254 14.32286670921830
1 25419U 98046G   16094.51723306  .00000224  00000-0  13370-3 0  9990,2 25419  44.9980 167.0416 0001301 189.5438 254.3423 14.32287447921989
1 25419U 98046G   16094.66700762 +.00000226 +00000-0 +13440-3 0  9997,2 25419 044.9980 166.3380 0001308 190.3302 306.5745 14.32287593921819
1 25419U 98046G   16095.64210869  .00000227  00000-0  13508-3 0  9996,2 25419  44.9979 161.7572 0001378 195.2840 294.3274 14.32288422922147
1 25419U 98046G   16097.23046671  .00000282  00000-0  15515-3 0  9992,2 25419  44.9979 154.2954 0001494 203.4155 204.0609 14.32290032922373
1 25419U 98046G   16098.42243336  .00000348  00000-0  17938-3 0  9995,2 25419  44.9979 148.6958 0001577 208.7355 230.7491 14.32291401922541
1 25419U 98046G   16099.47931130  .00000398  00000-0  19778-3 0  9996,2 25419  44.9979 143.7309 0001642 213.4563 280.8185 14.32292684922690
1 25419U 98046G   16100.52166284  .00000343  00000-0  17762-3 0  9996,2 25419  44.9979 138.8342 0001699 218.0260 256.0661 14.32293294922848
1 25419U 98046G   16100.59619703 +.00000340 +00000-0 +17651-3 0  9996,2 25419 044.9979 138.4840 0001702 218.3899 280.3907 14.32293351922660
1 25419U 98046G   16101.57216836  .00000313  00000-0  16650-3 0  9993,2 25419  44.9978 133.8992 0001751 222.3641 273.6352 14.32294179922994
1 25419U 98046G   16103.15949369  .00000292  00000-0  15876-3 0  9998,2 25419  44.9977 126.4421 0001837 228.3522 180.2152 14.32295664923225
1 25419U 98046G   16104.50037241  .00000379  00000-0  19053-3 0  9992,2 25419  44.9977 120.1428 0001885 233.2627 255.9094 14.32297475923415
1 25419U 98046G   16105.03880204 +.00000374 +00000-0 +18871-3 0  9998,2 25419 044.9977 117.6133 0001911 235.3252 152.8162 14.32297953923306
1 25419U 98046G   16106.15757877  .00000376  00000-0  18947-3 0  9997,2 25419  44.9978 112.3573 0001950 239.0674 163.3623 14.32299005923656
1 25419U 98046G   16107.42873728  .00000342  00000-0  17698-3 0  9997,2 25419  44.9979 106.3855 0001985 243.3468 239.8557 14.32299862923836
1 25419U 98046G   16108.47889050  .00000388  00000-0  19392-3 0  9991,2 25419  44.9980 101.4520 0001993 247.2838 256.0325 14.32301090923983
1 25419U 98046G   16108.81364619 +.00000366 +00000-0 +18601-3 0  9996,2 25419 044.9980 099.8793 0002014 248.1292 182.9493 14.32301303923849
1 25419U 98046G   16110.13541964  .00000377  00000-0  18989-3 0  9995,2 25419  44.9982  93.6699 0002014 252.5149 160.5881 14.32302759924220
1 25419U 98046G   16111.18487919  .00000309  00000-0  16483-3 0  9992,2 25419  44.9983  88.7398 0002023 255.7223 173.9251 14.32303551924376
1 25419U 98046G   16112.38246015  .00000288  00000-0  15731-3 0  9996,2 25419  44.9984  83.1138 0002013 259.5079 231.1830 14.32304733924540
1 25419U 98046G   16113.43330205  .00000283  00000-0  15537-3 0  9997,2 25419  44.9986  78.1772 0002003 262.7152 251.6622 14.32305753924692
1 25419U 98046G   16113.97046919 +.00000253 +00000-0 +14433-3 0  9993,2 25419 044.9987 075.6536 0002004 264.1882 142.6588 14.32306075924586
1 25419U 98046G   16114.74189943  .00000265  00000-0  14888-3 0  9991,2 25419  44.9988  72.0296 0001992 266.5675 161.8475 14.32306767924881
1 25419U 98046G   16116.21948845  .00000278  00000-0  15376-3 0  9996,2 25419  44.9989  65.0882 0001944 270.8254 223.8458 14.32307927925096
1 25419U 98046G   16117.33604140  .00000268  00000-0  14996-3 0  9993,2 25419  44.9991  59.8429 0001914 273.9884 223.5332 14.32308654925251
1 25419U 98046G   16117.88724051 +.00000265 +00000-0 +14895-3 0  9992,2 25419 044.9992 057.2534 0001902 275.3731 187.0473 14.32309079925145
1 25419U 98046G   16118.84945311  .00000256  00000-0  14542-3 0  9992,2 25419  44.9993  52.7332 0001865 277.9710 110.7095 14.32309790925474
1 25419U 98046G   16120.19895870  .00000241  00000-0  14001-3 0  9991,2 25419  44.9995  46.3938 0001807 281.5190 232.3581 14.32310852925669
1 25419U 98046G   16121.24621703  .00000236  00000-0  13822-3 0  9994,2 25419  44.9996  41.4741 0001761 284.4521 234.6372 14.32311691925819
1 25419U 98046G   16121.85250359 +.00000217 +00000-0 +13133-3 0  9990,2 25419 044.9997 038.6260 0001727 285.7544 122.5619 14.32312072925717
1 25419U 98046G   16122.82867363  .00000229  00000-0  13562-3 0  9996,2 25419  44.9998  34.0402 0001679 287.9980 118.6277 14.32312905926048
1 25419U 98046G   16122.89803133 +.00000251 +00000-0 +14352-3 0  9991,2 25419 044.9998 033.7144 0001674 288.0833 116.5186 14.32313080925861
1 25419U 98046G   16123.88950986  .00000299  00000-0  16112-3 0  9998,2 25419  44.9998  29.0567 0001631 290.2363 191.6916 14.32314182926190
1 25419U 98046G   16125.15106459  .00000355  00000-0  18196-3 0  9995,2 25419  44.9998  23.1303 0001552 293.3682 219.8375 14.32315615926377
1 25419U 98046G   16125.84214914 +.00000335 +00000-0 +17468-3 0  9996,2 25419 044.9997 019.8836 0001515 294.6327 185.4784 14.32316145926289
1 25419U 98046G   16126.74538848  .00000339  00000-0  17599-3 0  9990,2 25419  44.9997  15.6403 0001459 296.4454 165.5720 14.32317070926604
1 25419U 98046G   16128.14681973  .00000327  00000-0  17156-3 0  9990,2 25419  44.9997   9.0567 0001358 299.5321 195.7245 14.32318527926804
1 25419U 98046G   16129.52952286  .00000328  00000-0  17181-3 0  9990,2 25419  44.9998   2.5611 0001271 301.7845 130.0568 14.32320058927009
1 25419U 98046G   16129.74646557 +.00000326 +00000-0 +17130-3 0  9997,2 25419 044.9998 001.5419 0001252 301.9308 169.6239 14.32320299926840
1 25419U 98046G   16130.79575763  .00000270  00000-0  15058-3 0  9999,2 25419  44.9997 356.6126 0001189 304.7933 182.5080 14.32321152927187
1 25419U 98046G   16131.98485794  .00000350  00000-0  18011-3 0  9996,2 25419  44.9996 351.0265 0001120 307.5452 197.1062 14.32322892927354
1 25419U 98046G   16133.03316541  .00000336  00000-0  17499-3 0  9990,2 25419  44.9995 346.1017 0001039 308.7117 206.6137 14.32323870927506
1 25419U 98046G   16134.54157373  .00000341  00000-0  17673-3 0  9993,2 25419  44.9993 339.0153 0000937 309.4479  71.2962 14.32325345927726
1 25419U 98046G   16134.83989192 +.00000336 +00000-0 +17496-3 0  9994,2 25419 044.9993 337.6138 0000926 310.7324 169.7361 14.32325610927579
1 25419U 98046G   16135.80715977  .00000322  00000-0  16973-3 0  9994,2 25419  44.9993 333.0695 0000854 308.0323 124.8467 14.32326477927904
1 25419U 98046G   16135.88068619 +.00000321 +00000-0 +16921-3 0  9998,2 25419 044.9993 332.7242 0000859 308.1931 144.1818 14.32326537927721
1 25419U 98046G   16137.47402453  .00000352  00000-0  18060-3 0  9993,2 25419  44.9993 325.2386 0000748 305.3427  90.8211 14.32328317928142
1 25419U 98046G   16137.69426943 +.00000345 +00000-0 +17824-3 0  9996,2 25419 044.9993 324.2039 0000730 304.7291 148.1978 14.32328499927988
1 25419U 98046G   16138.81727164  .00000348  00000-0  17936-3 0  9997,2 25419  44.9996 318.9290 0000745 305.1028 184.0284 14.32325270928332
1 25419U 98046G   16139.93922411  .00000309  00000-0  16497-3 0  9991,2 25419  44.9992 313.6572 0000571 300.4096 219.5088 14.32325511928494
1 25419U 98046G   16141.53328260  .00000255  00000-0  14505-3 0  9990,2 25419  44.9992 306.1684 0000519 291.6750 175.7391 14.32326555928720
1 25419U 98046G   16141.89122679 +.00000277 +00000-0 +15328-3 0  9993,2 25419 044.9991 304.4867 0000504 292.7669 222.1238 14.32326891928582
1 25419U 98046G   16142.58190478  .00000234  00000-0  13725-3 0  9994,2 25419  44.9991 301.2420 0000492 287.0542 192.6710 14.32327231928872
1 25419U 98046G   16143.84438987  .00000233  00000-0  13697-3 0  9991,2 25419  44.9990 295.3110 0000492 275.3428 240.5200 14.32328140929051
1 25419U 98046G   16143.91032383 +.00000223 +00000-0 +13323-3 0  9994,2 25419 044.9990 295.0013 0000492 273.7145 222.4571 14.32328137928873
1 25419U 98046G   16145.50844997  .00000160  00000-0  11014-3 0  9998,2 25419  44.9989 287.4933 0000521 263.5800 201.0977 14.32328923929298
1 25419U 98046G   16145.72360169 +.00000156 +00000-0 +10861-3 0  9990,2 25419 044.9990 286.4825 0000532 262.1680 232.9858 14.32329050929138
1 25419U 98046G   16146.84537609  .00000134  00000-0  10059-3 0  9994,2 25419  44.9989 281.2123 0000566 255.2772 269.7629 14.32329692929486
1 25419U 98046G   16148.49587266  .00000083  00000-0  82026-4 0  9998,2 25419  44.9989 273.4580 0000612 246.1887 157.6680 14.32330282929720
1 25419U 98046G   16148.72531207 +.00000080 +00000-0 +81009-4 0  9995,2 25419 044.9989 272.3802 0000618 246.0187 262.0588 14.32330367929567
1 25419U 98046G   16149.77317185  .00000091  00000-0  84896-4 0  9997,2 25419  44.9989 267.4575 0000653 245.2574 271.2106 14.32330905929903
1 25419U 98046G   16151.15238131  .00000150  00000-0  10670-3 0  9999,2 25419  44.9989 260.9781 0000771 243.5721 191.5107 14.32331992930102
1 25419U 98046G   16152.19902288  .00000178  00000-0  11680-3 0  9997,2 25419  44.9987 256.0611 0000833 244.3155 192.8778 14.32332777930253
1 25419U 98046G   16152.70214134 +.00000192 +00000-0 +12213-3 0  9999,2 25419 044.9986 253.6976 0000853 245.1420 268.8357 14.32333204930135
1 25419U 98046G   16153.52313726  .00000195  00000-0  12319-3 0  9997,2 25419  44.9985 249.8406 0000900 246.3297 185.1197 14.32333832930441
1 25419U 98046G   16153.67855995 +.00000190 +00000-0 +12125-3 0  9992,2 25419 044.9984 249.1105 0000900 247.4158 266.2292 14.32333919930271
1 25419U 98046G   16154.72133089  .00000189  00000-0  12104-3 0  9997,2 25419  44.9983 244.2117 0000956 248.9183 246.8664 14.32334730930611
1 25419U 98046G   16156.17674932  .00000206  00000-0  12716-3 0  9994,2 25419  44.9982 237.3740 0001030 250.6466 197.1132 14.32335866930825
1 25419U 98046G   16157.21161237  .00000200  00000-0  12499-3 0  9991,2 25419  44.9981 232.5122 0001080 251.8854 137.2044 14.32336528930973
1 25419U 98046G   16158.34554211  .00000222  00000-0  13294-3 0  9992,2 25419  44.9981 227.1849 0001127 253.2466 228.4981 14.32337385931130
1 25419U 98046G   16158.63138060 +.00000228 +00000-0 +13504-3 0  9994,2 25419 044.9980 225.8420 0001136 253.8155 263.2539 14.32337586930981
1 25419U 98046G   16159.53374756  .00000209  00000-0  12821-3 0  9998,2 25419  44.9980 221.6027 0001167 255.3661 239.1747 14.32338030931306
1 25419U 98046G   16159.67443553 +.00000206 +00000-0 +12717-3 0  9996,2 25419 044.9979 220.9418 0001171 255.6547 245.0324 14.32338097931132
1 25419U 98046G   16160.58379321  .00000195  00000-0  12288-3 0  9999,2 25419  44.9978 216.6696 0001205 257.3741 256.8689 14.32338623931458
1 25419U 98046G   16161.62647803  .00000170  00000-0  11401-3 0  9997,2 25419  44.9977 211.7710 0001242 259.6322 236.3235 14.32339210931601
1 25419U 98046G   16163.14123296  .00000137  00000-0  10169-3 0  9994,2 25419  44.9974 204.6546 0001292 262.7743 131.4409 14.32340114931820
1 25419U 98046G   16164.19042487  .00000125  00000-0  97195-4 0  9994,2 25419  44.9973 199.7253 0001316 264.6468 144.8727 14.32340776931971
1 25419U 98046G   16165.53729317  .00000128  00000-0  98549-4 0  9994,2 25419  44.9972 193.3975 0001344 267.8916 253.3632 14.32341589932161
1 25419U 98046G   16167.19740228  .00000162  00000-0  11105-3 0  9992,2 25419  44.9972 185.5979 0001362 271.0792 178.6790 14.32342609932402
1 25419U 98046G   16168.39175616  .00000202  00000-0  12575-3 0  9995,2 25419  44.9972 179.9867 0001362 274.0767 220.2355 14.32343441932574
1 25419U 98046G   16169.44174515  .00000175  00000-0  11559-3 0  9999,2 25419  44.9972 175.0537 0001355 276.7823 236.9595 14.32343889932722
1 25419U 98046G   16169.97342918 +.00000162 +00000-0 +11108-3 0  9997,2 25419 044.9973 172.5557 0001354 277.9844 100.0009 14.32344158932611
1 25419U 98046G   16170.81880412  .00000159  00000-0  10982-3 0  9993,2 25419  44.9973 168.5840 0001339 279.6492 141.6712 14.32344743932928
1 25419U 98046G   16170.89114321 +.00000159 +00000-0 +11000-3 0  9992,2 25419 044.9973 168.2442 0001339 279.7918 154.9010 14.32344788932744
1 25419U 98046G   16172.14073797  .00000118  00000-0  94875-4 0  9990,2 25419  44.9973 162.3734 0001307 282.8203 121.5583 14.32345460933115
1 25419U 98046G   16173.19979756  .00000099  00000-0  87714-4 0  9998,2 25419  44.9974 157.3978 0001279 285.6260 185.0078 14.32346040933267
1 25419U 98046G   16174.39493716  .00000089  00000-0  84204-4 0  9998,2 25419  44.9975 151.7828 0001246 288.0255 231.2324 14.32346652933431
1 25419U 98046G   16174.92743397 +.00000094 +00000-0 +86002-4 0  9994,2 25419 044.9975 149.2810 0001238 288.9468 098.7546 14.32346940933320
1 25419U 98046G   16175.77199169  .00000102  00000-0  88866-4 0  9990,2 25419  44.9976 145.3131 0001202 291.2491 135.5762 14.32347357933635
1 25419U 98046G   16175.90414723 +.00000107 +00000-0 +90726-4 0  9994,2 25419 044.9976 144.6922 0001192 291.5912 097.3454 14.32347426933465
1 25419U 98046G   16176.82061765  .00000128  00000-0  98325-4 0  9996,2 25419  44.9977 140.3864 0001148 293.7269 145.5079 14.32347931933789
1 25419U 98046G   16176.95611756 +.00000129 +00000-0 +98741-4 0  9994,2 25419 044.9977 139.7497 0001137 293.9721 124.6361 14.32347994933619
1 25419U 98046G   16177.85636841  .00000127  00000-0  98225-4 0  9991,2 25419  44.9978 135.5202 0001089 295.9497  89.2421 14.32348380933934
1 25419U 98046G   16177.92958376 +.00000125 +00000-0 +97333-4 0  9996,2 25419 044.9978 135.1762 0001079 296.2819 106.8058 14.32348397933752
1 25419U 98046G   16178.90491900  .00000120  00000-0  95520-4 0  9991,2 25419  44.9980 130.5939 0001023 298.1106  99.1058 14.32348872934088
1 25419U 98046G   16180.09691939  .00000087  00000-0  83483-4 0  9995,2 25419  44.9982 124.9937 0000947 299.9523 129.6975 14.32349372934253
1 25419U 98046G   16181.22942935  .00000066  00000-0  75821-4 0  9990,2 25419  44.9984 119.6732 0000888 301.6224 213.4069 14.32349911934415
1 25419U 98046G   16182.27698383  .00000052  00000-0  70410-4 0  9995,2 25419  44.9986 114.7518 0000822 302.9424 218.9752 14.32350363934567
1 25419U 98046G   16182.88241912 +.00000036 +00000-0 +64612-4 0  9993,2 25419 044.9987 111.9073 0000780 303.4354 103.3999 14.32350539934468
1 25419U 98046G   16183.85857929  .00000042  00000-0  67018-4 0  9992,2 25419  44.9987 107.3212 0000707 304.3631 100.8646 14.32350910934799
1 25419U 98046G   16183.92782106 +.00000029 +00000-0 +62264-4 0  9997,2 25419 044.9987 106.9959 0000699 304.4657 098.1491 14.32350864934617
1 25419U 98046G   16185.19879414  .00000043  00000-0  67216-4 0  9995,2 25419  44.9988 101.0248 0000605 305.2919 177.3759 14.32351251934980
1 25419U 98046G   16186.24802588  .00000025  00000-0  60853-4 0  9990,2 25419  44.9989  96.0954 0000536 304.7232 193.4935 14.32351386935135
1 25419U 98046G   16186.92931112 +.00000018 +00000-0 +57968-4 0  9996,2 25419 044.9989 092.8946 0000482 303.3349 111.2971 14.32351521935043
1 25419U 98046G   16187.84627314  .00000019  00000-0  58350-4 0  9991,2 25419  44.9990  88.5866 0000428 299.9036 167.5773 14.32351820935362
1 25419U 98046G   16189.17693743  .00000020  00000-0  59003-4 0  9996,2 25419  44.9991  82.3351 0000350 293.7384 201.8941 14.32352316935557
1 25419U 98046G   16189.80001853 +.00000018 +00000-0 +58105-4 0  9990,2 25419 044.9992 079.4078 0000321 287.5311 184.1019 14.32352568935457
1 25419U 98046G   16191.13465598  .00000065  00000-0  75471-4 0  9996,2 25419  44.9993  73.1377 0000275 272.3276 247.9700 14.32353470935831
1 25419U 98046G   16192.51167502  .00000129  00000-0  98938-4 0  9997,2 25419  44.9994  66.6684 0000291 252.7012 175.0154 14.32354488936035
1 25419U 98046G   16192.80127880 +.00000145 +00000-0 +10481-3 0  9998,2 25419 044.9994 065.3078 0000291 246.9252 235.5686 14.32354746935880
1 25419U 98046G   16193.69252582  .00000182  00000-0  11822-3 0  9995,2 25419  44.9994  61.1206 0000329 235.0333 167.5932 14.32355390936209
1 25419U 98046G   16194.81109191  .00000223  00000-0  13338-3 0  9997,2 25419  44.9994  55.8654 0000387 225.7055 190.3540 14.32356267936367
1 25419U 98046G   16194.96538150 +.00000212 +00000-0 +12922-3 0  9990,2 25419 044.9993 055.1406 0000396 223.7334 268.6855 14.32356277936192
1 25419U 98046G   16196.01506766  .00000204  00000-0  12649-3 0  9993,2 25419  44.9993  50.2089 0000465 219.3285 291.0057 14.32356920936535
1 25419U 98046G   16197.46486905  .00000188  00000-0  12048-3 0  9999,2 25419  44.9994  43.3974 0000597 214.7616 218.6709 14.32357791936744
1 25419U 98046G   16198.51398478  .00000170  00000-0  11394-3 0  9997,2 25419  44.9994  38.4685 0000699 212.0478 236.3620 14.32358459936895
1 25419U 98046G   16198.86140534 +.00000137 +00000-0 +10172-3 0  9999,2 25419 044.9994 036.8362 0000731 211.6317 229.9777 14.32358475936757
1 25419U 98046G   16199.83803959  .00000140  00000-0  10274-3 0  9991,2 25419  44.9995  32.2478 0000815 212.5957 229.8818 14.32359098937083
1 25419U 98046G   16199.91184287 +.00000141 +00000-0 +10318-3 0  9996,2 25419 044.9995 031.9011 0000813 212.8578 250.5531 14.32359145936908
1 25419U 98046G   16200.96236738  .00000108  00000-0  90979-4 0  9998,2 25419  44.9995  26.9656 0000907 213.8414 271.8230 14.32359609937246
1 25419U 98046G   16202.01194439  .00000123  00000-0  96702-4 0  9994,2 25419  44.9996  22.0345 0001004 215.3645 287.6644 14.32360240937394
1 25419U 98046G   16202.92096407 +.00000149 +00000-0 +10596-3 0  9994,2 25419 044.9996 017.7638 0001077 217.1821 297.7307 14.32360867937333
1 25419U 98046G   16203.66893328  .00000142  00000-0  10348-3 0  9991,2 25419  44.9996  14.2496 0001128 219.0480 196.4906 14.32361177937634
1 25419U 98046G   16203.88950466 +.00000126 +00000-0 +97727-4 0  9991,2 25419 044.9996 013.2134 0001146 219.4081 254.6048 14.32361197937471
1 25419U 98046G   16204.86555679  .00000106  00000-0  90399-4 0  9993,2 25419  44.9995   8.6277 0001244 221.1581 250.7282 14.32361616937800
1 25419U 98046G   16205.92271941  .00000073  00000-0  78370-4 0  9996,2 25419  44.9995   3.6608 0001327 223.5115 304.8998 14.32362008937951
1 25419U 98046G   16207.51577949  .00000052  00000-0  70738-4 0  9997,2 25419  44.9997 356.1761 0001436 227.3977 243.5657 14.32362685938186
1 25419U 98046G   16207.87458609 +.00000057 +00000-0 +72377-4 0  9993,2 25419 044.9997 354.4905 0001463 228.1823 294.7557 14.32362880938045
1 25419U 98046G   16208.85045459  .00000019  00000-0  58352-4 0  9992,2 25419  44.9998 349.9056 0001531 230.6908 289.1763 14.32362989938373
1 25419U 98046G   16210.43187631  .00000022  00000-0  59482-4 0  9997,2 25419  44.9999 342.4759 0001646 235.0603 167.2914 14.32363422938603
1 25419U 98046G   16210.57461328 +.00000017 +00000-0 +57748-4 0  9997,2 25419 044.9999 341.8054 0001656 235.3960 183.6905 14.32363430938436
1 25419U 98046G   16211.47706953  .00000007  00000-0  54000-4 0  9990,2 25419  44.9999 337.5656 0001725 237.7518 159.3503 14.32363582938755
1 25419U 98046G   16211.84579251 +.00000007 +00000-0 +54076-4 0  9993,2 25419 044.9998 335.8334 0001744 238.9200 261.3408 14.32363660938610
1 25419U 98046G   16212.52673906 -.00000004  00000-0  50152-4 0  9990,2 25419  44.9998 332.6342 0001794 240.7141 174.2440 14.32363779938905
1 25419U 98046G   16212.82144362 -.00000000 +00000-0 +51417-4 0  9993,2 25419 044.9998 331.2497 0001805 241.6301 254.4422 14.32363876938754
1 25419U 98046G   16213.79755052 -.00000001  00000-0  51068-4 0  9997,2 25419  44.9997 326.6639 0001864 244.3953 249.8423 14.32364181939083
1 25419U 98046G   16215.52824089  .00000010  00000-0  55107-4 0  9994,2 25419  44.9996 318.5328 0001973 249.1501 178.0308 14.32364902939334
1 25419U 98046G   16215.74974966 +.00000021 +00000-0 +59061-4 0  9993,2 25419 044.9996 317.4922 0001976 249.6969 240.8001 14.32365052939175
1 25419U 98046G   16216.72586826  .00000047  00000-0  68801-4 0  9996,2 25419  44.9995 312.9062 0002027 252.6890 236.0381 14.32365603939501
1 25419U 98046G   16218.24062772  .00000103  00000-0  89423-4 0  9990,2 25419  44.9994 305.7896 0002107 257.2671 129.8856 14.32366547939720
1 25419U 98046G   16219.50595640  .00000139  00000-0  10241-3 0  9995,2 25419  44.9992 299.8448 0002150 260.8429 177.3028 14.32367281939908
1 25419U 98046G   16220.56273230  .00000143  00000-0  10379-3 0  9998,2 25419  44.9991 294.8799 0002178 264.0520 228.6441 14.32367801940054
1 25419U 98046G   16220.70312964 +.00000142 +00000-0 +10358-3 0  9998,2 25419 044.9990 294.2203 0002183 264.5855 232.7719 14.32367872939880
1 25419U 98046G   16221.67923880  .00000141  00000-0  10315-3 0  9992,2 25419  44.9989 289.6344 0002203 267.6911 227.8580 14.32368429940211
1 25419U 98046G   16223.19407123  .00000137  00000-0  10164-3 0  9995,2 25419  44.9986 282.5173 0002240 272.4509 121.9175 14.32369408940434
1 25419U 98046G   16224.38612529  .00000154  00000-0  10790-3 0  9999,2 25419  44.9984 276.9167 0002256 276.0539 151.1139 14.32370281940607
1 25419U 98046G   16224.61582377 +.00000153 +00000-0 +10739-3 0  9994,2 25419 044.9983 275.8376 0002259 276.9549 255.8039 14.32370396940449
1 25419U 98046G   16225.58361149 +.00000174 +00000-0 +11512-3 0  9996,2 25419 044.9982 271.2906 0002271 280.0969 207.9107 14.32371097940581
1 25419U 98046G   16226.56584074 +.00000183 +00000-0 +11872-3 0  9998,2 25419 044.9981 266.6757 0002281 283.2856 234.5126 14.32371682940917
1 25419U 98046G   16227.60900279 +.00000170 +00000-0 +11386-3 0  9999,2 25419 044.9979 261.7745 0002282 286.8401 215.2563 14.32372127941066
1 25419U 98046G   16229.12371525  .00000173  00000-0  11499-3 0  9992,2 25419  44.9978 254.6576 0002269 291.7939 108.5204 14.32372903941286
1 25419U 98046G   16230.53714071  .00000154  00000-0  10807-3 0  9997,2 25419  44.9977 248.0169 0002237 296.8640 198.8789 14.32373674941488
1 25419U 98046G   16232.19350705  .00000132  00000-0  99989-4 0  9996,2 25419  44.9976 240.2345 0002194 302.8662 102.2562 14.32374700941727
1 25419U 98046G   16233.47179068  .00000129  00000-0  98681-4 0  9993,2 25419  44.9975 234.2286 0002146 307.6791 215.3422 14.32375530941909
1 25419U 98046G   16235.19544374  .00000143  00000-0  10398-3 0  9994,2 25419  44.9975 226.1300 0002076 314.1275 105.5859 14.32376638942150
1 25419U 98046G   16236.38954157  .00000171  00000-0  11416-3 0  9993,2 25419  44.9975 220.5196 0002024 319.5577 143.5342 14.32377386942327
1 25419U 98046G   16237.43929742  .00000197  00000-0  12357-3 0  9995,2 25419  44.9975 215.5873 0001962 323.6785 157.7691 14.32378106942471
1 25419U 98046G   16237.90855432 +.00000196 +00000-0 +12330-3 0  9991,2 25419 044.9975 213.3824 0001936 325.5090 058.0273 14.32378373942356
1 25419U 98046G   16238.75409624  .00000187  00000-0  11990-3 0  9994,2 25419  44.9977 209.4097 0001883 329.2873  98.5494 14.32378863942669
1 25419U 98046G   16238.89847932 +.00000184 +00000-0 +11885-3 0  9997,2 25419 044.9976 208.7313 0001873 329.9035 123.1726 14.32378923942498
1 25419U 98046G   16239.85988913  .00000162  00000-0  11084-3 0  9996,2 25419  44.9978 204.2142 0001810 334.4678  40.9681 14.32379483942821
1 25419U 98046G   16239.93345532 +.00000164 +00000-0 +11144-3 0  9998,2 25419 044.9978 203.8686 0001803 334.8192 060.3321 14.32379551942649
1 25419U 98046G   16241.05174644  .00000144  00000-0  10439-3 0  9992,2 25419  44.9979 198.6144 0001718 340.0309  67.2328 14.32380282942998
1 25419U 98046G   16242.10143513  .00000141  00000-0  10332-3 0  9999,2 25419  44.9980 193.6826 0001637 345.2372  80.0464 14.32380988943144
1 25419U 98046G   16243.23189218  .00000159  00000-0  10993-3 0  9998,2 25419  44.9981 188.3713 0001550 351.3852 148.8100 14.32381745943306
1 25419U 98046G   16244.28120644  .00000176  00000-0  11586-3 0  9990,2 25419  44.9981 183.4412 0001477 357.3207 158.9657 14.32382381943458
1 25419U 98046G   16244.88702852 +.00000176 +00000-0 +11602-3 0  9992,2 25419 044.9981 180.5948 0001433 000.6566 042.6134 14.32382656943351
1 25419U 98046G   16245.78940258  .00000204  00000-0  12624-3 0  9993,2 25419  44.9981 176.3551 0001371   6.2179  14.7064 14.32383224943676
1 25419U 98046G   16245.86326308 +.00000203 +00000-0 +12597-3 0  9994,2 25419 044.9981 176.0081 0001365 006.7654 035.3942 14.32383261943492
1 25419U 98046G   16247.27632520  .00000235  00000-0  13780-3 0  9997,2 25419  44.9981 169.3689 0001264  16.5640 119.1998 14.32384220943884
1 25419U 98046G   16247.89857720 +.00000226 +00000-0 +13427-3 0  9994,2 25419 044.9982 166.4453 0001218 021.0816 086.4750 14.32384600943780
1 25419U 98046G   16248.79113485  .00000232  00000-0  13653-3 0  9995,2 25419  44.9982 162.2516 0001161  27.6530   6.8984 14.32385335944104
1 25419U 98046G   16248.93272330 +.00000240 +00000-0 +13928-3 0  9990,2 25419 044.9983 161.5864 0001152 028.8018 016.5685 14.32385539943939
1 25419U 98046G   16249.85227678  .00000235  00000-0  13747-3 0  9990,2 25419  44.9984 157.2660 0001101  36.5968  75.1123 14.32386327944250
1 25419U 98046G   16249.90915266 +.00000240 +00000-0 +13932-3 0  9995,2 25419 044.9984 156.9987 0001093 036.8969 008.3813 14.32386425944075
1 25419U 98046G   16251.11327532  .00000249  00000-0  14289-3 0  9999,2 25419  44.9984 151.3415 0001044  47.6448  92.8008 14.32387622944432
1 25419U 98046G   16252.15683966  .00000254  00000-0  14451-3 0  9997,2 25419  44.9984 146.4384 0001002  57.6805  69.2027 14.32388601944587
1 25419U 98046G   16252.85331113 +.00000256 +00000-0 +14524-3 0  9991,2 25419 044.9984 143.1660 0000982 065.3753 056.3997 14.32389154944499
1 25419U 98046G   16253.74468979  .00000270  00000-0  15046-3 0  9997,2 25419  44.9983 138.9780 0000970  74.2763 328.4215 14.32389902944813
1 25419U 98046G   16254.86323355  .00000214  00000-0  12982-3 0  9993,2 25419  44.9982 133.7226 0000981  85.9539 330.1991 14.32390333944970
1 25419U 98046G   16256.13398784  .00000204  00000-0  12638-3 0  9990,2 25419  44.9981 127.7520 0001013  98.6786  36.5815 14.32391142945153
1 25419U 98046G   16256.67276296 +.00000203 +00000-0 +12585-3 0  9992,2 25419 044.9980 125.2205 0001027 104.1431 292.0522 14.32391502945042
1 25419U 98046G   16257.72107949  .00000177  00000-0  11629-3 0  9995,2 25419  44.9980 120.2948 0001074 114.3171 292.8581 14.32392117945380
1 25419U 98046G   16258.99478456  .00000173  00000-0  11477-3 0  9996,2 25419  44.9981 114.3103 0001167 125.5595  15.9622 14.32393010945568
1 25419U 98046G   16260.57694159  .00000183  00000-0  11837-3 0  9994,2 25419  44.9981 106.8764 0001276 138.3398 249.6366 14.32394108945796
1 25419U 98046G   16260.94827457 +.00000182 +00000-0 +11817-3 0  9991,2 25419 044.9982 105.1317 0001311 141.1686 003.4791 14.32394323945657
1 25419U 98046G   16261.76879981  .00000180  00000-0  11739-3 0  9992,2 25419  44.9982 101.2763 0001395 147.6554 272.2145 14.32394788945964
1 25419U 98046G   16261.92464925 +.00000179 +00000-0 +11717-3 0  9992,2 25419 044.9982 100.5441 0001405 148.7011 355.6010 14.32394855945794
1 25419U 98046G   16262.89914721  .00000174  00000-0  11514-3 0  9993,2 25419  44.9983  95.9653 0001511 155.3523 338.9197 14.32395370946128
1 25419U 98046G   16263.94925307  .00000197  00000-0  12384-3 0  9993,2 25419  44.9982  91.0312 0001603 161.9906 352.5113 14.32396099946271
1 25419U 98046G   16264.99161133  .00000181  00000-0  11770-3 0  9999,2 25419  44.9982  86.1336 0001717 168.0372 326.7081 14.32396727946425
1 25419U 98046G   16266.37456081  .00000147  00000-0  10551-3 0  9990,2 25419  44.9983  79.6355 0001857 175.8397 257.1488 14.32397420946623
1 25419U 98046G   16266.88088179 +.00000140 +00000-0 +10265-3 0  9990,2 25419 044.9984 077.2564 0001911 178.3327 348.0875 14.32397714946505
1 25419U 98046G   16267.92628071  .00000122  00000-0  96225-4 0  9998,2 25419  44.9986  72.3444 0001996 183.6011 338.7615 14.32398217946846
1 25419U 98046G   16269.43427215  .00000155  00000-0  10839-3 0  9995,2 25419  44.9989  65.2589 0002155 191.5574 194.4747 14.32399222947065
1 25419U 98046G   16270.48384422  .00000172  00000-0  11434-3 0  9995,2 25419  44.9991  60.3273 0002259 196.4334 207.0877 14.32399867947214
1 25419U 98046G   16271.89737021  .00000234  00000-0  13708-3 0  9993,2 25419  44.9993  53.6860 0002383 202.8052 296.8003 14.32401033947418
1 25419U 98046G   16273.47996109  .00000258  00000-0  14582-3 0  9990,2 25419  44.9995  46.2503 0002529 209.9687 178.3765 14.32402286947641
1 25419U 98046G   16274.52948560  .00000231  00000-0  13625-3 0  9993,2 25419  44.9996  41.3193 0002634 214.6431 190.9576 14.32403013947795
1 25419U 98046G   16274.83211701 +.00000229 +00000-0 +13525-3 0  9993,2 25419 044.9996 039.8974 0002656 215.9948 311.6774 14.32403254947648
1 25419U 98046G   16275.80796939  .00000195  00000-0  12289-3 0  9990,2 25419  44.9997  35.3124 0002740 220.0605 304.6016 14.32403842947978
1 25419U 98046G   16277.18438279  .00000187  00000-0  12013-3 0  9999,2 25419  45.0000  28.8454 0002858 225.7709 203.4336 14.32404837948174
1 25419U 98046G   16278.36542953  .00000191  00000-0  12153-3 0  9995,2 25419  45.0000  23.2963 0002944 230.5847 174.7544 14.32405635948348
1 25419U 98046G   16278.73554123 +.00000201 +00000-0 +12523-3 0  9991,2 25419 045.0001 021.5574 0002965 232.0430 283.6793 14.32405937948202
1 25419U 98046G   16279.48389249  .00000224  00000-0  13340-3 0  9992,2 25419  45.0001  18.0412 0003021 234.9981 183.4447 14.32406541948508
