1 25420U 98046H   15001.64479659  .00000680  00000-0  30556-3 0  9993,2 25420 044.9985 157.3296 0001749 290.8105 130.2349 14.31539232856388
1 25420U 98046H   15002.69524089  .00000634  00000-0  28839-3 0  9997,2 25420 044.9987 152.4011 0001705 293.8058 145.9678 14.31541643856537
1 25420U 98046H   15003.82639220  .00000661  00000-0  29842-3 0  9992,2 25420 044.9988 147.0937 0001664 296.9393 217.9043 14.31543709856693
1 25420U 98046H   15004.86975390  .00000751  00000-0  33227-3 0  9990,2 25420 044.9989 142.1984 0001647 299.4669 197.5891 14.31546645856840
1 25420U 98046H   15007.50401951  .00001002  00000-0  42542-3 0  9991,2 25420 044.9990 129.8387 0001557 306.1711 099.8786 14.31552591857222
1 25420U 98046H   15008.85026818  .00001152  00000-0  48159-3 0  9991,2 25420 044.9991 123.5222 0001466 311.2746 199.4885 14.31556947857413
1 25420U 98046H   15010.36541006  .00000881  00000-0  38060-3 0  9999,2 25420 044.9993 116.4133 0001327 316.3404 090.3982 14.31561215857635
1 25420U 98046H   15011.71252609  .00000853  00000-0  36985-3 0  9990,2 25420 044.9993 110.0927 0001289 319.7287 196.2289 14.31565379857821
1 25420U 98046H   15012.75642457  .00000652  00000-0  29501-3 0  9992,2 25420 044.9994 105.1947 0001232 323.0459 177.9689 14.31568570857978
1 25420U 98046H   15014.70944709  .00000639  00000-0  29030-3 0  9996,2 25420 044.9995 096.0309 0001132 329.5249 166.3932 14.31572763858250
1 25420U 98046H   15016.22531579  .00000831  00000-0  36188-3 0  9998,2 25420 044.9995 088.9181 0001042 335.0829 060.6541 14.31573808858471
1 25420U 98046H   15017.77159819  .00000592  00000-0  27263-3 0  9990,2 25420 044.9996 081.6628 0000961 341.7271 110.7332 14.31576716858692
1 25420U 98046H   15019.44439182  .00000767  00000-0  33779-3 0  9993,2 25420 044.9996 073.8137 0000869 350.5414 091.2814 14.31579748858937
1 25420U 98046H   15020.64320863  .00000459  00000-0  22323-3 0  9993,2 25420 044.9996 068.1885 0000793 357.7733 148.3382 14.31582815859106
1 25420U 98046H   15021.32423981  .00000616  00000-0  28139-3 0  9990,2 25420 044.9995 064.9923 0000776 359.5978 059.7553 14.31599211859208
1 25420U 98046H   15022.52858420  .00000656  00000-0  29648-3 0  9993,2 25420 044.9999 059.3414 0000837 003.0873 149.1516 14.31603020859373
1 25420U 98046H   15023.57239226  .00000507  00000-0  24094-3 0  9991,2 25420 045.0000 054.4434 0000731 012.4091 124.5706 14.31603175859521
1 25420U 98046H   15025.30408969  .00000668  00000-0  30073-3 0  9998,2 25420 045.0001 046.3176 0000674 026.6618 043.7127 14.31605274859771
1 25420U 98046H   15026.43700212  .00000811  00000-0  35406-3 0  9994,2 25420 045.0002 041.0016 0000663 036.4182 118.3790 14.31605943859936
1 25420U 98046H   15027.48570869  .00000908  00000-0  39015-3 0  9990,2 25420 045.0002 036.0808 0000651 046.9146 117.9069 14.31608601860088
1 25420U 98046H   15028.53040554  .00000952  00000-0  40669-3 0  9996,2 25420 045.0003 031.1787 0000636 059.4233 094.7432 14.31611656860237
1 25420U 98046H   15030.48200387  .00001005  00000-0  42617-3 0  9990,2 25420 045.0005 022.0212 0000662 082.6056 059.4208 14.31618663860516
1 25420U 98046H   15031.92393347  .00000815  00000-0  35554-3 0  9999,2 25420 045.0006 015.2551 0000716 097.6186 283.0343 14.31622386860722
1 25420U 98046H   15033.19021494  .00001076  00000-0  45248-3 0  9992,2 25420 045.0006 009.3133 0000801 107.1602 325.9988 14.31628609860902
1 25420U 98046H   15034.38859549  .00000904  00000-0  38856-3 0  9990,2 25420 045.0005 003.6901 0000879 116.8235 018.5818 14.31630944861076
1 25420U 98046H   15035.90378013  .00001112  00000-0  46575-3 0  9990,2 25420 045.0004 356.5803 0001002 125.8468 266.1626 14.31634663861297
1 25420U 98046H   15037.09640976  .00001134  00000-0  47382-3 0  9993,2 25420 045.0003 350.9841 0001102 132.3819 292.2326 14.31639598861468
1 25420U 98046H   15038.22715852  .00001142  00000-0  47680-3 0  9995,2 25420 045.0002 345.6781 0001194 139.0032 358.9977 14.31642597861626
1 25420U 98046H   15039.34455119  .00000948  00000-0  40476-3 0  9995,2 25420 045.0001 340.4348 0001289 145.2324 357.2645 14.31648603861780
1 25420U 98046H   15040.86136729  .00000738  00000-0  32652-3 0  9991,2 25420 045.0000 333.3170 0001434 150.7656 256.8394 14.31653268862008
1 25420U 98046H   15042.13380649  .00000702  00000-0  31321-3 0  9998,2 25420 044.9997 327.3460 0001547 156.1310 335.8907 14.31655445862184
1 25420U 98046H   15043.18340336  .00000642  00000-0  29076-3 0  9990,2 25420 044.9995 322.4207 0001642 160.1564 346.6666 14.31657018862336
1 25420U 98046H   15044.23407146  .00000797  00000-0  34855-3 0  9992,2 25420 044.9992 317.4904 0001716 165.0162 002.1419 14.31657399862489
1 25420U 98046H   15045.88527817  .00000716  00000-0  31841-3 0  9995,2 25420 044.9989 309.7416 0001866 171.2473 234.3958 14.31659467862729
1 25420U 98046H   15047.16335874  .00000634  00000-0  28767-3 0  9990,2 25420 044.9986 303.7439 0001967 176.3991 342.7954 14.31662587862905
1 25420U 98046H   15048.20693238  .00000600  00000-0  27536-3 0  9993,2 25420 044.9984 298.8466 0002052 180.4034 322.5414 14.31665600863050
1 25420U 98046H   15049.86505424  .00000521  00000-0  24566-3 0  9997,2 25420 044.9982 291.0651 0002213 185.8528 231.2972 14.31669810863293
1 25420U 98046H   15051.13645844  .00000609  00000-0  27852-3 0  9999,2 25420 044.9980 285.0984 0002317 190.1888 306.1225 14.31671569863473
1 25420U 98046H   15052.52017058  .00000702  00000-0  31311-3 0  9992,2 25420 044.9979 278.6046 0002442 194.9596 239.9200 14.31673872863672
1 25420U 98046H   15053.69772679  .00000842  00000-0  36517-3 0  9996,2 25420 044.9978 273.0783 0002539 198.8070 191.0918 14.31675364863846
1 25420U 98046H   15055.04918809  .00000971  00000-0  41299-3 0  9990,2 25420 044.9977 266.7358 0002626 203.8415 318.2581 14.31678103864034
1 25420U 98046H   15056.92901582  .00000782  00000-0  34282-3 0  9992,2 25420 044.9978 257.9127 0002719 210.7660 289.4015 14.31681647864301
1 25420U 98046H   15058.03827012  .00000780  00000-0  34185-3 0  9991,2 25420 044.9984 252.6996 0002484 220.7217 242.1267 14.31683735864464
1 25420U 98046H   15059.56173678  .00000873  00000-0  37658-3 0  9993,2 25420 044.9984 245.5494 0002600 226.1448 176.3282 14.31686867864682
1 25420U 98046H   15060.90801072  .00000934  00000-0  39926-3 0  9997,2 25420 044.9984 239.2312 0002724 230.3540 277.6155 14.31689852864870
1 25420U 98046H   15062.56325497  .00001167  00000-0  48551-3 0  9996,2 25420 044.9985 231.4627 0002844 236.1466 171.3382 14.31694934865115
1 25420U 98046H   15063.91115463  .00001143  00000-0  47678-3 0  9999,2 25420 044.9986 225.1368 0002913 241.1446 280.2614 14.31698121865300
1 25420U 98046H   15065.49377534  .00001061  00000-0  44626-3 0  9992,2 25420 044.9989 217.7093 0002978 246.9113 159.3799 14.31701603865535
1 25420U 98046H   15066.84073227  .00001188  00000-0  49387-3 0  9993,2 25420 045.0107 211.3698 0007900 233.7707 281.6556 14.31647838865723
1 25420U 98046H   15067.44689228  .00001155  00000-0  48122-3 0  9994,2 25420 044.9990 208.5429 0003130 255.6133 146.9526 14.31686555865817
1 25420U 98046H   15068.50762022  .00000992  00000-0  42082-3 0  9993,2 25420 044.9989 203.5645 0003201 259.9550 214.9563 14.31689078865965
1 25420U 98046H   15069.82959395  .00000928  00000-0  39684-3 0  9993,2 25420 044.9989 197.3606 0003249 264.0571 190.9914 14.31691185866151
1 25420U 98046H   15070.87413348  .00000782  00000-0  34262-3 0  9998,2 25420 044.9990 192.4586 0003258 267.4617 176.4338 14.31692758866307
1 25420U 98046H   15072.19767056  .00000752  00000-0  33164-3 0  9990,2 25420 044.9991 186.2473 0003295 271.8892 160.2297 14.31695254866498
1 25420U 98046H   15073.53064756  .00000656  00000-0  29598-3 0  9995,2 25420 044.9992 179.9916 0003323 276.1694 192.8842 14.31697268866685
1 25420U 98046H   15074.72643630  .00000623  00000-0  28358-3 0  9998,2 25420 044.9992 174.3798 0003360 280.4000 237.8298 14.31698957866852
1 25420U 98046H   15076.67934703  .00000697  00000-0  31083-3 0  9998,2 25420 044.9990 165.2146 0003462 290.2567 223.3346 14.31732619867136
1 25420U 98046H   15078.19043582  .00000912  00000-0  39046-3 0  9990,2 25420 044.9985 158.1224 0003441 296.5093 093.1223 14.31736462867359
1 25420U 98046H   15079.53663699  .00000879  00000-0  37844-3 0  9992,2 25420 044.9986 151.8039 0003323 299.6063 195.3877 14.31738588867546
1 25420U 98046H   15080.65326274  .00000859  00000-0  37088-3 0  9990,2 25420 044.9990 146.5636 0003396 305.0813 190.8471 14.31740847867709
1 25420U 98046H   15082.16789498  .00000723  00000-0  32045-3 0  9997,2 25420 044.9989 139.4545 0003367 310.6411 079.6528 14.31743965867926
1 25420U 98046H   15083.22149193  .00000813  00000-0  35370-3 0  9991,2 25420 044.9989 134.5093 0003326 314.8171 111.2564 14.31746712868077
1 25420U 98046H   15084.49120726  .00000859  00000-0  37077-3 0  9998,2 25420 044.9988 128.5499 0003290 320.0855 176.7845 14.31749211868252
1 25420U 98046H   15085.54120362  .00000983  00000-0  41695-3 0  9990,2 25420 044.9987 123.6217 0003255 324.4830 189.6046 14.31751734868403
1 25420U 98046H   15087.13613530  .00001149  00000-0  47834-3 0  9997,2 25420 044.9986 116.1355 0003186 331.3010 131.4929 14.31755769868634
1 25420U 98046H   15088.47176289  .00001219  00000-0  50430-3 0  9994,2 25420 044.9985 109.8665 0003132 337.4259 176.2741 14.31759494868828
1 25420U 98046H   15089.52114556  .00001330  00000-0  54557-3 0  9998,2 25420 044.9985 104.9411 0003082 342.3487 185.4412 14.31762646868971
1 25420U 98046H   15091.47360088  .00001247  00000-0  51467-3 0  9992,2 25420 044.9988 095.7768 0002974 351.6782 169.4638 14.31767394869255
1 25420U 98046H   15093.14071712  .00001380  00000-0  56411-3 0  9993,2 25420 044.9989 087.9518 0002857 359.7502 122.6196 14.31772768869498
1 25420U 98046H   15094.40291230  .00001224  00000-0  50613-3 0  9997,2 25420 044.9991 082.0275 0002779 006.2228 148.2623 14.31775232869677
1 25420U 98046H   15095.44678510  .00001197  00000-0  49596-3 0  9999,2 25420 044.9991 077.1278 0002709 011.8313 128.3801 14.31777925869820
1 25420U 98046H   15097.10460024  .00001144  00000-0  47633-3 0  9995,2 25420 044.9992 069.3465 0002638 021.4946 032.0186 14.31782088870063
1 25420U 98046H   15098.15446432  .00001062  00000-0  44608-3 0  9996,2 25420 044.9994 064.4186 0002570 027.6990 042.4778 14.31784523870218
1 25420U 98046H   15099.35918654  .00000922  00000-0  39412-3 0  9990,2 25420 044.9996 058.7638 0002510 035.2416 130.5852 14.31786987870386
1 25420U 98046H   15100.40311002  .00000997  00000-0  42181-3 0  9992,2 25420 044.9998 053.8638 0002463 041.9576 109.9058 14.31790182870539
1 25420U 98046H   15102.21501604  .00000957  00000-0  40673-3 0  9992,2 25420 045.0003 045.3590 0002372 054.5057 085.7832 14.31800214870791
1 25420U 98046H   15103.33185682  .00000942  00000-0  40142-3 0  9995,2 25420 045.0002 040.1170 0002331 062.3286 080.2555 14.31802605870959
1 25420U 98046H   15104.84752451  .00001127  00000-0  46992-3 0  9991,2 25420 045.0003 033.0028 0002321 073.0171 329.6125 14.31807216871175
1 25420U 98046H   15106.19475575  .00001298  00000-0  53327-3 0  9999,2 25420 045.0004 026.6792 0002336 082.4860 071.1684 14.31811832871366
1 25420U 98046H   15107.23776566  .00001334  00000-0  54630-3 0  9998,2 25420 045.0005 021.7834 0002356 089.7220 045.3457 14.31815137871512
1 25420U 98046H   15108.28733146  .00001248  00000-0  51476-3 0  9990,2 25420 045.0005 016.8569 0002385 097.1514 053.1613 14.31817552871663
1 25420U 98046H   15109.80238267  .00001217  00000-0  50301-3 0  9995,2 25420 045.0007 009.7452 0002445 107.9036 299.3534 14.31821740871887
1 25420U 98046H   15111.14955709  .00001458  00000-0  59214-3 0  9991,2 25420 045.0008 003.4217 0002515 116.9113 041.1468 14.31826970872073
1 25420U 98046H   15112.19305619  .00001504  00000-0  60934-3 0  9999,2 25420 045.0008 358.5237 0002570 123.7737 018.2743 14.31830263872226
1 25420U 98046H   15113.79265807  .00001414  00000-0  57579-3 0  9991,2 25420 045.0006 351.0153 0002689 134.1222 341.1815 14.31834520872458
1 25420U 98046H   15115.12221062  .00001304  00000-0  53519-3 0  9993,2 25420 045.0004 344.7746 0002778 141.8623 353.3787 14.31837857872642
1 25420U 98046H   15116.17199355  .00001130  00000-0  47079-3 0  9999,2 25420 045.0002 339.8469 0002870 148.0241 003.6730 14.31840119872799
1 25420U 98046H   15117.83003326  .00000836  00000-0  36165-3 0  9991,2 25420 045.0001 332.0637 0003041 157.6890 268.8398 14.31843086873036
1 25420U 98046H   15119.10262417  .00000717  00000-0  31774-3 0  9990,2 25420 045.0001 326.0896 0003190 164.6686 347.9410 14.31845406873214
1 25420U 98046H   15120.54314950  .00000620  00000-0  28154-3 0  9991,2 25420 045.0001 319.3273 0003340 172.4401 212.7364 14.31847568873428
1 25420U 98046H   15122.03075428  .00000565  00000-0  26113-3 0  9992,2 25420 045.0002 312.3442 0003492 179.9001 320.7661 14.31849622873632
1 25420U 98046H   15123.54597039  .00000518  00000-0  24394-3 0  9993,2 25420 045.0001 305.2313 0003667 187.3638 211.2690 14.31851674873852
1 25420U 98046H   15124.60588044  .00000549  00000-0  25513-3 0  9995,2 25420 044.9999 300.2559 0003795 192.4541 274.9390 14.31853500874006
1 25420U 98046H   15125.86891481  .00000545  00000-0  25371-3 0  9994,2 25420 044.9998 294.3268 0003934 198.2488 305.9602 14.31855355874184
1 25420U 98046H   15126.91838997  .00000671  00000-0  30053-3 0  9997,2 25420 044.9997 289.4003 0004024 203.1773 315.9638 14.31857628874331
1 25420U 98046H   15127.96374329  .00000682  00000-0  30462-3 0  9993,2 25420 044.9997 284.4930 0004140 207.9507 304.8606 14.31859219874487
1 25420U 98046H   15129.48987469  .00000690  00000-0  30756-3 0  9992,2 25420 044.9997 277.3284 0004221 214.6191 252.5235 14.31861310874701
1 25420U 98046H   15130.88806329  .00000754  00000-0  33124-3 0  9996,2 25420 044.9963 270.7602 0006471 215.7371 265.6285 14.31850342874901
1 25420U 98046H   15131.80152003  .00000936  00000-0  39844-3 0  9999,2 25420 044.9996 266.4769 0004457 225.4554 288.9832 14.31851047875030
1 25420U 98046H   15133.52610742  .00001108  00000-0  46237-3 0  9995,2 25420 044.9995 258.3813 0004586 232.6409 180.0568 14.31855627875284
1 25420U 98046H   15134.79047332  .00001209  00000-0  49965-3 0  9997,2 25420 044.9995 252.4462 0004682 238.1034 218.2947 14.31859373875468
1 25420U 98046H   15136.18092611  .00000963  00000-0  40866-3 0  9999,2 25420 044.9994 245.9191 0004790 243.9335 186.7439 14.31861572875662
1 25420U 98046H   15137.51360442  .00000915  00000-0  39059-3 0  9996,2 25420 044.9993 239.6630 0004867 249.1144 217.7603 14.31864534875850
1 25420U 98046H   15138.83495671  .00000810  00000-0  35177-3 0  9996,2 25420 044.9992 233.4601 0004932 254.5235 190.1226 14.31866872876047
1 25420U 98046H   15139.88509358  .00000765  00000-0  33498-3 0  9993,2 25420 044.9991 228.5303 0004967 258.8462 204.1920 14.31868830876196
1 25420U 98046H   15141.19568188  .00000663  00000-0  29753-3 0  9992,2 25420 044.9990 222.3779 0005027 264.2186 121.0738 14.31870913876386
1 25420U 98046H   15142.46053396  .00000571  00000-0  26313-3 0  9990,2 25420 044.9990 216.4403 0005072 269.3917 162.1778 14.31872792876569
1 25420U 98046H   15143.43688109  .00000435  00000-0  21281-3 0  9992,2 25420 045.0001 211.8567 0004926 268.4006 160.9171 14.31900665876700
1 25420U 98046H   15144.48597355  .00000253  00000-0  14536-3 0  9993,2 25420 044.9988 206.9319 0005157 276.8743 165.5628 14.31900242876855
1 25420U 98046H   15145.61750441  .00000281  00000-0  15602-3 0  9992,2 25420 044.9984 201.6195 0005175 281.3364 239.5961 14.31901387877017
1 25420U 98046H   15147.12655928  .00000267  00000-0  15085-3 0  9993,2 25420 044.9982 194.5349 0005184 287.6304 099.7579 14.31902771877232
1 25420U 98046H   15148.17681716  .00000315  00000-0  16849-3 0  9996,2 25420 044.9981 189.6042 0005172 292.0238 114.5134 14.31903891877382
1 25420U 98046H   15149.52341067  .00000349  00000-0  18084-3 0  9998,2 25420 044.9979 183.2823 0005150 297.7659 216.9656 14.31905133877579
1 25420U 98046H   15150.56632992  .00000335  00000-0  17568-3 0  9995,2 25420 044.9979 178.3860 0005121 302.2109 193.8112 14.31905930877727
1 25420U 98046H   15239.79350935  .00000040  00000-0  66648-4 0  9999,2 25420 044.9991 119.4585 0004686 044.9929 064.9038 14.31995770890514
1 25420U 98046H   15241.13048237  .00000094  00000-0  86438-4 0  9997,2 25420 044.9990 113.1806 0004626 053.2051 115.6948 14.31996939890706
1 25420U 98046H   15242.17325953  .00000124  00000-0  97648-4 0  9994,2 25420 044.9991 108.2843 0004575 059.5172 090.2895 14.31997920890855
1 25420U 98046H   15243.48332020  .00000147  00000-0  10603-3 0  9992,2 25420 044.9992 102.1331 0004519 067.5956 002.3483 14.31998995891040
1 25420U 98046H   15243.77297921 +.00000140 +00000-0 +10345-3 0  9990,2 25420 044.9991 100.7730 0004509 069.4785 055.1559 14.31999161889993
1 25420U 98046H   15244.52852653  .00000147  00000-0  10616-3 0  9991,2 25420  44.9991  97.2253 0004491  74.2495 349.1402 14.31999687891196
1 25420U 98046H   15244.74927560 +.00000144 +00000-0 +10505-3 0  9999,2 25420 044.9991 096.1888 0004488 075.6829 046.8107 14.31999828890133
1 25420U 98046H   15245.72597539 +.00000146 +00000-0 +10587-3 0  9999,2 25420 044.9991 091.6027 0004472 081.9490 040.4879 14.32000438891368
1 25420U 98046H   15246.91495384 +.00000159 +00000-0 +11041-3 0  9996,2 25420 044.9991 086.0198 0004474 089.3841 048.3941 14.32001169890446
1 25420U 98046H   15246.98796589  .00000159  00000-0  11074-3 0  9990,2 25420  44.9990  85.6770 0004475  89.7718  64.7617 14.32001212891547
1 25420U 98046H   15248.03116172  .00000162  00000-0  11174-3 0  9997,2 25420  44.9981  80.7776 0004734  98.4403  39.2033 14.32006787891692
1 25420U 98046H   15248.94115119 +.00000169 +00000-0 +11427-3 0  9995,2 25420 044.9991 076.5057 0004523 102.0314 051.3457 14.32008788890739
1 25420U 98046H   15249.83497207  .00000187  00000-0  12105-3 0  9999,2 25420  44.9992  72.3086 0004549 107.8837 337.7967 14.32009518891951
1 25420U 98046H   15249.91631025 +.00000187 +00000-0 +12082-3 0  9990,2 25420 044.9992 071.9267 0004553 108.2911 037.1113 14.32009555890875
1 25420U 98046H   15250.89259308  .00000170  00000-0  11475-3 0  9996,2 25420  44.9993  67.3422 0004595 114.5144  28.7148 14.32010264892103
1 25420U 98046H   15251.93636377  .00000193  00000-0  12294-3 0  9992,2 25420  44.9994  62.4411 0004639 121.1232   8.1874 14.32011221892257
1 25420U 98046H   15252.98768440  .00000210  00000-0  12935-3 0  9997,2 25420  44.9997  57.5046 0004679 126.9168  27.4371 14.32012116892401
1 25420U 98046H   15254.42750848  .00000225  00000-0  13480-3 0  9993,2 25420  44.9999  50.7439 0004753 135.5773 248.5881 14.32013302892618
1 25420U 98046H   15255.47744591  .00000261  00000-0  14801-3 0  9995,2 25420  45.0001  45.8139 0004825 141.7447 260.3351 14.32014319892762
1 25420U 98046H   15256.53159256  .00000232  00000-0  13730-3 0  9999,2 25420  45.0002  40.8642 0004910 147.8523 293.8648 14.32014971892915
1 25420U 98046H   15256.82460072 +.00000232 +00000-0 +13748-3 0  9991,2 25420 045.0001 039.4885 0004928 149.4766 004.2301 14.32015212891865
1 25420U 98046H   15257.80012106  .00000198  00000-0  12504-3 0  9991,2 25420  45.0002  34.9078 0005005 155.1264 352.4911 14.32015793893090
1 25420U 98046H   15258.84445370  .00000152  00000-0  10786-3 0  9999,2 25420  45.0003  30.0042 0005081 161.0183 335.5990 14.32016314893245
1 25420U 98046H   15258.91706630 +.00000147 +00000-0 +10620-3 0  9997,2 25420 045.0003 029.6632 0005086 161.3970 349.9183 14.32016346892164
1 25420U 98046H   15259.89348539  .00000073  00000-0  78708-4 0  9995,2 25420  45.0004  25.0784 0005165 166.6851 343.1805 14.32016496893396
1 25420U 98046H   15261.13094852  .00000015  00000-0  57316-4 0  9999,2 25420  45.0005  19.2679 0005268 173.3730 242.0918 14.32016711893572
1 25420U 98046H   15262.52706977  .00000024  00000-0  60478-4 0  9994,2 25420  45.0006  12.7124 0005392 180.7439 239.0346 14.32017136893777
1 25420U 98046H   15262.82232182 +.00000030 +00000-0 +62949-4 0  9991,2 25420 045.0006 011.3262 0005408 182.2661 321.0827 14.32017244892727
1 25420U 98046H   15263.79870652  .00000058  00000-0  73294-4 0  9993,2 25420  45.0007   6.7418 0005492 187.2875 314.4379 14.32017629893955
1 25420U 98046H   15265.24022278  .00000063  00000-0  74954-4 0  9998,2 25420  45.0007 359.9733 0005614 194.6410 185.6531 14.32018073894167
1 25420U 98046H   15266.50608494  .00000073  00000-0  78851-4 0  9999,2 25420  45.0006 354.0296 0005720 200.9826 231.4670 14.32018697894342
1 25420U 98046H   15266.72744909 +.00000076 +00000-0 +79799-4 0  9990,2 25420 045.0006 352.9903 0005732 202.0168 292.7258 14.32018824893285
1 25420U 98046H   15267.77724487  .00000108  00000-0  91632-4 0  9991,2 25420  45.0005 348.0609 0005815 207.0971 304.8505 14.32019648894525
1 25420U 98046H   15269.23185671  .00000138  00000-0  10263-3 0  9993,2 25420  45.0004 341.2308 0005933 214.1048 244.0025 14.32020779894732
1 25420U 98046H   15270.48451480  .00000185  00000-0  12002-3 0  9991,2 25420  45.0004 335.3489 0006022 220.1443 221.9955 14.32021898894911
1 25420U 98046H   15271.54313182  .00000230  00000-0  13653-3 0  9999,2 25420  45.0003 330.3782 0006088 225.1123 279.7626 14.32022868895064
1 25420U 98046H   15271.68235164 +.00000236 +00000-0 +13872-3 0  9996,2 25420 045.0003 329.7244 0006095 225.7411 277.5441 14.32023003893996
1 25420U 98046H   15273.19758030  .00000297  00000-0  16143-3 0  9997,2 25420  45.0001 322.6095 0006190 232.7819 169.4783 14.32024419895303
1 25420U 98046H   15274.54394539  .00000373  00000-0  18930-3 0  9998,2 25420  44.9999 316.2877 0006246 238.9103 270.9528 14.32025997895497
1 25420U 98046H   15274.60760442 +.00000376 +00000-0 +19065-3 0  9998,2 25420 044.9999 315.9888 0006249 239.2127 239.1482 14.32026082894411
1 25420U 98046H   15276.19485729  .00000391  00000-0  19611-3 0  9990,2 25420  44.9996 308.5356 0006315 246.3985 142.6202 14.32027798895730
1 25420U 98046H   15277.47273648  .00000352  00000-0  18162-3 0  9994,2 25420  44.9994 302.5351 0006346 252.1653 251.0655 14.32028988895917
1 25420U 98046H   15278.52267718  .00000313  00000-0  16718-3 0  9994,2 25420  44.9993 297.6049 0006372 256.9898 264.2312 14.32029912896067
1 25420U 98046H   15278.59065032 +.00000291 +00000-0 +15920-3 0  9995,2 25420 044.9993 297.2858 0006372 257.3321 254.6492 14.32029843894981
1 25420U 98046H   15279.56770148  .00000270  00000-0  15134-3 0  9998,2 25420  44.9993 292.6977 0006390 261.7357 252.1077 14.32030642896219
1 25420U 98046H   15280.54233568  .00000316  00000-0  16837-3 0  9990,2 25420  44.9993 288.1210 0006425 266.1799 237.0832 14.32037558896356
1 25420U 98046H   15281.51869405 +.00000319 +00000-0 +16955-3 0  9997,2 25420 044.9992 283.5362 0006428 270.5027 231.0742 14.32038371895401
1 25420U 98046H   15282.96072964 +.00000274 +00000-0 +15276-3 0  9998,2 25420 044.9992 276.7646 0006421 276.9986 105.9374 14.32039328895613
1 25420U 98046H   15284.37319950  .00000244  00000-0  14195-3 0  9990,2 25420  44.9991 270.1321 0006385 283.4918 188.2409 14.32040417896904
1 25420U 98046H   15285.49706647  .00000234  00000-0  13794-3 0  9990,2 25420  44.9990 264.8547 0006356 288.6447 222.6060 14.32041412897065
1 25420U 98046H   15285.96250748 +.00000233 +00000-0 +13782-3 0  9994,2 25420 044.9990 262.6691 0006347 290.7410 102.3377 14.32041866896040
1 25420U 98046H   15287.15478226  .00000230  00000-0  13675-3 0  9998,2 25420  44.9990 257.0704 0006301 295.9857 129.6236 14.32042945897300
1 25420U 98046H   15288.35887078  .00000319  00000-0  16960-3 0  9998,2 25420  44.9990 251.4163 0006249 301.5089 217.5988 14.32044489897473
1 25420U 98046H   15289.40222627  .00000423  00000-0  20776-3 0  9994,2 25420  44.9991 246.5169 0006202 306.1942 196.9815 14.32046025897627
1 25420U 98046H   15289.86458503 +.00000440 +00000-0 +21425-3 0  9999,2 25420 044.9990 244.3457 0006180 308.5328 060.5715 14.32046521896604
1 25420U 98046H   15290.84388330  .00000504  00000-0  23755-3 0  9998,2 25420  44.9991 239.7471 0006129 312.8349  69.7876 14.32047928897830
1 25420U 98046H   15290.91830758 +.00000534 +00000-0 +24860-3 0  9993,2 25420 044.9991 239.3976 0006122 313.2351 093.4431 14.32048202896754
1 25420U 98046H   15291.89115525  .00000600  00000-0  27329-3 0  9996,2 25420  44.9991 234.8293 0006060 317.7937  69.1218 14.32049818897989
1 25420U 98046H   15293.23999370  .00000702  00000-0  31055-3 0  9998,2 25420  44.9991 228.4955 0005966 324.2995 183.1088 14.32052439898171
1 25420U 98046H   15294.41682012  .00000733  00000-0  32206-3 0  9994,2 25420  44.9991 222.9695 0005888 329.9276 130.3405 14.32054744898345
1 25420U 98046H   15294.89518050 +.00000758 +00000-0 +33126-3 0  9995,2 25420 044.9991 220.7233 0005856 332.1266 076.6617 14.32055832897322
1 25420U 98046H   15295.79859182  .00000034  00000-0  64288-4 0  9990,2 25420  44.9991 216.4809 0005775 336.2976  54.4475 14.32059975898549
1 25420U 98046H   15295.87188525 +.00000039 +00000-0 +66140-4 0  9999,2 25420 044.9991 216.1367 0005771 336.6950 072.2732 14.32060089897469
1 25420U 98046H   15296.84817442  .00000033  00000-0  63761-4 0  9994,2 25420  44.9991 211.5520 0005686 341.7317  65.2738 14.32060742898698
1 25420U 98046H   15298.19491291  .00000597  00000-0  27190-3 0  9994,2 25420  44.9989 205.2280 0005578 348.2716 168.4510 14.32064155898880
1 25420U 98046H   15299.23837565  .00000531  00000-0  24769-3 0  9995,2 25420  44.9988 200.3280 0005492 353.6244 147.7922 14.32065242899039
1 25420U 98046H   15299.91978101 +.00000528 +00000-0 +24632-3 0  9997,2 25420 044.9987 197.1280 0005429 357.0440 060.7059 14.32066151898042
1 25420U 98046H   15300.90456880  .00000499  00000-0  23583-3 0  9995,2 25420  44.9986 192.5035 0005350   2.2086  97.4568 14.32067327899270
1 25420U 98046H   15302.16701689  .00000426  00000-0  20870-3 0  9991,2 25420  44.9986 186.5751 0005247   8.9340 125.4947 14.32068523899451
1 25420U 98046H   15303.21698319  .00000378  00000-0  19104-3 0  9997,2 25420  44.9985 181.6446 0005166  14.6789 138.0228 14.32069593899605
1 25420U 98046H   15304.45406265  .00000341  00000-0  17746-3 0  9991,2 25420  44.9985 175.8353 0005069  21.4297  35.1334 14.32070846899786
1 25420U 98046H   15304.73163091 +.00000334 +00000-0 +17509-3 0  9998,2 25420 044.9984 174.5318 0005041 022.9193 026.0159 14.32071105898730
1 25420U 98046H   15305.79267575  .00000415  00000-0  20493-3 0  9993,2 25420  44.9983 169.5492 0004964  28.7713  95.6167 14.32072671899978
1 25420U 98046H   15305.85059563 +.00000421 +00000-0 +20709-3 0  9993,2 25420 044.9983 169.2772 0004958 029.0607 034.2194 14.32072772898896
1 25420U 98046H   15306.82651334  .00000462  00000-0  22199-3 0  9995,2 25420  44.9981 164.6943 0004888  34.7133  24.7307 14.32073971900124
1 25420U 98046H   15306.90047272 +.00000370 +00000-0 +18817-3 0  9994,2 25420 044.9981 164.3470 0004883 035.1417 045.9650 14.32073537899043
1 25420U 98046H   15308.09808433  .00000454  00000-0  21924-3 0  9996,2 25420  44.9979 158.7229 0004809  42.1578  99.1563 14.32075185900300
1 25420U 98046H   15308.93364369 +.00000481 +00000-0 +22925-3 0  9996,2 25420 044.9978 154.7990 0004762 046.9905 086.1839 14.32076174899335
1 25420U 98046H   15309.75569277  .00000409  00000-0  20278-3 0  9991,2 25420  44.9977 150.9385 0004719  51.8683   3.4488 14.32076591900541
1 25420U 98046H   15309.91002682 +.00000408 +00000-0 +20229-3 0  9996,2 25420 044.9977 150.2137 0004711 052.7968 078.9539 14.32076743899479
1 25420U 98046H   15310.96058363 +.00000368 +00000-0 +18762-3 0  9994,2 25420 044.9977 145.2801 0004659 059.1353 093.9654 14.32077604899620
1 25420U 98046H   15312.00983678  .00000381  00000-0  19213-3 0  9994,2 25420  44.9978 140.3525 0004621  65.4852 102.2449 14.32078954900867
1 25420U 98046H   15313.51801154  .00000375  00000-0  19015-3 0  9992,2 25420  44.9979 133.2698 0004559  74.8167 315.7959 14.32080703901080
1 25420U 98046H   15313.89088672 +.00000368 +00000-0 +18755-3 0  9997,2 25420 044.9979 131.5188 0004551 077.1050 077.7181 14.32081095900046
1 25420U 98046H   15314.86438301  .00000380  00000-0  19204-3 0  9997,2 25420  44.9980 126.9471 0004527  83.0759  55.4466 14.32082269901275
1 25420U 98046H   15314.93803095 +.00000433 +00000-0 +21135-3 0  9996,2 25420 044.9980 126.6012 0004527 083.4786 075.1029 14.32082676900193
1 25420U 98046H   15315.91426961  .00000415  00000-0  20495-3 0  9996,2 25420  44.9981 122.0166 0004513  89.5428  66.8944 14.32083663901426
1 25420U 98046H   15316.95774443  .00000370  00000-0  18805-3 0  9994,2 25420  44.9982 117.1162 0004510  95.8700  45.3974 14.32084533901576
1 25420U 98046H   15318.47418255  .00000457  00000-0  22028-3 0  9997,2 25420  44.9983 109.9947 0004523 105.0224 301.8030 14.32086770901798
1 25420U 98046H   15319.53241105  .00000429  00000-0  21001-3 0  9992,2 25420  44.9983 105.0250 0004549 112.6183 355.1558 14.32076348901942
1 25420U 98046H   15319.88660019 +.00000403 +00000-0 +20044-3 0  9997,2 25420 044.9984 103.3618 0004550 114.3920 021.1587 14.32076817900900
1 25420U 98046H   15320.71394777  .00000473  00000-0  22619-3 0  9993,2 25420  44.9985  99.4765 0004570 119.4329 325.6112 14.32078437902111
1 25420U 98046H   15320.86335811 +.00000469 +00000-0 +22486-3 0  9990,2 25420 044.9985 098.7748 0004577 120.2708 015.7994 14.32078635901048
1 25420U 98046H   15321.91346800  .00000611  00000-0  27715-3 0  9996,2 25420  44.9988  93.8433 0004614 126.4544  28.6715 14.32080825902281
1 25420U 98046H   15323.14998071  .00000595  00000-0  27098-3 0  9991,2 25420  44.9991  88.0366 0004647 133.9547 282.1593 14.32082752902460
1 25420U 98046H   15324.19869758  .00000548  00000-0  25374-3 0  9999,2 25420  44.9994  83.1118 0004687 140.1653 287.8285 14.32084145902611
1 25420U 98046H   15325.52240376  .00000614  00000-0  27798-3 0  9992,2 25420  44.9996  76.8958 0004750 147.7996 271.1603 14.32086624902803
1 25420U 98046H   15325.81737765 +.00000581 +00000-0 +26595-3 0  9994,2 25420 044.9996 075.5106 0004764 149.4330 351.7358 14.32086869901756
1 25420U 98046H   15326.79334836  .00000565  00000-0  26018-3 0  9996,2 25420  44.9997  70.9275 0004820 155.0006 342.6562 14.32088206902988
1 25420U 98046H   15328.52458618  .00000455  00000-0  21934-3 0  9994,2 25420  44.9998  62.7975 0004933 164.6606 267.0428 14.32089951903230
1 25420U 98046H   15328.67867230 +.00000455 +00000-0 +21933-3 0  9993,2 25420 044.9998 062.0740 0004937 165.4358 341.4288 14.32090148902162
1 25420U 98046H   15329.79561060  .00000377  00000-0  19076-3 0  9997,2 25420  45.0000  56.8288 0005007 171.4626 339.3648 14.32091134903411
1 25420U 98046H   15331.45324001  .00000273  00000-0  15241-3 0  9990,2 25420  45.0002  49.0445 0005128 180.1928 244.8395 14.32092223903653
1 25420U 98046H   15332.50281502  .00000255  00000-0  14569-3 0  9997,2 25420  45.0004  44.1156 0005202 185.6514 255.7212 14.32092963903801
1 25420U 98046H   15332.72602795 +.00000237 +00000-0 +13923-3 0  9995,2 25420 045.0004 043.0674 0005214 186.8341 326.4309 14.32093036902745
1 25420U 98046H   15333.70063098  .00000237  00000-0  13913-3 0  9990,2 25420  45.0005  38.4908 0005281 191.7460 310.9690 14.32093722903974
1 25420U 98046H   15335.01273804  .00000267  00000-0  15009-3 0  9995,2 25420  45.0006  32.3292 0005368 198.4266 235.4376 14.32094864904160
1 25420U 98046H   15335.50521998  .00000272  00000-0  15176-3 0  9990,2 25420  45.0006  30.0164 0005446 200.0465 255.3223 14.32111412904230
1 25420U 98046H   15335.78604322 +.00000264 +00000-0 +14910-3 0  9999,2 25420 045.0006 028.6975 0005456 201.5002 263.0788 14.32111567903183
1 25420U 98046H   15336.56200284  .00000244  00000-0  14146-3 0  9994,2 25420  45.0005  25.0535 0005504 205.3450 303.6352 14.32112265904385
1 25420U 98046H   15337.67879016  .00000522  00000-0  24389-3 0  9991,2 25420  45.0004  19.8092 0005559 210.4350 301.8208 14.32114028904546
1 25420U 98046H   15339.19360168  .00000230  00000-0  13649-3 0  9996,2 25420  45.0004  12.6951 0005654 217.9729 191.5976 14.32114467904766
1 25420U 98046H   15340.54071571  .00000274  00000-0  15281-3 0  9996,2 25420  45.0004   6.3688 0005707 224.2002 297.2744 14.32115910904959
1 25420U 98046H   15340.60900579 +.00000271 +00000-0 +15146-3 0  9999,2 25420 045.0004 006.0481 0005703 224.6928 289.1983 14.32115916903875
1 25420U 98046H   15342.19176869  .00000291  00000-0  15896-3 0  9996,2 25420  45.0005 358.6150 0005777 231.9342 169.9550 14.32117221905190
1 25420U 98046H   15343.46933723  .00000286  00000-0  15715-3 0  9991,2 25420  45.0005 352.6153 0005824 237.7318 277.1747 14.32118005905378
1 25420U 98046H   15343.94288814 +.00000246 +00000-0 +14234-3 0  9999,2 25420 045.0005 350.3915 0005836 239.9628 198.7504 14.32118107904359
1 25420U 98046H   15344.84816133  .00000336  00000-0  17541-3 0  9994,2 25420  45.0005 346.1401 0005862 243.8080 186.6624 14.32119374905578
1 25420U 98046H   15345.13499741  .00000442  00000-0  21463-3 0  9995,2 25420  45.0010 344.7841 0006900 231.7452 239.0195 14.32127595905614
1 25420U 98046H   15346.39890031  .00000415  00000-0  20466-3 0  9993,2 25420  45.0004 338.8577 0005845 250.9990 262.2977 14.32131938905795
1 25420U 98046H   15347.44789561  .00000386  00000-0  19393-3 0  9999,2 25420  45.0004 333.9311 0005876 255.6112 271.1865 14.32132900905941
1 25420U 98046H   15347.92112074 +.00000361 +00000-0 +18454-3 0  9991,2 25420 045.0003 331.7084 0005873 257.4355 191.5134 14.32133186904927
1 25420U 98046H   15348.75187844  .00000231  00000-0  13660-3 0  9990,2 25420  45.0003 327.8068 0005841 261.4390 154.7630 14.32133498906137
1 25420U 98046H   15348.89739626 +.00000244 +00000-0 +14151-3 0  9996,2 25420 045.0003 327.1233 0005841 262.0241 185.1460 14.32133729905063
1 25420U 98046H   15349.80073284  .00000255  00000-0  14541-3 0  9994,2 25420  45.0003 322.8809 0005848 265.8568 163.1256 14.32134572906285
1 25420U 98046H   15349.93236543 +.00000262 +00000-0 +14826-3 0  9991,2 25420 045.0002 322.2626 0005846 266.4211 121.8725 14.32134706905218
1 25420U 98046H   15350.90857546  .00000259  00000-0  14710-3 0  9990,2 25420  45.0002 317.6779 0005832 270.7659 115.4177 14.32135426906440
1 25420U 98046H   15352.18294817  .00000242  00000-0  14094-3 0  9995,2 25420  45.0003 311.6930 0005807 276.3345 206.4602 14.32136284906627
1 25420U 98046H   15353.23125903  .00000253  00000-0  14497-3 0  9990,2 25420  45.0002 306.7697 0005776 280.9734 211.8077 14.32137211906772
1 25420U 98046H   15354.34790762  .00000351  00000-0  18092-3 0  9998,2 25420  45.0001 301.5256 0005735 285.9739 209.4688 14.32138881906933
1 25420U 98046H   15354.88668178 +.00000344 +00000-0 +17845-3 0  9999,2 25420 045.0001 298.9952 0005724 288.1534 107.7306 14.32139475905926
1 25420U 98046H   15355.86392126  .00000503  00000-0  23676-3 0  9991,2 25420  45.0000 294.4058 0005681 292.4725 106.6409 14.32141866907151
1 25420U 98046H   15357.20929644  .00000442  00000-0  21435-3 0  9995,2 25420  44.9998 288.0875 0005610 298.4870 203.6913 14.32143400907345
1 25420U 98046H   15358.32744831  .00000451  00000-0  21760-3 0  9993,2 25420  44.9997 282.8362 0005556 303.4860 209.1346 14.32144997907503
1 25420U 98046H   15358.86495914 +.00000409 +00000-0 +20229-3 0  9999,2 25420 044.9996 280.3117 0005528 305.7948 100.7576 14.32145451906498
1 25420U 98046H   15359.84124164  .00000368  00000-0  18714-3 0  9994,2 25420  44.9995 275.7266 0005463 310.2473  94.6076 14.32146358907722
1 25420U 98046H   15359.91067756 +.00000335 +00000-0 +17520-3 0  9993,2 25420 044.9995 275.4005 0005458 310.5198 092.6730 14.32146250906647
1 25420U 98046H   15361.25493478  .00000329  00000-0  17266-3 0  9997,2 25420  44.9994 269.0872 0005362 316.7952 183.7139 14.32147597907929
1 25420U 98046H   15361.86255541 +.00000289 +00000-0 +15815-3 0  9994,2 25420 044.9993 266.2335 0005313 319.6134 076.6485 14.32147912906925
1 25420U 98046H   15362.76983309  .00000240  00000-0  14019-3 0  9996,2 25420  44.9992 261.9724 0005244 323.8184  74.6406 14.32148382908142
1 25420U 98046H   15362.91235921 +.00000209 +00000-0 +12854-3 0  9993,2 25420 044.9992 261.3031 0005228 324.6060 089.3887 14.32148314907073
1 25420U 98046H   15363.82973741  .00000196  00000-0  12378-3 0  9999,2 25420  44.9991 256.9947 0005155 328.9640 139.3555 14.32148961908299
1 25420U 98046H   15363.88859440 +.00000164 +00000-0 +11200-3 0  9992,2 25420 044.9991 256.7182 0005149 329.2535 082.8103 14.32148851907218
1 25420U 98046H   15365.16633418  .00000111  00000-0  92716-4 0  9994,2 25420  44.9989 250.7174 0005047 335.3063 190.8085 14.32149569908487
1 25420U 98046H   15365.91431468 +.00000168 +00000-0 +11358-3 0  9992,2 25420 044.9988 247.2045 0004984 338.7893 087.4425 14.32150471907506
1 25420U 98046H   16001.21023293  .00000180  00000-0  11809-3 0  9991,2 25420  44.9987 245.8147 0004956 340.3906 172.9930 14.32150800908637
1 25420U 98046H   16001.89050331 +.00000149 +00000-0 +10669-3 0  9996,2 25420 044.9986 242.6198 0004897 343.6352 080.4342 14.32151147907647
1 25420U 98046H   16002.79326465  .00000218  00000-0  13182-3 0  9990,2 25420  44.9984 238.3799 0004817 347.9607  55.0120 14.32152253908862
1 25420U 98046H   16002.86651433 +.00000222 +00000-0 +13329-3 0  9992,2 25420 044.9984 238.0359 0004811 348.3130 072.6812 14.32152335907785
1 25420U 98046H   16003.84291383  .00000261  00000-0  14770-3 0  9999,2 25420  44.9982 233.4501 0004726 353.2313  66.6943 14.32153255909012
1 25420U 98046H   16003.91660758 +.00000226 +00000-0 +13504-3 0  9998,2 25420 044.9982 233.1040 0004718 353.6356 086.6031 14.32153101907938
1 25420U 98046H   16005.11412147  .00000251  00000-0  14414-3 0  9998,2 25420  44.9980 227.4796 0004605 359.7619 140.5230 14.32154096909199
1 25420U 98046H   16006.55543794  .00000244  00000-0  14151-3 0  9990,2 25420  44.9979 220.7100 0004472   7.2241  11.3106 14.32155090909406
1 25420U 98046H   16006.92665501 +.00000209 +00000-0 +12861-3 0  9999,2 25420 044.9978 218.9666 0004436 009.2562 125.0314 14.32155167908362
1 25420U 98046H   16007.74777961  .00000190  00000-0  12177-3 0  9993,2 25420  44.9978 215.1099 0004363  13.6091  38.2871 14.32155722909570
1 25420U 98046H   16007.89389558 +.00000195 +00000-0 +12352-3 0  9990,2 25420 044.9978 214.4237 0004351 014.3709 071.5915 14.32155846908505
1 25420U 98046H   16008.87945883  .00000155  00000-0  10879-3 0  9996,2 25420  44.9978 209.7948 0004266  19.7570 112.4406 14.32156359909737
1 25420U 98046H   16008.95360329 +.00000149 +00000-0 +10658-3 0  9999,2 25420 044.9978 209.4465 0004266 020.1160 134.7216 14.32156368908655
1 25420U 98046H   16010.00156698  .00000123  00000-0  96882-4 0  9996,2 25420  44.9978 204.5245 0004192  25.8581 137.2494 14.32156969909894
1 25420U 98046H   16011.51003551  .00000145  00000-0  10499-3 0  9995,2 25420  44.9978 197.4397 0004063  34.1766 353.7518 14.32158061910111
1 25420U 98046H   16012.56008846  .00000245  00000-0  14198-3 0  9994,2 25420  44.9978 192.5078 0003982  40.2105   6.7780 14.32159334910263
1 25420U 98046H   16012.92987572 +.00000238 +00000-0 +13930-3 0  9991,2 25420 044.9978 190.7710 0003960 042.3878 112.9803 14.32159528909227
1 25420U 98046H   16013.83267216  .00000293  00000-0  15960-3 0  9994,2 25420  44.9978 186.5307 0003885  47.6813  86.7971 14.32160484910448
1 25420U 98046H   16013.90635435 +.00000287 +00000-0 +15745-3 0  9998,2 25420 044.9978 186.1847 0003884 048.0985 106.6355 14.32160505909368
1 25420U 98046H   16014.88274633  .00000304  00000-0  16373-3 0  9993,2 25420  44.9978 181.5987 0003819  53.8915  99.7639 14.32161366910597
1 25420U 98046H   16015.55580598 +.00000287 +00000-0 +15744-3 0  9999,2 25420 044.9979 178.4374 0003773 057.9694 329.1850 14.32161862909607
1 25420U 98046H   16015.92544744  .00000291  00000-0  15894-3 0  9994,2 25420  44.9979 176.7013 0003758  60.1518  74.6338 14.32162209910748
1 25420U 98046H   16017.51317325  .00000280  00000-0  15466-3 0  9997,2 25420  44.9982 169.2440 0003670  69.8609 338.8027 14.32163617910972
1 25420U 98046H   16017.88465718 +.00000287 +00000-0 +15724-3 0  9991,2 25420 044.9982 167.4993 0003648 072.1299 093.6757 14.32164021909932
1 25420U 98046H   16018.86060042  .00000268  00000-0  15018-3 0  9996,2 25420  44.9984 162.9156 0003606  78.1346  84.2879 14.32164782911161
1 25420U 98046H   16018.92841828 +.00000238 +00000-0 +13920-3 0  9999,2 25420 044.9984 162.5971 0003602 078.5261 073.8890 14.32164699910082
1 25420U 98046H   16019.90557994  .00000246  00000-0  14239-3 0  9999,2 25420  44.9986 158.0077 0003567  84.5721  70.7511 14.32165570911311
1 25420U 98046H   16021.41867976  .00000346  00000-0  17888-3 0  9996,2 25420  44.9988 150.9012 0003512  94.0327 310.0618 14.32167480911535
1 25420U 98046H   16022.54602880  .00000388  00000-0  19436-3 0  9999,2 25420  44.9988 145.6064 0003508 101.2161   0.8824 14.32168825911699
1 25420U 98046H   16022.83238080 +.00000401 +00000-0 +19917-3 0  9998,2 25420 044.9988 144.2615 0003510 102.9699 036.9299 14.32169171910648
1 25420U 98046H   16023.66796447  .00000381  00000-0  19210-3 0  9999,2 25420  44.9988 140.3369 0003522 108.2630  23.9058 14.32169879911856
1 25420U 98046H   16024.78453072  .00000309  00000-0  16558-3 0  9999,2 25420  44.9989 135.0927 0003526 115.3116  19.2204 14.32170601912015
1 25420U 98046H   16024.85726088 +.00000308 +00000-0 +16490-3 0  9991,2 25420 044.9989 134.7511 0003527 115.7533 034.1240 14.32170675910934
1 25420U 98046H   16025.83409178  .00000262  00000-0  14819-3 0  9990,2 25420  44.9990 130.1632 0003547 121.8762  29.2232 14.32171411912166
1 25420U 98046H   16027.50056505  .00000194  00000-0  12318-3 0  9994,2 25420  44.9992 122.3362 0003586 132.3376 339.0901 14.32172499912401
1 25420U 98046H   16027.71962219 +.00000200 +00000-0 +12529-3 0  9997,2 25420 044.9992 121.3073 0003592 133.5925 028.3449 14.32172696911345
1 25420U 98046H   16028.69594644  .00000182  00000-0  11866-3 0  9990,2 25420  44.9994 116.7219 0003617 139.5344  21.0165 14.32173284912571
1 25420U 98046H   16030.20411512  .00000199  00000-0  12496-3 0  9990,2 25420  44.9995 109.6386 0003672 148.5495 235.3615 14.32174304912794
1 25420U 98046H   16031.55071709  .00000230  00000-0  13625-3 0  9990,2 25420  44.9995 103.3141 0003738 156.2313 337.2312 14.32175335912984
1 25420U 98046H   16031.69213174 +.00000249 +00000-0 +14329-3 0  9991,2 25420 044.9995 102.6499 0003753 156.9153 346.3617 14.32175566911915
1 25420U 98046H   16032.60019245  .00000311  00000-0  16616-3 0  9997,2 25420  44.9994  98.3851 0003795 161.9292 347.6778 14.32176621913134
1 25420U 98046H   16033.64359282  .00000286  00000-0  15678-3 0  9998,2 25420  44.9994  93.4845 0003853 167.6140 326.7877 14.32177347913283
1 25420U 98046H   16034.55410513  .00000304  00000-0  16331-3 0  9992,2 25420  44.9992  89.2074 0004004 170.6488 342.8275 14.32213662913413
1 25420U 98046H   16034.69312041 +.00000278 +00000-0 +15389-3 0  9996,2 25420 044.9994 088.5545 0004001 171.2731 339.6536 14.32213890912343
1 25420U 98046H   16035.60269810  .00000063  00000-0  74858-4 0  9992,2 25420  44.9994  84.2822 0004059 175.8879 349.3219 14.32214343913565
1 25420U 98046H   16037.11087178  .00000088  00000-0  83879-4 0  9995,2 25420  44.9995  77.1980 0004158 183.5737 205.2482 14.32215517913781
1 25420U 98046H   16038.16040894  .00000147  00000-0  10559-3 0  9995,2 25420  44.9996  72.2680 0004201 189.0338 216.4061 14.32216967913936
1 25420U 98046H   16039.50675463  .00000432  00000-0  21054-3 0  9999,2 25420  44.9997  65.9443 0004265 195.6622 318.2189 14.32219267914122
1 25420U 98046H   16039.57403494 +.00000423 +00000-0 +20708-3 0  9994,2 25420 044.9997 065.6283 0004269 195.9707 305.1417 14.32219284913040
1 25420U 98046H   16040.55010209  .00000405  00000-0  20036-3 0  9996,2 25420  44.9997  61.0436 0004319 200.6735 297.8890 14.32220110914279
1 25420U 98046H   16042.13307830  .00000321  00000-0  16967-3 0  9996,2 25420  44.9998  53.6081 0004401 208.1126 180.1461 14.32221319914508
1 25420U 98046H   16043.18273043  .00000365  00000-0  18590-3 0  9992,2 25420  44.9998  48.6778 0004452 212.8798 192.6110 14.32222798914655
1 25420U 98046H   16044.46122023  .00000350  00000-0  18033-3 0  9991,2 25420  44.9999  42.6725 0004495 218.6317 305.1228 14.32224215914837
1 25420U 98046H   16044.52814162 +.00000350 +00000-0 +18012-3 0  9997,2 25420 044.9999 042.3582 0004496 218.9473 290.1875 14.32224292913758
1 25420U 98046H   16046.04292762  .00000401  00000-0  19906-3 0  9992,2 25420  45.0001  35.2429 0004544 225.7557 181.1722 14.32226274915066
1 25420U 98046H   16047.08824237  .00000371  00000-0  18792-3 0  9993,2 25420  45.0002  30.3328 0004599 230.2015 171.5894 14.32227252915218
1 25420U 98046H   16048.36545484  .00000548  00000-0  25314-3 0  9993,2 25420  45.0003  24.3337 0004613 235.7749 277.7099 14.32229699915395
1 25420U 98046H   16048.91232189 +.00000447 +00000-0 +21577-3 0  9994,2 25420 045.0004 021.7649 0004624 238.1178 217.7482 14.32229697914384
1 25420U 98046H   16049.81549348  .00000484  00000-0  22944-3 0  9992,2 25420  45.0004  17.5228 0004629 241.9401 195.1999 14.32230939915605
1 25420U 98046H   16049.94556819 +.00000407 +00000-0 +20111-3 0  9996,2 25420 045.0004 016.9118 0004625 242.4734 145.9825 14.32230642914530
1 25420U 98046H   16051.13965473  .00000328  00000-0  17224-3 0  9993,2 25420  45.0005  11.3031 0004668 247.1915 183.9567 14.32231588915798
1 25420U 98046H   16052.34395741  .00000241  00000-0  14027-3 0  9994,2 25420  45.0005   5.6465 0004678 252.0461 274.5229 14.32232361915968
1 25420U 98046H   16052.87592800 +.00000221 +00000-0 +13267-3 0  9990,2 25420 045.0005 003.1477 0004690 254.1778 137.8993 14.32232761914953
1 25420U 98046H   16053.79336762  .00000202  00000-0  12582-3 0  9993,2 25420  45.0006 358.8385 0004690 257.9698 189.0285 14.32233491916174
1 25420U 98046H   16053.86648339 +.00000204 +00000-0 +12651-3 0  9996,2 25420 045.0006 358.4951 0004689 258.2622 206.0882 14.32233575915094
1 25420U 98046H   16054.84269301  .00000232  00000-0  13678-3 0  9994,2 25420  45.0006 353.9098 0004667 262.3783 200.2098 14.32234552916324
1 25420U 98046H   16056.17524539  .00000283  00000-0  15566-3 0  9993,2 25420  45.0006 347.6507 0004634 267.8451 232.0791 14.32235939916519
1 25420U 98046H   16057.22440481  .00000304  00000-0  16320-3 0  9996,2 25420  45.0006 342.7227 0004608 272.0425 242.6228 14.32236862916668
1 25420U 98046H   16058.26728043  .00000307  00000-0  16446-3 0  9996,2 25420  45.0006 337.8243 0004577 276.3752 220.6028 14.32237687916813
1 25420U 98046H   16058.89024810 +.00000257 +00000-0 +14610-3 0  9991,2 25420 045.0005 334.8981 0004551 278.8831 193.2512 14.32237927915814
1 25420U 98046H   16059.86598370  .00000228  00000-0  13547-3 0  9992,2 25420  45.0004 330.3150 0004516 282.8345 185.1042 14.32238520917043
1 25420U 98046H   16060.83076841 +.00000141 +00000-0 +10335-3 0  9991,2 25420 045.0003 325.7833 0004471 286.5277 120.6992 14.32238737916095
1 25420U 98046H   16061.20261480  .00000117  00000-0  94679-4 0  9995,2 25420  45.0003 324.0369 0004451 288.2263 238.1136 14.32238875917238
1 25420U 98046H   16062.50650001  .00000130  00000-0  99312-4 0  9994,2 25420  45.0001 317.9124 0004400 293.6214 122.1202 14.32239757917423
1 25420U 98046H   16062.86866448 +.00000120 +00000-0 +95693-4 0  9994,2 25420 045.0000 316.2112 0004382 295.0461 189.8403 14.32239872916385
1 25420U 98046H   16063.76385208  .00000138  00000-0  10240-3 0  9997,2 25420  44.9999 312.0063 0004333 298.7103 126.2765 14.32240432917604
1 25420U 98046H   16063.84480350 +.00000138 +00000-0 +10225-3 0  9993,2 25420 044.9999 311.6261 0004328 299.0293 183.7511 14.32240473916529
1 25420U 98046H   16064.80552693  .00000174  00000-0  11572-3 0  9996,2 25420  44.9997 307.1133 0004268 302.9018  98.2140 14.32241123917754
1 25420U 98046H   16065.85503242  .00000223  00000-0  13373-3 0  9994,2 25420  44.9995 302.1834 0004187 307.0570 110.6053 14.32241922917900
1 25420U 98046H   16065.92856944 +.00000193 +00000-0 +12235-3 0  9994,2 25420 044.9995 301.8380 0004187 307.3726 129.8176 14.32241789916827
1 25420U 98046H   16067.12589028  .00000279  00000-0  15412-3 0  9999,2 25420  44.9992 296.2138 0004108 312.3378 184.2861 14.32243052918085
1 25420U 98046H   16068.03593020  .00000306  00000-0  16408-3 0  9994,2 25420  45.0000 291.9381 0003997 314.6880 198.7342 14.32268154918216
1 25420U 98046H   16069.08507352  .00000106  00000-0  90339-4 0  9997,2 25420  44.9989 287.0103 0003853 321.5103 206.6861 14.32267629918361
1 25420U 98046H   16070.12811001  .00000281  00000-0  15488-3 0  9998,2 25420  44.9989 282.1107 0003763 325.8912 185.5676 14.32268762918511
1 25420U 98046H   16071.57320821  .00000283  00000-0  15550-3 0  9995,2 25420  44.9987 275.3223 0003624 331.8376  77.9878 14.32270216918727
1 25420U 98046H   16071.94040519 +.00000345 +00000-0 +17834-3 0  9995,2 25420 044.9987 273.5972 0003598 333.3161 171.6696 14.32270947917682
1 25420U 98046H   16072.84406727  .00000316  00000-0  16749-3 0  9994,2 25420  44.9986 269.3521 0003518 337.2801 151.6445 14.32271615918909
1 25420U 98046H   16072.90835036 +.00000296 +00000-0 +16021-3 0  9990,2 25420 044.9986 269.0502 0003513 337.5125 123.1868 14.32271554917827
1 25420U 98046H   16073.89465328  .00000304  00000-0  16326-3 0  9990,2 25420  44.9985 264.4168 0003434 341.9336 169.2292 14.32272390919056
1 25420U 98046H   16075.00847860  .00000312  00000-0  16609-3 0  9993,2 25420  44.9984 259.1844 0003339 347.0310 152.7620 14.32273291919211
1 25420U 98046H   16076.52597506  .00000390  00000-0  19495-3 0  9992,2 25420  44.9984 252.0555 0003192 353.9605  57.8833 14.32275142919434
1 25420U 98046H   16076.88629808 +.00000340 +00000-0 +17642-3 0  9999,2 25420 044.9984 250.3629 0003140 355.5868 115.9447 14.32275226918393
1 25420U 98046H   16077.86239133  .00000314  00000-0  16696-3 0  9995,2 25420  44.9985 245.7776 0003047   0.2582 109.0576 14.32276100919624
1 25420U 98046H   16077.94336102 +.00000313 +00000-0 +16659-3 0  9996,2 25420 044.9985 245.3972 0003041 000.6653 166.5490 14.32276181918547
1 25420U 98046H   16078.98619775  .00000303  00000-0  16290-3 0  9991,2 25420  44.9986 240.4984 0002939   5.7183 143.7588 14.32277238919782
1 25420U 98046H   16080.51288616  .00000298  00000-0  16095-3 0  9995,2 25420  44.9987 233.3265 0002790  13.3171  95.6719 14.32278732920001
1 25420U 98046H   16080.58552475 +.00000296 +00000-0 +16028-3 0  9993,2 25420 044.9987 232.9853 0002778 013.6382 110.2518 14.32278802918929
1 25420U 98046H   16081.56172286 +.00000292 +00000-0 +15878-3 0  9998,2 25420 044.9987 228.3995 0002689 018.7040 103.5234 14.32279697920154
1 25420U 98046H   16082.82355655  .00000271  00000-0  15116-3 0  9993,2 25420  44.9987 222.4719 0002584  25.5487 129.2372 14.32280616920339
1 25420U 98046H   16084.20228961  .00000293  00000-0  15927-3 0  9990,2 25420  44.9987 215.9951 0002458  32.9676  37.7212 14.32281791920539
1 25420U 98046H   16085.52410529  .00000217  00000-0  13136-3 0  9995,2 25420  44.9987 209.7857 0002329  40.6172  12.2171 14.32282366920721
1 25420U 98046H   16086.86835013  .00000189  00000-0  12112-3 0  9993,2 25420  44.9986 203.4709 0002239  48.9926 101.7533 14.32283252920917
1 25420U 98046H   16088.52573912  .00000159  00000-0  10989-3 0  9992,2 25420  44.9987 195.6850 0002108  60.6451   4.2158 14.32284235921155
1 25420U 98046H   16089.57515277  .00000156  00000-0  10901-3 0  9999,2 25420  44.9988 190.7554 0002059  67.5807  13.5161 14.32284899921309
1 25420U 98046H   16091.24163325  .00000179  00000-0  11732-3 0  9997,2 25420  44.9988 182.9271 0001975  79.2913 322.8533 14.32285972921540
1 25420U 98046H   16092.50366093  .00000214  00000-0  13006-3 0  9990,2 25420  44.9986 176.9987 0001935  88.1177 347.6170 14.32287007921725
1 25420U 98046H   16092.72483072 +.00000221 +00000-0 +13269-3 0  9990,2 25420 044.9986 175.9598 0001940 089.8439 047.3952 14.32287208920664
1 25420U 98046H   16093.70100506  .00000245  00000-0  14161-3 0  9995,2 25420  44.9986 171.3744 0001917  96.0775  39.4065 14.32288110921890
1 25420U 98046H   16094.75062001  .00000277  00000-0  15313-3 0  9993,2 25420  44.9984 166.4436 0001908 103.3351  49.4414 14.32289246922041
1 25420U 98046H   16096.13331537  .00000301  00000-0  16217-3 0  9992,2 25420  44.9984 159.9481 0001903 113.3221 335.8534 14.32290719922244
1 25420U 98046H   16097.16802907  .00000320  00000-0  16899-3 0  9997,2 25420  44.9984 155.0873 0001920 120.6848 268.8832 14.32291834922392
1 25420U 98046H   16098.21755552  .00000344  00000-0  17792-3 0  9996,2 25420  44.9984 150.1568 0001948 128.1107 278.3055 14.32292980922543
1 25420U 98046H   16099.49116735  .00000381  00000-0  19149-3 0  9990,2 25420  44.9984 144.1737 0001985 136.6764   3.1498 14.32294393922723
1 25420U 98046H   16100.53292744  .00000306  00000-0  16391-3 0  9996,2 25420  44.9984 139.2798 0002021 143.3932 333.2025 14.32294771922878
1 25420U 98046H   16100.60730441 +.00000301 +00000-0 +16202-3 0  9991,2 25420 044.9984 138.9304 0002024 143.8857 356.5873 14.32294808921791
1 25420U 98046H   16101.58311324  .00000265  00000-0  14869-3 0  9990,2 25420  44.9983 134.3463 0002074 149.8423 347.0145 14.32295410923021
1 25420U 98046H   16103.09807993  .00000228  00000-0  13527-3 0  9999,2 25420  44.9982 127.2293 0002156 158.8806 237.0884 14.32296440923244
1 25420U 98046H   16104.14659855  .00000248  00000-0  14243-3 0  9996,2 25420  44.9981 122.3034 0002221 164.7322 242.9007 14.32297404923393
1 25420U 98046H   16105.20260353  .00000251  00000-0  14381-3 0  9992,2 25420  44.9982 117.3425 0002285 170.3621 287.5767 14.32298299923545
1 25420U 98046H   16106.46386775  .00000225  00000-0  13430-3 0  9993,2 25420  44.9982 111.4172 0002350 176.7036 310.9386 14.32299091923721
1 25420U 98046H   16107.51342238  .00000228  00000-0  13514-3 0  9992,2 25420  44.9984 106.4866 0002413 181.9252 322.7367 14.32299823923874
1 25420U 98046H   16109.17054847  .00000272  00000-0  15157-3 0  9996,2 25420  44.9985  98.7016 0002527 189.8708 227.6495 14.32301240924114
1 25420U 98046H   16110.44143314  .00000268  00000-0  15001-3 0  9999,2 25420  44.9986  92.7314 0002585 195.3059 301.5857 14.32302191924294
1 25420U 98046H   16112.17224588  .00000198  00000-0  12425-3 0  9993,2 25420  44.9989  84.6005 0002685 202.5389 227.5416 14.32303243924547
1 25420U 98046H   16113.44317836  .00000177  00000-0  11641-3 0  9999,2 25420  44.9990  78.6300 0002752 207.6864 302.0222 14.32304162924724
1 25420U 98046H   16113.90796654 +.00000153 +00000-0 +10755-3 0  9998,2 25420 044.9991 076.4464 0002782 209.6053 179.0022 14.32304373923708
1 25420U 98046H   16115.17379235  .00000166  00000-0  11263-3 0  9990,2 25420  44.9993  70.4999 0002853 214.5102 227.3728 14.32305316924974
1 25420U 98046H   16116.37138685  .00000172  00000-0  11469-3 0  9990,2 25420  44.9995  64.8739 0002904 219.1045 283.8959 14.32306022925147
1 25420U 98046H   16117.68155008  .00000182  00000-0  11832-3 0  9998,2 25420  44.9998  58.7191 0002964 224.0299 201.0902 14.32306771925338
1 25420U 98046H   16118.86018622  .00000200  00000-0  12480-3 0  9990,2 25420  44.9999  53.1822 0003019 228.2510 160.1444 14.32307557925501
1 25420U 98046H   16119.76474346  .00000217  00000-0  13126-3 0  9995,2 25420  45.0001  48.9338 0003025 231.6391 145.4632 14.32316591925630
1 25420U 98046H   16119.92181743 +.00000212 +00000-0 +12945-3 0  9992,2 25420 045.0000 048.1958 0003029 232.1303 235.6801 14.32316511924565
1 25420U 98046H   16121.18447612  .00000096  00000-0  86586-4 0  9996,2 25420  45.0002  42.2641 0003070 236.5169 268.2769 14.32317034925832
1 25420U 98046H   16122.23446779  .00000092  00000-0  85438-4 0  9997,2 25420  45.0002  37.3314 0003122 239.7436 284.3941 14.32317634925987
1 25420U 98046H   16122.90897685 +.00000118 +00000-0 +94988-4 0  9996,2 25420 045.0003 034.1626 0003156 241.8470 163.6499 14.32318155924994
1 25420U 98046H   16123.82597834  .00000134  00000-0  10086-3 0  9995,2 25420  45.0003  29.8547 0003177 244.7512 213.6882 14.32318780926212
1 25420U 98046H   16123.90054818 +.00000140 +00000-0 +10297-3 0  9995,2 25420 045.0003 029.5044 0003179 245.0384 238.2799 14.32318848925139
1 25420U 98046H   16125.16234753  .00000182  00000-0  11820-3 0  9992,2 25420  45.0003  23.5768 0003187 249.2177 266.6605 14.32319821926405
1 25420U 98046H   16125.85302663 +.00000166 +00000-0 +11258-3 0  9991,2 25420 045.0003 020.3320 0003199 251.3731 229.3273 14.32320110925417
1 25420U 98046H   16126.75653859  .00000151  00000-0  10684-3 0  9993,2 25420  45.0003  16.0874 0003201 254.1832 209.8405 14.32320471926635
1 25420U 98046H   16128.08351887  .00000076  00000-0  79240-4 0  9997,2 25420  45.0003   9.8537 0003194 258.6926 214.3143 14.32320626926828
1 25420U 98046H   16129.46799215  .00000006  00000-0  53744-4 0  9995,2 25420  45.0003   3.3498 0003183 262.9444 155.7894 14.32320856927023
1 25420U 98046H   16130.51683060 -.00000032  00000-0  39597-4 0  9993,2 25420  45.0002 358.4227 0003182 266.8850 165.2533 14.32321028927173
1 25420U 98046H   16130.73375461 -.00000035 +00000-0 +38578-4 0  9991,2 25420 045.0002 357.4036 0003175 267.6399 204.1159 14.32321118926119
1 25420U 98046H   16132.06871081 -.00000012  00000-0  47214-4 0  9990,2 25420  45.0001 351.1323 0003155 272.3021 249.6108 14.32321735927395
1 25420U 98046H   16132.97213648 +.00000018 +00000-0 +58260-4 0  9997,2 25420 045.0001 346.8882 0003139 274.7229 230.0770 14.32322339926438
1 25420U 98046H   16134.02046084  .00000038  00000-0  65412-4 0  9992,2 25420  45.0000 341.9633 0003132 278.2162 237.3419 14.32322818927674
1 25420U 98046H   16135.06378438  .00000053  00000-0  70880-4 0  9990,2 25420  44.9999 337.0620 0003115 281.7182 218.7878 14.32323211927820
1 25420U 98046H   16136.51945130  .00000054  00000-0  71403-4 0  9993,2 25420  44.9998 330.2231 0003091 285.9694 167.7309 14.32323612928030
1 25420U 98046H   16136.66227133 +.00000048 +00000-0 +69052-4 0  9995,2 25420 044.9998 329.5521 0003087 286.3779 184.4655 14.32323625926961
1 25420U 98046H   16137.63802814  .00000008  00000-0  54441-4 0  9990,2 25420  44.9998 324.9681 0003052 288.9865 178.0722 14.32323677928191
1 25420U 98046H   16138.61389029 -.00000016 +00000-0 +45611-4 0  9996,2 25420 044.9998 320.3836 0003013 292.0465 171.7717 14.32323839927241
1 25420U 98046H   16139.86490076 -.00000040  00000-0  36724-4 0  9991,2 25420  44.9999 314.5066 0002959 295.4748 145.2394 14.32324118928510
1 25420U 98046H   16141.45881541 -.00000020  00000-0  44275-4 0  9998,2 25420  44.9998 307.0186 0002899 299.8312  87.6301 14.32324794928749
1 25420U 98046H   16142.52036553  .00000033  00000-0  63542-4 0  9993,2 25420  44.9998 302.0318 0002857 304.7494 161.7427 14.32325441928891
1 25420U 98046H   16142.59298486 +.00000035 +00000-0 +64293-4 0  9991,2 25420 044.9998 301.6906 0002851 305.0759 176.2299 14.32325482927815
1 25420U 98046H   16143.85447113  .00000081  00000-0  81398-4 0  9990,2 25420  44.9996 295.7642 0002770 309.1387 203.1426 14.32326259929081
1 25420U 98046H   16145.50420258  .00000093  00000-0  85796-4 0  9994,2 25420  44.9994 288.0136 0002657 314.0074  73.1241 14.32327103929320
1 25420U 98046H   16145.52025360 +.00000093 +00000-0 +85514-4 0  9999,2 25420 044.9994 287.9381 0002656 313.9843 155.9922 14.32327105928237
1 25420U 98046H   16146.85672220  .00000081  00000-0  81271-4 0  9992,2 25420  44.9993 281.6596 0002573 318.6223 209.3460 14.32327732929516
1 25420U 98046H   16148.16040072  .00000046  00000-0  68515-4 0  9999,2 25420  44.9994 275.5349 0002496 322.9666  93.7545 14.32328211929701
1 25420U 98046H   16149.49859565  .00000024  00000-0  60448-4 0  9994,2 25420  44.9995 269.2484 0002424 327.7198 155.9067 14.32328641929893
1 25420U 98046H   16149.78446354 +.00000026 +00000-0 +61204-4 0  9997,2 25420 044.9994 267.9054 0002400 328.9440 190.1500 14.32328748928842
1 25420U 98046H   16150.76048509  .00000032  00000-0  63416-4 0  9991,2 25420  44.9994 263.3202 0002330 332.4065 184.2878 14.32329095930078
1 25420U 98046H   16152.13775162  .00000060  00000-0  73473-4 0  9991,2 25420  44.9993 256.8501 0002243 336.7270  88.5418 14.32329729930276
1 25420U 98046H   16152.71293957 +.00000080 +00000-0 +80990-4 0  9996,2 25420 044.9992 254.1480 0002208 338.8716 175.1532 14.32330080929260
1 25420U 98046H   16153.18646134  .00000094  00000-0  86089-4 0  9997,2 25420  44.9991 251.9234 0002170 340.1694  97.8756 14.32330361930420
1 25420U 98046H   16154.37801561  .00000108  00000-0  91308-4 0  9992,2 25420  44.9989 246.3255 0002074 344.8102 123.2865 14.32331028930590
1 25420U 98046H   16154.80491405 +.00000107 +00000-0 +90821-4 0  9990,2 25420 044.9988 244.3201 0002049 346.4023 165.0755 14.32331255929569
1 25420U 98046H   16155.64060277  .00000113  00000-0  92965-4 0  9990,2 25420  44.9987 240.3940 0001984 349.6819 155.0958 14.32331730930776
1 25420U 98046H   16156.75757363  .00000085  00000-0  82661-4 0  9992,2 25420  44.9986 235.1465 0001898 354.1056 155.7751 14.32332148930937
1 25420U 98046H   16158.19873220  .00000067  00000-0  75939-4 0  9993,2 25420  44.9986 228.3759 0001789   0.2443  27.9949 14.32332661931148
1 25420U 98046H   16158.64272796 +.00000058 +00000-0 +72678-4 0  9991,2 25420 044.9986 226.2901 0001755 002.3701 157.4977 14.32332773930117
1 25420U 98046H   16159.47329459  .00000046  00000-0  68374-4 0  9997,2 25420  44.9985 222.3881 0001687   6.1154 120.6193 14.32332984931328
1 25420U 98046H   16159.68562194 +.00000047 +00000-0 +68636-4 0  9997,2 25420 044.9985 221.3906 0001675 007.2028 135.4332 14.32333051930261
1 25420U 98046H   16160.59472020  .00000054  00000-0  71260-4 0  9992,2 25420  44.9984 217.1197 0001608  11.4306 143.4053 14.32333392931489
1 25420U 98046H   16162.17672299  .00000048  00000-0  69063-4 0  9999,2 25420  44.9981 209.6875 0001489  19.3893  20.7644 14.32333946931714
1 25420U 98046H   16163.52390550  .00000042  00000-0  67016-4 0  9996,2 25420  44.9979 203.3585 0001399  26.9350 126.5424 14.32334490931909
1 25420U 98046H   16163.92403973 +.00000026 +00000-0 +61024-4 0  9999,2 25420 044.9979 201.4787 0001371 029.0598 029.6638 14.32334580930875
1 25420U 98046H   16164.63929098  .00000015  00000-0  57026-4 0  9994,2 25420  44.9977 198.1185 0001331  33.6669 116.7428 14.32334825932063
1 25420U 98046H   16166.23210568  .00000018  00000-0  58223-4 0  9990,2 25420  44.9976 190.6351 0001228  44.1349  47.4048 14.32335440932298
1 25420U 98046H   16167.50044999  .00000044  00000-0  67604-4 0  9996,2 25420  44.9977 184.6763 0001171  53.3011 104.6543 14.32335986932475
1 25420U 98046H   16169.08231207  .00000083  00000-0  82134-4 0  9999,2 25420  44.9977 177.2446 0001103  65.8838 336.6780 14.32336737932702
1 25420U 98046H   16170.14274884  .00000083  00000-0  81992-4 0  9997,2 25420  44.9977 172.2625 0001080  75.4741  40.4175 14.32337160932855
1 25420U 98046H   16171.18579022  .00000090  00000-0  84398-4 0  9995,2 25420  44.9977 167.3623 0001077  84.1628  15.2765 14.32337696933002
1 25420U 98046H   16172.52112762  .00000067  00000-0  76079-4 0  9999,2 25420  44.9977 161.0888 0001092  95.3634  56.2814 14.32338312933190
1 25420U 98046H   16173.83085678  .00000041  00000-0  66472-4 0  9997,2 25420  44.9978 154.9356 0001123 106.0288 325.6493 14.32338854933380
1 25420U 98046H   16173.96638854 +.00000038 +00000-0 +65601-4 0  9990,2 25420 044.9978 154.2989 0001127 107.2204 303.9911 14.32338902932310
1 25420U 98046H   16175.01183111  .00000021  00000-0  59255-4 0  9999,2 25420  44.9979 149.3872 0001163 116.2891 290.8688 14.32339279933559
1 25420U 98046H   16175.38251558  .00000033  00000-0  63458-4 0  9993,2 25420  44.9979 147.6456 0001145 115.3331  45.1000 14.32353721933600
1 25420U 98046H   16175.91459263 +.00000029 +00000-0 +62057-4 0  9994,2 25420 044.9980 145.1458 0001172 119.2108 267.5125 14.32353974932597
1 25420U 98046H   16176.89078338  .00000049  00000-0  69641-4 0  9990,2 25420  44.9982 140.5593 0001241 126.9705 258.3169 14.32354532933827
1 25420U 98046H   16176.96469992 +.00000049 +00000-0 +69512-4 0  9995,2 25420 044.9982 140.2120 0001247 127.4783 279.3260 14.32354565932749
1 25420U 98046H   16178.15627791  .00000086  00000-0  82942-4 0  9994,2 25420  44.9984 134.6139 0001320 135.2234 301.8576 14.32355064934005
1 25420U 98046H   16179.35349870  .00000090  00000-0  84629-4 0  9995,2 25420  44.9986 128.9892 0001402 142.2223 354.2629 14.32355552934177
1 25420U 98046H   16179.90469902 +.00000081 +00000-0 +81229-4 0  9998,2 25420 044.9987 126.3996 0001440 145.9027 315.5805 14.32355742933164
1 25420U 98046H   16180.86837169  .00000071  00000-0  77467-4 0  9997,2 25420  44.9988 121.8722 0001512 151.6823 243.7596 14.32356190934393
1 25420U 98046H   16182.21916300  .00000049  00000-0  69560-4 0  9993,2 25420  44.9990 115.5261 0001623 159.2517   8.2483 14.32356792934589
1 25420U 98046H   16183.33205501  .00000043  00000-0  67236-4 0  9993,2 25420  44.9992 110.2977 0001715 164.9136 346.7381 14.32357293934741
1 25420U 98046H   16183.86976091 +.00000044 +00000-0 +67462-4 0  9992,2 25420 044.9992 107.7714 0001763 167.9143 239.0876 14.32357530933730
1 25420U 98046H   16184.77271166  .00000042  00000-0  66965-4 0  9999,2 25420  44.9993 103.5293 0001837 172.4938 215.0564 14.32357808934953
1 25420U 98046H   16185.82203413  .00000042  00000-0  66998-4 0  9992,2 25420  44.9994  98.5993 0001941 177.1197 226.4729 14.32358090935100
1 25420U 98046H   16185.89139984 +.00000044 +00000-0 +67659-4 0  9997,2 25420 044.9994 098.2734 0001948 177.3818 224.2397 14.32358123934023
1 25420U 98046H   16186.86707603  .00000043  00000-0  67137-4 0  9994,2 25420  44.9995  93.6896 0002038 181.2789 216.2633 14.32358353935259
1 25420U 98046H   16188.06370770  .00000046  00000-0  68508-4 0  9995,2 25420  44.9996  88.0677 0002141 186.1707 267.7482 14.32358699935429
1 25420U 98046H   16189.18748243  .00000055  00000-0  71781-4 0  9990,2 25420  44.9997  82.7881 0002237 190.8742 303.3749 14.32359158935586
1 25420U 98046H   16190.49785536  .00000049  00000-0  69436-4 0  9999,2 25420  44.9998  76.6320 0002349 196.3187 221.3843 14.32359721935776
1 25420U 98046H   16190.78001506 +.00000045 +00000-0 +67881-4 0  9997,2 25420 044.9998 075.3063 0002377 197.2478 236.8150 14.32359826934722
1 25420U 98046H   16191.82068001  .00000040  00000-0  66165-4 0  9995,2 25420  44.9999  70.4172 0002470 201.2551 204.1725 14.32360231935967
1 25420U 98046H   16191.89421071 +.00000039 +00000-0 +65784-4 0  9996,2 25420 044.9999 070.0718 0002477 201.3309 223.6233 14.32360245934883
1 25420U 98046H   16193.09810242  .00000033  00000-0  63626-4 0  9999,2 25420  44.9999  64.4159 0002575 205.9817 312.8293 14.32360615936141
1 25420U 98046H   16193.70378247 +.00000032 +00000-0 +63062-4 0  9994,2 25420 044.9999 061.5703 0002631 208.3689 196.6447 14.32360762935142
1 25420U 98046H   16194.67966200  .00000052  00000-0  70462-4 0  9997,2 25420  44.9998  56.9855 0002707 212.0384 189.9548 14.32361127936374
1 25420U 98046H   16195.74013468  .00000056  00000-0  72171-4 0  9998,2 25420  44.9998  52.0032 0002794 216.0091 259.5908 14.32361440936522
1 25420U 98046H   16197.12786036  .00000071  00000-0  77564-4 0  9998,2 25420  44.9998  45.4835 0002890 220.5775 217.7415 14.32362013936723
1 25420U 98046H   16198.52517439  .00000063  00000-0  74731-4 0  9996,2 25420  44.9999  38.9185 0003000 225.1131 225.4186 14.32362614936920
1 25420U 98046H   16198.87268536 +.00000040 +00000-0 +66177-4 0  9995,2 25420 044.9999 037.2859 0003021 226.2727 217.9308 14.32362634935884
1 25420U 98046H   16199.92315164 +.00000036 +00000-0 +64558-4 0  9998,2 25420 045.0000 032.3507 0003084 230.1200 236.0490 14.32363086936038
1 25420U 98046H   16200.97994148  .00000009  00000-0  54799-4 0  9997,2 25420  45.0001  27.3857 0003157 233.6614 287.1141 14.32363424937272
1 25420U 98046H   16202.02285522  .00000021  00000-0  59180-4 0  9997,2 25420  45.0001  22.4860 0003230 237.1702 266.5914 14.32363877937429
1 25420U 98046H   16203.46400505  .00000045  00000-0  68099-4 0  9991,2 25420  45.0002  15.7152 0003314 242.2698 139.9712 14.32364470937635
1 25420U 98046H   16203.90075435 +.00000044 +00000-0 +67505-4 0  9990,2 25420 045.0002 013.6633 0003316 243.9728 232.5447 14.32364555936605
1 25420U 98046H   16204.80318354  .00000031  00000-0  62685-4 0  9990,2 25420  45.0001   9.4235 0003366 247.0272 207.3698 14.32364718937823
1 25420U 98046H   16204.87681546 +.00000028 +00000-0 +61631-4 0  9999,2 25420 045.0001 009.0776 0003368 247.3098 227.1377 14.32364724936741
1 25420U 98046H   16205.85978926  .00000008  00000-0  54370-4 0  9999,2 25420  45.0001   4.4594 0003404 250.7785 257.2797 14.32364906937978
1 25420U 98046H   16205.92701362 +.00000003 +00000-0 +52448-4 0  9994,2 25420 045.0001 004.1435 0003408 250.9920 244.0443 14.32364898936898
1 25420U 98046H   16206.97643650 -.00000033  00000-0  39213-4 0  9994,2 25420  45.0002 359.2131 0003440 254.7437 256.8806 14.32365026938134
1 25420U 98046H   16208.49103397 -.00000058  00000-0  30259-4 0  9990,2 25420  45.0003 352.0972 0003487 260.1076 149.1010 14.32365345938359
1 25420U 98046H   16209.53631801 -.00000067  00000-0  26876-4 0  9992,2 25420  45.0004 347.1864 0003519 263.6653 140.7701 14.32365538938505
1 25420U 98046H   16209.90627508 -.00000069 +00000-0 +26262-4 0  9993,2 25420 045.0004 345.4483 0003528 264.9909 248.9750 14.32365563937468
1 25420U 98046H   16210.58550692 -.00000074  00000-0  24337-4 0  9995,2 25420  45.0004 342.2572 0003542 267.3624 152.4542 14.32365605938656
1 25420U 98046H   16211.78354027 -.00000085  00000-0  20479-4 0  9997,2 25420  45.0005 336.6288 0003564 271.4925 211.9649 14.32365590938823
1 25420U 98046H   16211.85680771 -.00000085 +00000-0 +20133-4 0  9990,2 25420 045.0005 336.2846 0003566 271.7667 229.8602 14.32365588937741
1 25420U 98046H   16212.83293998 -.00000095  00000-0  16611-4 0  9997,2 25420  45.0004 331.6988 0003582 275.2079 224.7192 14.32365529938979
1 25420U 98046H   16214.49010762 -.00000098  00000-0  15392-4 0  9995,2 25420  45.0002 323.9132 0003602 280.8589 132.5296 14.32365608939210
1 25420U 98046H   16214.78482968 -.00000089 +00000-0 +18785-4 0  9997,2 25420 045.0002 322.5286 0003593 282.0909 212.5042 14.32365696938162
1 25420U 98046H   16215.83422622 -.00000072  00000-0  25208-4 0  9995,2 25420  45.0001 317.5984 0003591 285.8999 225.1513 14.32365990939406
1 25420U 98046H   16217.14394182 -.00000031  00000-0  40092-4 0  9993,2 25420  45.0000 311.4451 0003597 290.4750 140.6701 14.32366555939598
1 25420U 98046H   16218.46758480  .00000008  00000-0  54567-4 0  9999,2 25420  44.9999 305.2265 0003582 295.2460 127.8817 14.32367181939784
1 25420U 98046H   16218.76408602 +.00000023 +00000-0 +59995-4 0  9997,2 25420 044.9998 303.8335 0003573 296.4306 217.0885 14.32367357938733
1 25420U 98046H   16219.73849119  .00000058  00000-0  72876-4 0  9998,2 25420  44.9997 299.2556 0003564 300.0107 202.9024 14.32367858939966
1 25420U 98046H   16221.17976190  .00000085  00000-0  82649-4 0  9998,2 25420  44.9995 292.4842 0003534 305.2902  76.7475 14.32368518940170
1 25420U 98046H   16222.23003574  .00000103  00000-0  89249-4 0  9997,2 25420  44.9993 287.5499 0003496 309.3621  93.6712 14.32369089940324
1 25420U 98046H   16223.49400150  .00000115  00000-0  93665-4 0  9997,2 25420  44.9991 281.6116 0003452 314.3401 132.6638 14.32369815940505
1 25420U 98046H   16223.71586191 +.00000121 +00000-0 +95680-4 0  9998,2 25420 044.9990 280.5693 0003448 315.2651 196.8736 14.32369972939440
1 25420U 98046H   16224.69213904 +.00000089 +00000-0 +84254-4 0  9993,2 25420 044.9988 275.9825 0003407 319.1294 192.0739 14.32370295940671
1 25420U 98046H   16225.66872513 +.00000079 +00000-0 +80330-4 0  9998,2 25420 044.9987 271.3942 0003360 323.0543 188.8096 14.32370699939720
1 25420U 98046H   16226.64547631 +.00000062 +00000-0 +74154-4 0  9996,2 25420 044.9985 266.8051 0003316 327.1159 186.2615 14.32371012939861
1 25420U 98046H   16227.62058168 +.00000054 +00000-0 +71145-4 0  9995,2 25420 044.9985 262.2237 0003270 331.1555 175.2422 14.32371317940001
1 25420U 98046H   16228.59625369  .00000068  00000-0  76361-4 0  9995,2 25420  44.9984 257.6396 0003218 335.3042 167.0398 14.32371698941232
1 25420U 98046H   16230.17991375  .00000062  00000-0  74396-4 0  9995,2 25420  44.9982 250.1989 0003118 342.2332  54.1999 14.32372170941468
1 25420U 98046H   16231.38425765  .00000042  00000-0  66731-4 0  9996,2 25420  44.9982 244.5406 0003050 347.8646 144.8127 14.32372492941639
1 25420U 98046H   16232.50723019  .00000020  00000-0  58676-4 0  9999,2 25420  44.9980 239.2645 0002979 353.2923 175.6315 14.32372857941794
1 25420U 98046H   16232.57387425 +.00000017 +00000-0 +57844-4 0  9995,2 25420 044.9980 238.9514 0002972 353.6093 159.2994 14.32372882940710
1 25420U 98046H   16233.54979551  .00000007  00000-0  54082-4 0  9990,2 25420  44.9980 234.3661 0002911 358.4118 151.7363 14.32373244941943
1 25420U 98046H   16235.13354829 -.00000004  00000-0  50022-4 0  9990,2 25420  44.9979 226.9249 0002812   6.4401  38.2849 14.32373761942173
1 25420U 98046H   16236.18289956  .00000003  00000-0  52683-4 0  9997,2 25420  44.9979 221.9946 0002752  12.0576  48.9195 14.32374074942328
1 25420U 98046H   16237.45054838  .00000041  00000-0  66377-4 0  9994,2 25420  44.9980 216.0386 0002683  19.1809 104.7988 14.32374590942507
1 25420U 98046H   16239.11127387  .00000065  00000-0  75168-4 0  9993,2 25420  44.9982 208.2357 0002586  28.7948  27.0674 14.32375237942746
1 25420U 98046H   16240.16069424  .00000064  00000-0  74946-4 0  9999,2 25420  44.9983 203.3051 0002542  35.2308  37.2474 14.32375685942893
1 25420U 98046H   16241.20954388  .00000075  00000-0  79038-4 0  9996,2 25420  44.9984 198.3773 0002499  41.8348  44.3155 14.32376281943042
1 25420U 98046H   16242.34076515  .00000089  00000-0  84205-4 0  9996,2 25420  44.9985 193.0625 0002453  49.2404 115.7482 14.32376987943203
1 25420U 98046H   16242.94602933 +.00000096 +00000-0 +86792-4 0  9992,2 25420 044.9985 190.2187 0002429 053.1934 355.8890 14.32377393942201
1 25420U 98046H   16243.84876535  .00000080  00000-0  80897-4 0  9996,2 25420  44.9986 185.9774 0002401  59.0578 329.5296 14.32377711943421
1 25420U 98046H   16243.92206966 +.00000087 +00000-0 +83436-4 0  9999,2 25420 044.9986 185.6330 0002398 059.5801 347.3706 14.32377808942346
1 25420U 98046H   16244.89826578 +.00000114 +00000-0 +93282-4 0  9994,2 25420 044.9986 181.0465 0002377 066.2288 339.3963 14.32378372942484
1 25420U 98046H   16245.19492016  .00000121  00000-0  95987-4 0  9996,2 25420  44.9986 179.6528 0002377  68.2206  68.5979 14.32378536943615
1 25420U 98046H   16246.24463936  .00000224  00000-0  13377-3 0  9998,2 25420  44.9986 174.7208 0002374  75.4671  79.5226 14.32379614943760
1 25420U 98046H   16247.28787133  .00000233  00000-0  13709-3 0  9990,2 25420  44.9986 169.8193 0002394  82.7115  56.9665 14.32380163943918
1 25420U 98046H   16247.91041360 +.00000231 +00000-0 +13623-3 0  9998,2 25420 044.9987 166.8943 0002409 087.1174 025.8421 14.32380526942917
1 25420U 98046H   16248.80244822  .00000240  00000-0  13933-3 0  9999,2 25420  44.9987 162.7032 0002434  93.2332 304.0077 14.32381201944139
1 25420U 98046H   16248.87049400 +.00000234 +00000-0 +13743-3 0  9993,2 25420 044.9988 162.3836 0002442 093.6941 294.7685 14.32381225943053
1 25420U 98046H   16249.84732876  .00000215  00000-0  13039-3 0  9994,2 25420  44.9988 157.7942 0002473 100.3483 290.0986 14.32381906944285
1 25420U 98046H   16249.92015279 +.00000214 +00000-0 +12984-3 0  9991,2 25420 044.9988 157.4520 0002476 100.8555 305.4766 14.32381966943206
1 25420U 98046H   16251.12909962  .00000161  00000-0  11038-3 0  9997,2 25420  44.9989 151.7722 0002519 108.7592  57.6182 14.32382622944461
1 25420U 98046H   16252.50253443  .00000117  00000-0  94358-4 0  9994,2 25420  44.9989 145.3194 0002596 117.9147 297.5242 14.32383282944663
1 25420U 98046H   16252.86441499 +.00000093 +00000-0 +85689-4 0  9993,2 25420 044.9989 143.6191 0002619 120.3514 002.9546 14.32383336943623
1 25420U 98046H   16253.75596525 +.00000092 +00000-0 +85189-4 0  9997,2 25420 044.9988 139.4304 0002672 125.9937 279.1015 14.32383752944846
1 25420U 98046H   16254.80121189  .00000090  00000-0  84302-4 0  9998,2 25420  44.9987 134.5195 0002751 132.5417 267.6567 14.32384135944990
1 25420U 98046H   16254.87454231 +.00000075 +00000-0 +78911-4 0  9994,2 25420 044.9987 134.1749 0002759 132.9938 285.7039 14.32384074943919
1 25420U 98046H   16255.85061421  .00000085  00000-0  82495-4 0  9991,2 25420  44.9986 129.5889 0002845 138.9006 277.8526 14.32384461945149
1 25420U 98046H   16255.92407060 +.00000085 +00000-0 +82746-4 0  9991,2 25420 044.9986 129.2438 0002849 139.3428 296.5601 14.32384483944069
1 25420U 98046H   16256.98121053  .00000078  00000-0  80224-4 0  9994,2 25420  44.9985 124.2768 0002932 145.4693 346.9280 14.32384815945304
1 25420U 98046H   16258.43195943  .00000044  00000-0  67721-4 0  9995,2 25420  44.9985 117.4605 0003049 153.6531 266.8789 14.32385240945510
1 25420U 98046H   16258.71949947 +.00000049 +00000-0 +69289-4 0  9993,2 25420 044.9985 116.1094 0003088 155.2279 309.4616 14.32385426944460
1 25420U 98046H   16259.68528793  .00000059  00000-0  73045-4 0  9998,2 25420  44.9986 111.5717 0003182 160.4558 249.2170 14.32385986945698
1 25420U 98046H   16260.74624263  .00000078  00000-0  79978-4 0  9998,2 25420  44.9987 106.5868 0003284 166.1165 319.7487 14.32386664945845
1 25420U 98046H   16260.95826521 +.00000087 +00000-0 +83251-4 0  9991,2 25420 044.9987 105.5907 0003296 167.1797 333.0550 14.32386807944784
1 25420U 98046H   16261.77995008  .00000091  00000-0  84670-4 0  9990,2 25420  44.9987 101.7299 0003386 171.4685 249.9517 14.32387221945993
1 25420U 98046H   16261.93560654 +.00000093 +00000-0 +85684-4 0  9991,2 25420 044.9987 100.9986 0003397 172.2985 332.5537 14.32387296944926
1 25420U 98046H   16262.82974383  .00000094  00000-0  85907-4 0  9997,2 25420  44.9988  96.7975 0003497 176.9030 263.1044 14.32387679946143
1 25420U 98046H   16262.91104904 +.00000095 +00000-0 +86441-4 0  9996,2 25420 044.9988 096.4155 0003504 177.2832 322.3869 14.32387718945060
1 25420U 98046H   16263.88650425  .00000116  00000-0  93970-4 0  9996,2 25420  44.9987  91.8322 0003610 182.1583 312.3972 14.32388227946296
1 25420U 98046H   16263.95978084 +.00000118 +00000-0 +94567-4 0  9993,2 25420 044.9987 091.4879 0003615 182.5038 330.2745 14.32388266945214
1 25420U 98046H   16265.54175140  .00000111  00000-0  92220-4 0  9999,2 25420  44.9988  84.0549 0003778 190.1490 208.0934 14.32388948946539
1 25420U 98046H   16265.91280003 +.00000101 +00000-0 +88536-4 0  9999,2 25420 044.9988 082.3115 0003810 191.8192 321.6202 14.32389081945496
1 25420U 98046H   16266.60126678  .00000112  00000-0  92362-4 0  9997,2 25420  44.9988  79.0766 0003887 195.0808 271.9356 14.32389517946688
1 25420U 98046H   16267.93774953  .00000096  00000-0  86689-4 0  9995,2 25420  44.9990  72.7970 0003975 201.2070 324.1748 14.32390149946877
1 25420U 98046H   16269.44572825  .00000120  00000-0  95421-4 0  9999,2 25420  44.9993  65.7116 0004101 208.0421 180.8998 14.32391091947097
1 25420U 98046H   16270.49519684  .00000122  00000-0  96086-4 0  9990,2 25420  44.9995  60.7806 0004233 212.7159 193.1498 14.32391644947249
1 25420U 98046H   16271.90880263  .00000164  00000-0  11148-3 0  9992,2 25420  44.9997  54.1391 0004348 218.9472 283.3711 14.32392535947442
1 25420U 98046H   16272.71820072  .00000466  00000-0  17051-3 0  9998,2 25420  44.9990  50.3377 0004404 222.2044 137.8943 14.32393181947564
1 25420U 98046H   16272.73681199  .00000315  00000-0  16684-3 0  9999,2 25420  45.0000  50.2492 0004461 222.1897 234.0258 14.32408382947562
1 25420U 98046H   16272.88480001 +.00000330 +00000-0 +17234-3 0  9993,2 25420 045.0001 049.5540 0004463 222.9419 277.1359 14.32408593946493
1 25420U 98046H   16273.78640531  .00000339  00000-0  17575-3 0  9996,2 25420  45.0001  45.3178 0004526 226.9173 246.9313 14.32409280947719
1 25420U 98046H   16274.83659238  .00000313  00000-0  16603-3 0  9990,2 25420  45.0003  40.3835 0004608 231.1854 263.3639 14.32409905947865
1 25420U 98046H   16275.88624234  .00000117  00000-0  94453-4 0  9996,2 25420  45.0003  35.4516 0004700 235.7888 276.6899 14.32410035948015
1 25420U 98046H   16277.12307591  .00000064  00000-0  74879-4 0  9990,2 25420  45.0004  29.6403 0004783 241.0321 175.5549 14.32410462948191
1 25420U 98046H   16278.17175505  .00000040  00000-0  66012-4 0  9998,2 25420  45.0005  24.7131 0004838 245.4424 184.0654 14.32410789948340
1 25420U 98046H   16279.49489966  .00000038  00000-0  65167-4 0  9990,2 25420  45.0006  18.4964 0004909 250.8557 168.2708 14.32411200948535
