1 25477U 98053C   15001.23419080  .00000520  00000-0  24560-3 0  9991,2 25477 045.0078 241.6941 0001829 000.2311 084.1465 14.31611831849687
1 25477U 98053C   15002.69148317  .00000410  00000-0  20470-3 0  9998,2 25477 045.0077 234.8569 0001698 010.5713 031.6431 14.31614419849898
1 25477U 98053C   15003.81056542  .00000504  00000-0  23972-3 0  9995,2 25477 045.0077 229.6065 0001622 018.5941 036.7237 14.31615360850055
1 25477U 98053C   15004.86048603  .00000631  00000-0  28687-3 0  9999,2 25477 045.0077 224.6805 0001548 026.2915 045.3448 14.31616949850207
1 25477U 98053C   15005.90989340  .00000774  00000-0  34043-3 0  9998,2 25477 045.0077 219.7570 0001489 034.1209 051.1974 14.31616838850351
1 25477U 98053C   15007.57408578  .00000825  00000-0  35931-3 0  9996,2 25477 045.0077 211.9489 0001399 047.2597 343.2941 14.31620753850595
1 25477U 98053C   15008.92238190  .00000886  00000-0  38178-3 0  9990,2 25477 045.0077 205.6229 0001353 058.9802 087.1749 14.31624599850788
1 25477U 98053C   15009.97117677  .00000718  00000-0  31920-3 0  9994,2 25477 045.0078 200.7022 0001327 069.1045 087.5897 14.31627259850931
1 25477U 98053C   15011.63883030  .00000688  00000-0  30819-3 0  9995,2 25477 045.0080 192.8777 0001312 084.4129 035.4195 14.31631604851178
1 25477U 98053C   15012.90071803  .00000598  00000-0  27449-3 0  9998,2 25477 045.0081 186.9571 0001328 095.4072 054.3067 14.31634641851353
1 25477U 98053C   15013.94454178  .00000755  00000-0  33314-3 0  9996,2 25477 045.0083 182.0596 0001350 104.2262 030.4247 14.31636743851501
1 25477U 98053C   15015.53282223  .00000837  00000-0  36362-3 0  9990,2 25477 045.0086 174.6075 0001414 117.5777 290.8027 14.31639800851732
1 25477U 98053C   15016.88053382  .00000747  00000-0  33022-3 0  9991,2 25477 045.0087 168.2842 0001476 128.3736 032.6865 14.31642328851929
1 25477U 98053C   15017.98268675  .00000821  00000-0  35745-3 0  9993,2 25477 045.0089 163.1130 0001529 136.5191 310.4199 14.31644428852088
1 25477U 98053C   15019.44054841  .00000762  00000-0  33554-3 0  9994,2 25477 045.0090 156.2729 0001630 146.2263 261.6643 14.31647773852298
1 25477U 98053C   15020.78710912  .00000418  00000-0  20768-3 0  9992,2 25477 045.0091 149.9551 0001720 155.0819 359.5844 14.31650514852484
1 25477U 98053C   15022.36952238  .00000615  00000-0  28090-3 0  9992,2 25477 045.0092 142.5306 0001830 163.4570 234.7435 14.31654034852718
1 25477U 98053C   15023.48873832  .00000523  00000-0  24670-3 0  9996,2 25477 045.0093 137.2795 0001915 170.0005 242.1510 14.31654702852879
1 25477U 98053C   15024.53865266  .00000571  00000-0  26438-3 0  9992,2 25477 045.0094 132.3534 0001997 175.2555 253.3311 14.31654183853028
1 25477U 98053C   15025.81153600  .00000468  00000-0  22626-3 0  9996,2 25477 045.0094 126.3812 0002089 181.8040 333.4969 14.31655164853204
1 25477U 98053C   15027.12065166  .00000491  00000-0  23478-3 0  9993,2 25477 045.0095 120.2389 0002187 187.7068 241.2306 14.31657881853390
1 25477U 98053C   15028.37141722  .00000379  00000-0  19292-3 0  9998,2 25477 045.0095 114.3704 0002275 192.8844 208.6725 14.31660952853577
1 25477U 98053C   15029.57574209  .00000586  00000-0  27002-3 0  9999,2 25477 045.0094 108.7199 0002327 198.4792 296.1255 14.31663134853747
1 25477U 98053C   15030.69278854  .00000531  00000-0  24942-3 0  9991,2 25477 045.0095 103.4788 0002383 203.2539 294.1482 14.31665883853901
1 25477U 98053C   15032.20844920  .00000741  00000-0  32751-3 0  9993,2 25477 045.0095 096.3672 0002454 209.7816 186.8712 14.31670862854122
1 25477U 98053C   15033.62328200  .00000955  00000-0  40703-3 0  9991,2 25477 045.0095 089.7288 0002494 215.8512 279.9086 14.31675272854326
1 25477U 98053C   15035.21133253  .00001031  00000-0  43534-3 0  9991,2 25477 045.0096 082.2774 0002538 222.0702 186.4484 14.31679863854554
1 25477U 98053C   15036.25711282  .00001215  00000-0  50360-3 0  9999,2 25477 045.0097 077.3704 0002560 225.8109 177.9046 14.31683511854701
1 25477U 98053C   15037.30678447  .00000999  00000-0  42348-3 0  9996,2 25477 045.0097 072.4451 0002587 229.4008 189.6000 14.31688319854850
1 25477U 98053C   15038.43793350  .00001124  00000-0  46992-3 0  9992,2 25477 045.0098 067.1375 0002587 234.1384 260.5099 14.31692006855011
1 25477U 98053C   15039.48790103  .00001018  00000-0  43034-3 0  9997,2 25477 045.0099 062.2108 0002596 237.7471 273.7460 14.31697343855161
1 25477U 98053C   15040.53160110  .00001032  00000-0  43559-3 0  9992,2 25477 045.0100 057.3134 0002591 241.7784 254.2452 14.31700211855316
1 25477U 98053C   15042.18893878  .00001251  00000-0  51685-3 0  9991,2 25477 045.0102 049.5367 0002568 247.7712 158.6175 14.31704877855557
1 25477U 98053C   15043.46793938  .00001111  00000-0  46483-3 0  9994,2 25477 045.0103 043.5353 0002519 253.1678 271.7280 14.31706991855738
1 25477U 98053C   15044.51213152  .00001052  00000-0  44300-3 0  9996,2 25477 045.0104 038.6357 0002509 256.1927 255.8139 14.31709780855888
1 25477U 98053C   15048.88317591  .00000844  00000-0  36564-3 0  9993,2 25477 045.0107 018.1253 0002361 271.0181 111.8275 14.31722929856516
1 25477U 98053C   15049.92814756  .00000867  00000-0  37411-3 0  9991,2 25477 045.0107 013.2219 0002280 275.2079 098.8309 14.31724361856666
1 25477U 98053C   15051.19804060  .00000979  00000-0  41558-3 0  9991,2 25477 045.0107 007.2633 0002191 280.2264 165.4274 14.31725888856849
1 25477U 98053C   15052.26064573  .00001102  00000-0  46139-3 0  9996,2 25477 045.0106 002.2774 0002141 283.7021 244.1333 14.31728285856994
1 25477U 98053C   15053.30670110  .00000980  00000-0  41592-3 0  9993,2 25477 045.0105 357.3690 0002069 287.3326 237.3062 14.31731116857149
1 25477U 98053C   15054.35134272  .00001071  00000-0  44959-3 0  9995,2 25477 045.0104 352.4673 0001995 291.1381 223.0196 14.31733584857293
1 25477U 98053C   15056.23546198  .00000734  00000-0  32473-3 0  9991,2 25477 045.0104 343.6255 0001853 299.5444 215.1946 14.31739018857569
1 25477U 98053C   15057.90210402  .00000790  00000-0  34533-3 0  9993,2 25477 045.0110 335.7970 0002028 311.4127 161.9228 14.31740137857801
1 25477U 98053C   15059.16482829  .00000769  00000-0  33740-3 0  9992,2 25477 045.0109 329.8719 0001926 316.2205 191.8080 14.31742259857984
1 25477U 98053C   15060.83091892  .00000691  00000-0  30875-3 0  9994,2 25477 045.0107 322.0537 0001806 322.0772 141.7233 14.31744810858223
1 25477U 98053C   15063.04369159  .00000805  00000-0  35103-3 0  9990,2 25477 045.0092 311.6652 0001612 337.4433 022.6320 14.31749264858533
1 25477U 98053C   15064.12087203  .00000808  00000-0  35184-3 0  9999,2 25477 045.0104 306.6153 0001524 335.1817 182.3512 14.31751165858697
1 25477U 98053C   15065.78829815  .00000715  00000-0  31750-3 0  9997,2 25477 045.0102 298.7906 0001360 342.8269 137.4222 14.31753628858938
1 25477U 98053C   15067.45326025  .00000848  00000-0  36664-3 0  9994,2 25477 045.0098 290.9776 0001174 349.3257 080.9545 14.31757794859178
1 25477U 98053C   15068.50086771  .00000965  00000-0  41019-3 0  9992,2 25477 045.0096 286.0615 0001075 354.6178 080.5896 14.31760698859324
1 25477U 98053C   15069.69298874  .00000829  00000-0  35969-3 0  9998,2 25477 045.0093 280.4671 0000947 001.3733 104.3587 14.31762507859492
1 25477U 98053C   15071.02999047  .00000790  00000-0  34528-3 0  9995,2 25477 045.0091 274.1928 0000832 010.0350 153.7164 14.31764989859686
1 25477U 98053C   15072.48017325  .00000828  00000-0  35941-3 0  9998,2 25477 045.0089 267.3871 0000675 019.5567 066.1666 14.31768003859891
1 25477U 98053C   15073.51532981  .00000814  00000-0  35424-3 0  9994,2 25477 045.0089 262.5290 0000581 027.8314 358.6132 14.31769705860047
1 25477U 98053C   15074.86204672  .00000834  00000-0  36146-3 0  9990,2 25477 045.0089 256.2088 0000455 043.3600 091.2614 14.31772094860234
1 25477U 98053C   15075.91187859  .00000763  00000-0  33527-3 0  9995,2 25477 045.0089 251.2819 0000388 059.9688 091.1045 14.31773509860380
1 25477U 98053C   15077.50701752  .00001245  00000-0  51389-3 0  9998,2 25477 045.0090 243.7960 0000338 087.1180 013.8734 14.31780185860610
1 25477U 98053C   15078.84119361  .00001113  00000-0  46480-3 0  9995,2 25477 045.0090 237.5349 0000353 117.0405 027.4763 14.31782910860804
1 25477U 98053C   15080.50919690  .00000577  00000-0  26601-3 0  9990,2 25477 045.0088 229.7063 0000566 149.4610 320.9388 14.31785258861049
1 25477U 98053C   15081.84422867  .00000855  00000-0  36934-3 0  9992,2 25477 045.0090 223.4412 0000582 166.5144 351.8555 14.31788731861230
1 25477U 98053C   15083.79740154  .00000851  00000-0  36753-3 0  9995,2 25477 045.0091 214.2750 0000724 181.2357 334.3678 14.31792719861516
1 25477U 98053C   15085.17644872  .00001026  00000-0  43235-3 0  9997,2 25477 045.0093 207.8033 0000829 188.8125 241.8839 14.31796027861711
1 25477U 98053C   15086.22407694  .00001097  00000-0  45885-3 0  9994,2 25477 045.0093 202.8868 0000917 195.1730 240.6960 14.31798495861862
1 25477U 98053C   15087.41580434  .00001061  00000-0  44526-3 0  9992,2 25477 045.0093 197.2941 0001021 201.0461 263.4762 14.31800818862032
1 25477U 98053C   15088.45069358  .00000980  00000-0  41556-3 0  9993,2 25477 045.0093 192.4375 0001105 206.2154 197.7749 14.31802880862180
1 25477U 98053C   15090.13035376  .00000980  00000-0  41522-3 0  9997,2 25477 045.0093 184.5548 0001236 212.8413 217.2992 14.31806548862420
1 25477U 98053C   15091.39638753  .00001060  00000-0  44488-3 0  9998,2 25477 045.0091 178.6130 0001337 217.1051 265.1138 14.31809967862609
1 25477U 98053C   15092.58500875  .00001151  00000-0  47870-3 0  9992,2 25477 045.0091 173.0348 0001434 222.8404 272.0614 14.31813307862779
1 25477U 98053C   15093.63542598  .00001200  00000-0  49667-3 0  9998,2 25477 045.0091 168.1051 0001501 227.2639 287.2712 14.31816264862928
1 25477U 98053C   15094.67848780  .00001149  00000-0  47786-3 0  9997,2 25477 045.0090 163.2099 0001576 231.1759 265.0522 14.31818750863076
1 25477U 98053C   15095.28006315  .00001612  00000-0  64958-3 0  9990,2 25477 045.0090 160.3864 0001602 233.8361 126.2431 14.31822668863151
1 25477U 98053C   15096.48274635  .00001018  00000-0  42910-3 0  9999,2 25477 045.0090 154.7426 0001696 237.5253 207.8514 14.31827649863338
1 25477U 98053C   15098.14673556  .00000881  00000-0  37845-3 0  9997,2 25477 045.0088 146.9327 0001792 242.7596 148.0676 14.31831136863570
1 25477U 98053C   15099.49478469  .00000722  00000-0  31952-3 0  9999,2 25477 045.0088 140.6060 0001849 247.3458 258.8335 14.31833309863763
1 25477U 98053C   15100.54346825  .00000771  00000-0  33775-3 0  9997,2 25477 045.0087 135.6840 0001887 250.9404 266.0039 14.31835738863912
1 25477U 98053C   15101.58731516  .00000849  00000-0  36665-3 0  9994,2 25477 045.0086 130.7848 0001915 254.7612 247.9998 14.31838163864064
1 25477U 98053C   15103.10292434  .00000864  00000-0  37219-3 0  9998,2 25477 045.0085 123.6711 0001949 259.6200 143.0676 14.31841036864283
1 25477U 98053C   15104.44213072  .00000844  00000-0  36456-3 0  9997,2 25477 045.0086 117.3856 0001951 264.2176 208.2463 14.31843699864477
1 25477U 98053C   15105.49949546  .00001067  00000-0  44719-3 0  9994,2 25477 045.0087 112.4228 0001955 267.7057 260.3550 14.31847312864626
1 25477U 98053C   15107.44562435  .00001151  00000-0  47847-3 0  9998,2 25477 045.0089 103.2885 0001943 274.1774 215.1939 14.31852782864907
1 25477U 98053C   15109.17645479  .00001329  00000-0  54413-3 0  9994,2 25477 045.0092 095.1648 0001917 279.8807 139.9704 14.31858273865159
1 25477U 98053C   15110.44824668  .00001425  00000-0  57971-3 0  9994,2 25477 045.0093 089.1957 0001885 284.1008 217.7736 14.31862397865334
1 25477U 98053C   15111.88989675  .00001989  00000-0  78827-3 0  9991,2 25477 045.0094 082.4291 0001834 288.9935 091.3488 14.31870284865544
1 25477U 98053C   15113.15591111  .00001987  00000-0  78754-3 0  9994,2 25477 045.0095 076.4869 0001782 292.4723 140.1322 14.31874745865722
1 25477U 98053C   15114.42707355  .00001907  00000-0  75799-3 0  9992,2 25477 045.0091 070.5206 0001733 295.5726 215.8797 14.31879315865905
1 25477U 98053C   15115.81025606  .00001359  00000-0  55513-3 0  9991,2 25477 045.0094 064.0284 0001653 299.7159 148.6056 14.31883103866103
1 25477U 98053C   15117.21580080  .00001173  00000-0  48625-3 0  9999,2 25477 045.0103 057.4313 0001541 304.7206 195.8657 14.31885532866300
1 25477U 98053C   15118.79827646  .00001055  00000-0  44234-3 0  9996,2 25477 045.0105 050.0038 0001444 308.5689 077.2311 14.31889932866537
1 25477U 98053C   15120.21870222  .00000900  00000-0  38520-3 0  9993,2 25477 045.0106 043.3370 0001322 313.1998 201.6890 14.31892845866736
1 25477U 98053C   15121.26176131  .00000825  00000-0  35731-3 0  9994,2 25477 045.0106 038.4413 0001239 316.7752 180.0813 14.31894900866888
1 25477U 98053C   15123.22147247  .00000738  00000-0  32489-3 0  9998,2 25477 045.0107 029.2432 0001073 323.3956 205.1829 14.31898725867161
1 25477U 98053C   15124.26443250  .00000692  00000-0  30821-3 0  9993,2 25477 045.0108 024.3479 0000978 327.1263 182.9289 14.31900563867318
1 25477U 98053C   15125.50204806  .00000608  00000-0  27685-3 0  9994,2 25477 045.0108 018.5392 0000886 331.8048 084.1203 14.31902370867494
1 25477U 98053C   15126.75906567  .00000769  00000-0  33667-3 0  9990,2 25477 045.0110 012.6391 0000759 335.7886 086.1268 14.31905339867674
1 25477U 98053C   15128.16998671  .00000694  00000-0  30874-3 0  9998,2 25477 045.0111 006.0167 0000638 340.3212 161.7032 14.31906783867879
1 25477U 98053C   15129.20642515  .00000629  00000-0  28464-3 0  9997,2 25477 045.0109 001.1519 0000514 342.3450 107.5306 14.31907795868026
1 25477U 98053C   15130.80417631  .00000672  00000-0  30051-3 0  9997,2 25477 045.0107 353.6524 0000325 346.5768 067.4470 14.31910463868250
1 25477U 98053C   15132.07159833  .00001060  00000-0  44395-3 0  9993,2 25477 045.0106 347.7034 0000200 350.6963 123.0439 14.31914877868431
1 25477U 98053C   15133.45885955  .00001100  00000-0  45885-3 0  9997,2 25477 045.0105 341.1917 0000059 344.9148 086.9128 14.31918155868638
1 25477U 98053C   15134.72534684  .00001252  00000-0  51504-3 0  9991,2 25477 045.0105 335.2467 0000056 201.9904 284.7647 14.31922135868818
1 25477U 98053C   15136.18653098  .00001109  00000-0  46216-3 0  9999,2 25477 045.0104 328.3879 0000216 189.3301 276.9827 14.31925097869022
1 25477U 98053C   15137.49570669  .00001040  00000-0  43675-3 0  9996,2 25477 045.0103 322.2426 0000360 189.3737 192.1629 14.31927904869214
1 25477U 98053C   15138.63018296  .00000845  00000-0  36434-3 0  9993,2 25477 045.0103 316.9173 0000502 193.2031 282.1351 14.31929485869377
1 25477U 98053C   15140.49858955  .00000721  00000-0  31861-3 0  9996,2 25477 045.0102 308.1469 0000712 198.7526 197.4277 14.31932956869641
1 25477U 98053C   15141.54387950  .00000589  00000-0  26974-3 0  9996,2 25477 045.0102 303.2402 0000819 201.7189 188.0877 14.31934188869799
1 25477U 98053C   15142.82403313  .00000435  00000-0  21271-3 0  9995,2 25477 045.0102 297.2311 0000935 205.3124 310.0085 14.31935513869979
1 25477U 98053C   15143.93979331  .00000320  00000-0  17039-3 0  9996,2 25477 045.0101 291.9935 0001017 208.5228 304.0553 14.31936358870134
1 25477U 98053C   15144.97353166  .00000248  00000-0  14363-3 0  9999,2 25477 045.0101 287.1410 0001095 211.7352 234.8741 14.31936986870281
1 25477U 98053C   15146.49909060  .00000180  00000-0  11844-3 0  9994,2 25477 045.0101 279.9799 0001247 215.9171 182.4954 14.31937823870504
1 25477U 98053C   15147.77667197  .00000149  00000-0  10698-3 0  9999,2 25477 045.0100 273.9831 0001350 220.1232 290.5422 14.31938346870686
1 25477U 98053C   15149.42734581  .00000110  00000-0  92546-4 0  9996,2 25477 045.0099 266.2349 0001499 225.0239 163.0385 14.31939078870929
1 25477U 98053C   15150.47716956  .00000094  00000-0  86598-4 0  9990,2 25477 045.0098 261.3070 0001565 228.0203 177.0852 14.31939655871075
1 25477U 98053C   15151.82320144  .00000206  00000-0  12820-3 0  9991,2 25477 045.0097 254.9890 0001673 232.9321 277.6428 14.31941268871267
1 25477U 98053C   15153.48035146  .00000233  00000-0  13813-3 0  9993,2 25477 045.0096 247.2100 0001797 238.4687 182.9419 14.31942775871507
1 25477U 98053C   15154.75185734  .00000346  00000-0  17968-3 0  9993,2 25477 045.0096 241.2415 0001870 242.0463 260.2966 14.31944474871689
1 25477U 98053C   15156.19342873  .00000436  00000-0  21308-3 0  9995,2 25477 045.0095 234.4748 0001957 246.9387 133.8772 14.31946323871893
1 25477U 98053C   15157.45942862  .00000532  00000-0  24840-3 0  9990,2 25477 045.0092 228.5320 0002017 250.8173 182.5338 14.31948144872078
1 25477U 98053C   15158.65756512  .00000536  00000-0  25001-3 0  9992,2 25477 045.0090 222.9080 0002073 254.7266 240.9931 14.31949603872243
1 25477U 98053C   15160.17233987  .00000709  00000-0  31400-3 0  9990,2 25477 045.0087 215.7973 0002137 259.5725 132.3799 14.31952762872464
1 25477U 98053C   15161.51907815  .00000661  00000-0  29606-3 0  9999,2 25477 045.0085 209.4754 0002178 263.9814 237.1409 14.31954264872654
1 25477U 98053C   15163.61258912  .00000777  00000-0  33916-3 0  9996,2 25477 045.0083 199.6477 0002224 270.9064 232.7571 14.31957895872958
1 25477U 98053C   15165.12763978  .00000748  00000-0  32819-3 0  9996,2 25477 045.0083 192.5355 0002239 275.7337 125.6244 14.31959986873172
1 25477U 98053C   15166.40114190 +.00000619 +00000-0 +28075-3 0  9990,2 25477 045.0082 186.5572 0002237 280.0291 212.6382 14.31961293873074
1 25477U 98053C   15167.49171398  .00000890  00000-0  38069-3 0  9998,2 25477 045.0103 181.4343 0002003 281.9501 078.1116 14.31964172873500
1 25477U 98053C   15169.10597120  .00000464  00000-0  22319-3 0  9991,2 25477 045.0082 173.8598 0002202 289.3880 120.3091 14.31964766873743
1 25477U 98053C   15170.16023692  .00000354  00000-0  18258-3 0  9992,2 25477 045.0082 168.9107 0002177 293.0548 156.7045 14.31965664873894
1 25477U 98053C   15171.42924325  .00000376  00000-0  19085-3 0  9998,2 25477 045.0082 162.9535 0002137 297.4938 220.4059 14.31967387874079
1 25477U 98053C   15173.15411438  .00000378  00000-0  19155-3 0  9996,2 25477 045.0083 154.8561 0002069 303.5540 114.7822 14.31969255874328
1 25477U 98053C   15174.42521475  .00000503  00000-0  23775-3 0  9993,2 25477 045.0084 148.8891 0001990 309.0183 188.2823 14.31971476874509
1 25477U 98053C   15176.08316678  .00000571  00000-0  26286-3 0  9999,2 25477 045.0086 141.1060 0001887 315.0096 097.4479 14.31974065874741
1 25477U 98053C   15177.13285638  .00000423  00000-0  20813-3 0  9993,2 25477 045.0088 136.1784 0001813 318.9650 109.9770 14.31974831874897
1 25477U 98053C   15178.19071944  .00000354  00000-0  18277-3 0  9997,2 25477 045.0091 131.2124 0001733 323.0830 164.5229 14.31975966875047
1 25477U 98053C   15179.38192314  .00000308  00000-0  16556-3 0  9991,2 25477 045.0092 125.6205 0001645 328.2012 186.1235 14.31977330875219
1 25477U 98053C   15180.82199729  .00000266  00000-0  15022-3 0  9999,2 25477 045.0094 118.8602 0001531 334.3187 050.9248 14.31978715875424
1 25477U 98053C   15182.16874282  .00000275  00000-0  15347-3 0  9992,2 25477 045.0096 112.5381 0001410 341.0156 153.6284 14.31980031875614
1 25477U 98053C   15183.28550794  .00000352  00000-0  18193-3 0  9993,2 25477 045.0096 107.2955 0001311 346.8533 150.4159 14.31981547875770
1 25477U 98053C   15184.80084314  .00000441  00000-0  21488-3 0  9992,2 25477 045.0097 100.1819 0001179 355.2208 041.3442 14.31983594875998
1 25477U 98053C   15185.84607329  .00000618  00000-0  28032-3 0  9992,2 25477 045.0099 095.2752 0001087 001.1790 028.8966 14.31985903876146
1 25477U 98053C   15187.19661117  .00000696  00000-0  30911-3 0  9992,2 25477 045.0101 088.9354 0000978 010.2682 148.7501 14.31988231876331
1 25477U 98053C   15188.24189266  .00000617  00000-0  27979-3 0  9992,2 25477 045.0102 084.0285 0000891 018.6654 134.1382 14.31989151876481
1 25477U 98053C   15189.75581332  .00000700  00000-0  31053-3 0  9990,2 25477 045.0103 076.9215 0000765 032.2586 012.5790 14.31991570876706
1 25477U 98053C   15190.80100396  .00000630  00000-0  28444-3 0  9997,2 25477 045.0104 072.0150 0000707 044.5669 353.5990 14.31992443876852
1 25477U 98053C   15192.14576199  .00000519  00000-0  24373-3 0  9997,2 25477 045.0104 065.7021 0000641 059.4692 077.8375 14.31993189877049
1 25477U 98053C   15193.80372008  .00000282  00000-0  15596-3 0  9998,2 25477 045.0104 057.9188 0000616 086.2909 326.3239 14.31993602877284
1 25477U 98053C   15195.14847269  .00000249  00000-0  14373-3 0  9998,2 25477 045.0104 051.6058 0000639 103.2331 048.5099 14.31994734877470
1 25477U 98053C   15196.80595659  .00000192  00000-0  12276-3 0  9992,2 25477 045.0106 043.8247 0000724 125.3270 299.2914 14.31995901877712
1 25477U 98053C   15197.86469756  .00000136  00000-0  10209-3 0  9999,2 25477 045.0106 038.8545 0000807 137.5154 350.3748 14.31996420877862
1 25477U 98053C   15199.05359624  .00000114  00000-0  94096-4 0  9997,2 25477 045.0106 033.2734 0000899 147.9093 354.8882 14.31997002878034
1 25477U 98053C   15200.49508794  .00000081  00000-0  81646-4 0  9992,2 25477 045.0105 026.5063 0001038 159.7242 221.4040 14.31997478878241
1 25477U 98053C   15201.84221308  .00000000  00000-0  51885-4 0  9998,2 25477 045.0105 020.1822 0001176 168.2071 324.3061 14.31997523878430
1 25477U 98053C   15202.89139671 -.00000015  00000-0  46320-4 0  9990,2 25477 045.0105 015.2568 0001265 174.0684 332.4048 14.31997811878587
1 25477U 98053C   15204.47508124 -.00000087  00000-0  19645-4 0  9998,2 25477 045.0106 007.8220 0001365 181.6349 216.9082 14.31997717878818
1 25477U 98053C   15205.60846519 -.00000153  00000-0 -48186-5 0  9995,2 25477 045.0103 002.5008 0001589 184.7304 302.2511 14.31995273878972
1 25477U 98053C   15206.79704480 -.00000140  00000-0  19065-6 0  9996,2 25477 045.0106 356.9210 0001719 192.2099 308.0302 14.31996049879140
1 25477U 98053C   15207.84649465 -.00000124  00000-0  61581-5 0  9995,2 25477 045.0108 351.9948 0001797 198.2123 317.3507 14.31995697879299
1 25477U 98053C   15209.22600471 -.00000444  00000-0 -11231-3 0  9994,2 25477 045.0121 345.5174 0001743 203.6288 230.4115 14.31993785879496
1 25477U 98053C   15210.70240029 -.00000626  00000-0 -17944-3 0  9997,2 25477 045.0120 338.5866 0001883 210.0193 282.4322 14.31991361879706
1 25477U 98053C   15212.42678789 -.00000683  00000-0 -20069-3 0  9991,2 25477 045.0120 330.4918 0002038 217.6381 172.8858 14.31989129879952
1 25477U 98053C   15213.77723742 -.00000724  00000-0 -21570-3 0  9994,2 25477 045.0118 324.1518 0002173 223.2351 295.7900 14.31991420880148
1 25477U 98053C   15215.36007470 -.00000705  00000-0 -20856-3 0  9999,2 25477 045.0123 316.7219 0002290 231.1421 175.5628 14.31995433880370
1 25477U 98053C   15216.40560751 -.00000673  00000-0 -19684-3 0  9992,2 25477 045.0108 311.8116 0002432 224.1551 177.7250 14.32019974880529
1 25477U 98053C   15217.46418756 -.00000680  00000-0 -19948-3 0  9997,2 25477 045.0119 306.8435 0002535 237.8990 226.5079 14.32020029880672
1 25477U 98053C   15218.71910515  .00000174  00000-0  11587-3 0  9993,2 25477 045.0103 300.9544 0002745 241.5142 218.5849 14.32022996880856
1 25477U 98053C   15219.83568501  .00001020  00000-0  42844-3 0  9992,2 25477 045.0100 295.7123 0002817 246.0105 215.9386 14.32027225881012
1 25477U 98053C   15221.21784829  .00001038  00000-0  43485-3 0  9991,2 25477 045.0097 289.2234 0002882 251.1015 143.1881 14.32030233881214
1 25477U 98053C   15222.48283513  .00000821  00000-0  35476-3 0  9995,2 25477 045.0095 283.2846 0002938 255.5172 186.4532 14.32031203881399
1 25477U 98053C   15223.54062870  .00000631  00000-0  28478-3 0  9997,2 25477 045.0094 278.3185 0002973 259.3733 241.1095 14.32031795881549
1 25477U 98053C   15224.59069696  .00000277  00000-0  15391-3 0  9992,2 25477 045.0092 273.3885 0003015 263.1018 256.0301 14.32031227881697
1 25477U 98053C   15225.63390966  .00000236  00000-0  13873-3 0  9993,2 25477 045.0091 268.4908 0003047 267.3062 235.1024 14.32031929881843
1 25477U 98053C   15227.14935308  .00000220  00000-0  13294-3 0  9996,2 25477 045.0089 261.3760 0003068 273.0032 129.5333 14.32032979882062
1 25477U 98053C   15228.49541041  .00000392  00000-0  19651-3 0  9995,2 25477 045.0087 255.0564 0003069 278.0908 230.5017 14.32035171882250
1 25477U 98053C   15229.53944595  .00000322  00000-0  17065-3 0  9992,2 25477 045.0086 250.1548 0003068 282.3838 213.7439 14.32035713882406
1 25477U 98053C   15231.05345356  .00000212  00000-0  13015-3 0  9991,2 25477 045.0085 243.0466 0003061 288.5284 100.3362 14.32036438882626
1 25477U 98053C   15232.18146818  .00000189  00000-0  12160-3 0  9991,2 25477 045.0085 237.7506 0003034 292.9336 156.8314 14.32037241882781
1 25477U 98053C   15233.45137037  .00000224  00000-0  13429-3 0  9994,2 25477 045.0084 231.7884 0003000 297.9534 224.9001 14.32038389882965
1 25477U 98053C   15234.95898603  .00000239  00000-0  13997-3 0  9999,2 25477 045.0085 224.7100 0002950 303.7359 078.8867 14.32039503883183
1 25477U 98053C   15236.15158516  .00000287  00000-0  15767-3 0  9995,2 25477 045.0085 219.1106 0002892 308.4796 108.3341 14.32040684883356
1 25477U 98053C   15237.41539395  .00000289  00000-0  15863-3 0  9992,2 25477 045.0086 213.1772 0002827 314.4279 144.0448 14.32041702883538
1 25477U 98053C   15238.47206602  .00000269  00000-0  15113-3 0  9997,2 25477 045.0086 208.2162 0002766 319.2897 191.9555 14.32042611883683
1 25477U 98053C   15241.17890815  .00000394  00000-0  19704-3 0  9992,2 25477 045.0089 195.5075 0002576 331.2695 108.1893 14.32046463884074
1 25477U 98053C   15242.31031784  .00000342  00000-0  17813-3 0  9993,2 25477 045.0089 190.1958 0002495 336.7399 181.1796 14.32047416884236
1 25477U 98053C   15243.35372814  .00000408  00000-0  20240-3 0  9991,2 25477 045.0089 185.2970 0002411 342.0595 160.2206 14.32048972884389
1 25477U 98053C   15243.89328562 +.00000449 +00000-0 +21730-3 0  9991,2 25477 045.0089 182.7636 0002372 344.3833 062.2043 14.32049861884182
1 25477U 98053C   15244.80969727  .00000469  00000-0  22477-3 0  9998,2 25477  45.0088 178.4614 0002346 349.9506 105.6517 14.32052984884591
1 25477U 98053C   15244.88102987 +.00000462 +00000-0 +22220-3 0  9992,2 25477 045.0089 178.1265 0002342 350.4687 113.2362 14.32053116884326
1 25477U 98053C   15245.71295409 +.00000437 +00000-0 +21313-3 0  9991,2 25477 045.0090 174.2203 0002199 353.1603 083.5866 14.32056329884445
1 25477U 98053C   15246.90481685 +.00000370 +00000-0 +18819-3 0  9999,2 25477 045.0093 168.6248 0002146 001.0706 106.1530 14.32061176884614
1 25477U 98053C   15247.16310306  .00001993  00000-0  78680-3 0  9993,2 25477  45.0083 167.4121 0002115   1.0005 359.0845 14.32064337884922
1 25477U 98053C   15248.27928481  .00002039  00000-0  80349-3 0  9992,2 25477  45.0086 162.1713 0002047   8.5050 351.5830 14.32083428885081
1 25477U 98053C   15248.62808915 +.00002026 +00000-0 +79857-3 0  9998,2 25477 045.0086 160.5341 0002005 009.3378 350.7505 14.32086488884860
1 25477U 98053C   15249.60473747  .00001836  00000-0  72849-3 0  9990,2 25477  45.0085 155.9487 0001969  15.4487 344.6419 14.32094415885276
1 25477U 98053C   15250.09306690  .00001788  00000-0  71109-3 0  9991,2 25477  45.0086 153.6553 0001886  20.0800 340.0120 14.32082894885340
1 25477U 98053C   15251.13948784  .00001941  00000-0  76758-3 0  9999,2 25477  45.0087 148.7426 0001843  25.8634 334.2304 14.32074798885495
1 25477U 98053C   15252.11615424  .00002329  00000-0  91067-3 0  9991,2 25477  45.0088 144.1570 0001753  34.9634 325.1327 14.32066350885632
1 25477U 98053C   15253.09282363  .00002258  00000-0  88449-3 0  9992,2 25477  45.0089 139.5716 0001720  42.2098 317.8880 14.32061978885771
1 25477U 98053C   15254.06949607 -.00000419  00000-0 -10296-3 0  9995,2 25477  45.0107 134.9836 0001802  46.8028 313.2968 14.32057535885915
1 25477U 98053C   15255.11593614 -.00000403  00000-0 -96876-4 0  9997,2 25477  45.0105 130.0712 0001783  54.3582 305.7430 14.32049938886065
1 25477U 98053C   15256.44142967 -.00000365  00000-0 -82897-4 0  9990,2 25477  45.0106 123.8479 0001757  65.1738 294.9290 14.32047996886256
1 25477U 98053C   15257.48787422 -.00000314  00000-0 -63895-4 0  9997,2 25477  45.0103 118.9353 0001762  71.9514 288.1523 14.32046024886404
1 25477U 98053C   15257.69716313 -.00000291 +00000-0 -55672-4 0  9999,2 25477 045.0104 117.9526 0001751 074.1485 285.9554 14.32045906886166
1 25477U 98053C   15258.81337141  .00000027  00000-0  61607-4 0  9992,2 25477  45.0090 112.7137 0001642  86.7593 273.3441 14.32045616886590
1 25477U 98053C   15258.88313430 +.00000022 +00000-0 +60015-4 0  9991,2 25477 045.0090 112.3862 0001642 087.3132 272.7902 14.32045624886333
1 25477U 98053C   15260.06910271  .00000109  00000-0  92052-4 0  9992,2 25477  45.0090 106.8181 0001659  97.5412 262.5622 14.32046544886773
1 25477U 98053C   15261.53412163  .00000165  00000-0  11285-3 0  9992,2 25477  45.0090  99.9397 0001699 109.8764 250.2265 14.32047568886982
1 25477U 98053C   15261.88293551 +.00000173 +00000-0 +11564-3 0  9997,2 25477 045.0090 098.3021 0001720 112.8119 247.2909 14.32047798886764
1 25477U 98053C   15262.78985099  .00000230  00000-0  13662-3 0  9997,2 25477  45.0090  94.0439 0001771 120.6757 239.4264 14.32048679887162
1 25477U 98053C   15262.92937645 +.00000227 +00000-0 +13550-3 0  9999,2 25477 045.0090 093.3888 0001780 121.8699 238.2321 14.32048745886917
1 25477U 98053C   15263.83629128  .00000286  00000-0  15720-3 0  9990,2 25477  45.0090  89.1308 0001846 129.0546 231.0464 14.32049759887311
1 25477U 98053C   15263.90605396 +.00000266 +00000-0 +15011-3 0  9990,2 25477 045.0090 088.8032 0001850 129.4642 230.6368 14.32049710887053
1 25477U 98053C   15264.88273091  .00000250  00000-0  14406-3 0  9991,2 25477  45.0091  84.2176 0001923 136.6085 223.4913 14.32050447887465
1 25477U 98053C   15265.99893258  .00000235  00000-0  13838-3 0  9998,2 25477  45.0093  78.9769 0001995 143.9378 216.1603 14.32051305887627
1 25477U 98053C   15266.90584582 +.00000229 +00000-0 +13637-3 0  9997,2 25477 045.0094 074.7188 0002075 150.2068 209.8896 14.32052065887485
1 25477U 98053C   15267.74299604  .00000249  00000-0  14372-3 0  9997,2 25477  45.0096  70.7883 0002151 155.9130 204.1817 14.32052882887873
1 25477U 98053C   15267.88252104 +.00000252 +00000-0 +14496-3 0  9997,2 25477 045.0096 070.1332 0002160 156.6896 203.4048 14.32053020887629
1 25477U 98053C   15268.85919551  .00000313  00000-0  16718-3 0  9998,2 25477  45.0098  65.5477 0002247 162.7024 197.3898 14.32054192888037
1 25477U 98053C   15269.90563174  .00000330  00000-0  17347-3 0  9999,2 25477  45.0099  60.6346 0002341 168.9968 191.0930 14.32055167888186
1 25477U 98053C   15271.44040351  .00000365  00000-0  18653-3 0  9997,2 25477  45.0101  53.4288 0002479 177.7840 182.3017 14.32056688888407
1 25477U 98053C   15272.48683755  .00000385  00000-0  19392-3 0  9996,2 25477  45.0102  48.5157 0002586 183.6027 176.4801 14.32057876888551
1 25477U 98053C   15272.83564867 +.00000396 +00000-0 +19776-3 0  9995,2 25477 045.0102 046.8781 0002612 185.2788 174.8031 14.32058334888330
1 25477U 98053C   15273.81232153  .00000412  00000-0  20364-3 0  9998,2 25477  45.0103  42.2929 0002673 190.7037 169.3752 14.32054738888748
1 25477U 98053C   15273.88208387 +.00000410 +00000-0 +20302-3 0  9997,2 25477 045.0102 041.9653 0002682 191.1643 168.9144 14.32054897888482
1 25477U 98053C   15274.85876082  .00000438  00000-0  21359-3 0  9991,2 25477  45.0104  37.3797 0002767 195.9395 164.1365 14.32048815888893
1 25477U 98053C   15276.32378339  .00000427  00000-0  20953-3 0  9994,2 25477  45.0111  30.5014 0002795 202.3416 157.7308 14.32044754889104
1 25477U 98053C   15276.81212960  .00000440  00000-0  21422-3 0  9992,2 25477  45.0106  28.2089 0003005 204.8578 155.2124 14.32033506889174
1 25477U 98053C   15277.78882215  .00000394  00000-0  19728-3 0  9999,2 25477  45.0109  23.6238 0003082 209.2759 150.7915 14.32025407889312
1 25477U 98053C   15278.76552038  .00000365  00000-0  18644-3 0  9999,2 25477  45.0109  19.0388 0003171 213.7920 146.2724 14.32016429889453
1 25477U 98053C   15279.74222449  .00000337  00000-0  17624-3 0  9994,2 25477  45.0111  14.4536 0003259 218.1879 141.8736 14.32008244889594
1 25477U 98053C   15280.71893439  .00000378  00000-0  19134-3 0  9999,2 25477  45.0116   9.8678 0003213 222.1787 137.8812 14.31998107889738
1 25477U 98053C   15282.46306247  .00000305  00000-0  16437-3 0  9992,2 25477  45.0107   1.6807 0003493 231.3601 128.6933 14.32004687889980
1 25477U 98053C   15282.67235687 +.00000272 +00000-0 +15230-3 0  9997,2 25477 045.0107 000.6977 0003539 230.5403 129.5130 14.32004601889748
1 25477U 98053C   15283.71882654  .00002582  00000-0  10048-2 0  9992,2 25477  45.0103 355.7855 0003619 235.4120 124.6384 14.32011281890169
1 25477U 98053C   15285.18387739  .00002657  00000-0  10325-2 0  9990,2 25477  45.0102 348.9077 0003698 241.3782 118.6692 14.32019672890375
1 25477U 98053C   15286.50939334  .00002536  00000-0  98764-3 0  9991,2 25477  45.0100 342.6851 0003750 247.0405 113.0045 14.32026278890560
1 25477U 98053C   15286.57915719 +.00002501 +00000-0 +97478-3 0  9992,2 25477 045.0100 342.3575 0003761 247.6120 112.4327 14.32026515890304
1 25477U 98053C   15287.62561348  .00002482  00000-0  96772-3 0  9998,2 25477  45.0099 337.4449 0003799 251.8759 108.1673 14.32031194890723
1 25477U 98053C   15289.16041020  .00002179  00000-0  85579-3 0  9995,2 25477  45.0098 330.2393 0003853 258.0627 101.9787 14.32036877890949
1 25477U 98053C   15290.48591033  .00001800  00000-0  71600-3 0  9996,2 25477  45.0104 324.0164 0003850 263.9188  96.1219 14.32041632891130
1 25477U 98053C   15290.90448809 +.00001902 +00000-0 +75353-3 0  9997,2 25477 045.0104 322.0512 0003861 265.7245 094.3160 14.32043964890922
1 25477U 98053C   15291.53235475  .00001850  00000-0  73431-3 0  9997,2 25477  45.0103 319.1035 0003876 268.5799  91.4603 14.32046137891284
1 25477U 98053C   15292.64856122  .00000348  00000-0  18024-3 0  9996,2 25477  45.0101 313.8630 0003892 272.6842  87.3558 14.32046410891442
1 25477U 98053C   15292.85784966 +.00000364 +00000-0 +18592-3 0  9993,2 25477 045.0101 312.8804 0003898 273.4523 086.5877 14.32046729891207
1 25477U 98053C   15293.83452877  .00000393  00000-0  19661-3 0  9995,2 25477  45.0100 308.2946 0003901 277.2184  82.8219 14.32048107891618
1 25477U 98053C   15293.90429149 +.00000395 +00000-0 +19741-3 0  9990,2 25477 045.0100 307.9671 0003906 277.5205 082.5197 14.32048243891355
1 25477U 98053C   15295.02049470  .00000450  00000-0  21776-3 0  9993,2 25477  45.0100 302.7263 0003913 282.1398  77.9010 14.32050036891780
1 25477U 98053C   15296.13669591  .00000768  00000-0  33526-3 0  9996,2 25477  45.0099 297.4858 0003889 287.6673  72.3748 14.32053052891941
1 25477U 98053C   15297.46218312  .00000875  00000-0  37470-3 0  9995,2 25477  45.0098 291.2626 0003858 293.1818  66.8621 14.32055915892134
1 25477U 98053C   15297.95052002 +.00000805 +00000-0 +34860-3 0  9994,2 25477 045.0098 288.9697 0003854 295.1793 064.8653 14.32056380891932
1 25477U 98053C   15298.78766814  .00000793  00000-0  34428-3 0  9995,2 25477  45.0098 285.0394 0003831 299.3037  60.7426 14.32057909892321
1 25477U 98053C   15300.04338895  .00000683  00000-0  30386-3 0  9999,2 25477  45.0096 279.1436 0003767 304.4473  55.6017 14.32059645892508
1 25477U 98053C   15301.08981609  .00000622  00000-0  28116-3 0  9992,2 25477  45.0097 274.2304 0003653 308.1211  51.9306 14.32068913892658
1 25477U 98053C   15302.34552473  .00000591  00000-0  26968-3 0  9993,2 25477  45.0096 268.3348 0003656 314.5099  45.5448 14.32076007892836
1 25477U 98053C   15302.90361563 +.00000602 +00000-0 +27393-3 0  9999,2 25477 045.0099 265.7143 0003658 317.1717 042.8844 14.32077702892643
1 25477U 98053C   15303.74074784  .00003078  00000-0  11861-2 0  9990,2 25477  45.0091 261.7837 0003598 319.8370  40.2209 14.32085943893035
1 25477U 98053C   15303.88026954 +.00003276 +00000-0 +12593-2 0  9994,2 25477 045.0091 261.1285 0003589 320.4370 039.6214 14.32087486892787
1 25477U 98053C   15304.85692029  .00003434  00000-0  13171-2 0  9993,2 25477  45.0090 256.5429 0003532 325.0840  34.9774 14.32093968893192
1 25477U 98053C   15306.18236594  .00004237  00000-0  16127-2 0  9998,2 25477  45.0087 250.3198 0003419 331.4196  28.6462 14.32105596893388
1 25477U 98053C   15307.29852280  .00004754  00000-0  18025-2 0  9990,2 25477  45.0086 245.0791 0003362 337.3931  22.6767 14.32116000893548
1 25477U 98053C   15308.13563112  .00005449  00000-0  20572-2 0  9999,2 25477  45.0090 241.1494 0003537 340.4664  19.6046 14.32141244893669
1 25477U 98053C   15309.25175894  .00003079  00000-0  11853-2 0  9998,2 25477  45.0087 235.9076 0003226 345.1316  14.9435 14.32149129893821
1 25477U 98053C   15310.15861570  .00002551  00000-0  99096-3 0  9992,2 25477  45.0092 231.6499 0003229 349.6750  10.4029 14.32141724893950
1 25477U 98053C   15311.20499575  .00002295  00000-0  89719-3 0  9997,2 25477  45.0076 226.7364 0002918 352.1593   7.9207 14.32128940894108
1 25477U 98053C   15312.18162711  .00002748  00000-0  10641-2 0  9994,2 25477  45.0088 222.1504 0003084   1.7653 358.3203 14.32116322894241
1 25477U 98053C   15313.08850607  .00002691  00000-0  10434-2 0  9999,2 25477  45.0088 217.8921 0002897   5.6237 354.4641 14.32103746894370
1 25477U 98053C   15313.78611121  .00001926  00000-0  76182-3 0  9995,2 25477  45.0094 214.6176 0002924   5.5209 354.5668 14.32093995894478
1 25477U 98053C   15314.20472557  .00002196  00000-0  82591-3 0  9992,2 25477  44.9880 212.6781 0013733 352.9566   7.1085 14.34159076894530
1 25477U 98053C   15318.18112035  .00001502  00000-0  60595-3 0  9995,2 25477  45.0090 193.9836 0002784  33.7961 326.3062 14.32056233895108
1 25477U 98053C   15319.43684374  .00001414  00000-0  57333-3 0  9992,2 25477  45.0087 188.0871 0002604  44.9055 315.2001 14.32056815895282
1 25477U 98053C   15320.48327894  .00000421  00000-0  20716-3 0  9992,2 25477  45.0086 183.1741 0002543  52.6277 307.4800 14.32057661895434
1 25477U 98053C   15320.90185265 +.00000447 +00000-0 +21682-3 0  9994,2 25477 045.0086 181.2088 0002525 055.6417 304.4668 14.32058347895224
1 25477U 98053C   15321.59947525  .00000478  00000-0  22800-3 0  9992,2 25477  45.0085 177.9334 0002502  60.5070 299.6026 14.32059339895599
1 25477U 98053C   15321.87852414 +.00000485 +00000-0 +23090-3 0  9995,2 25477 045.0084 176.6232 0002493 062.5607 297.5492 14.32059730895362
1 25477U 98053C   15322.78543254  .00000513  00000-0  24115-3 0  9996,2 25477  45.0083 172.3651 0002473  68.9115 291.1996 14.32060968895769
1 25477U 98053C   15322.92495685 +.00000499 +00000-0 +23593-3 0  9998,2 25477 045.0083 171.7101 0002471 069.9649 290.1463 14.32061055895512
1 25477U 98053C   15323.97138868  .00000440  00000-0  21409-3 0  9991,2 25477  45.0081 166.7968 0002458  77.3465 282.7655 14.32061951895930
1 25477U 98053C   15325.01781947  .00000413  00000-0  20402-3 0  9992,2 25477  45.0081 161.8836 0002456  84.8861 275.2265 14.32063057896081
1 25477U 98053C   15326.48282083  .00000411  00000-0  20328-3 0  9996,2 25477  45.0081 155.0050 0002458  95.4457 264.6670 14.32064843896294
1 25477U 98053C   15327.52924950  .00000350  00000-0  18073-3 0  9994,2 25477  45.0082 150.0917 0002480 103.1094 257.0029 14.32065749896448
1 25477U 98053C   15327.87805909 +.00000332 +00000-0 +17409-3 0  9996,2 25477 045.0082 148.4540 0002491 105.4030 254.7091 14.32065994896229
1 25477U 98053C   15328.85472511  .00000305  00000-0  16448-3 0  9996,2 25477  45.0083 143.8684 0002520 112.2026 247.9088 14.32066862896632
1 25477U 98053C   15328.92448694 +.00000258 +00000-0 +14683-3 0  9995,2 25477 045.0083 143.5409 0002522 112.5726 247.5387 14.32066684896377
1 25477U 98053C   15329.90115229  .00000240  00000-0  14022-3 0  9997,2 25477  45.0084 138.9552 0002555 119.0032 241.1070 14.32067497896780
1 25477U 98053C   15331.50567270  .00000271  00000-0  15181-3 0  9994,2 25477  45.0085 131.4215 0002619 129.9239 230.1837 14.32068948897013
1 25477U 98053C   15331.85448115 +.00000283 +00000-0 +15612-3 0  9990,2 25477 045.0085 129.7838 0002641 132.4548 227.6521 14.32069306896795
1 25477U 98053C   15332.83114464  .00000309  00000-0  16566-3 0  9994,2 25477  45.0086 125.1981 0002700 138.7946 221.3104 14.32070206897208
1 25477U 98053C   15332.90090626 +.00000290 +00000-0 +15888-3 0  9990,2 25477 045.0086 124.8705 0002703 139.2720 220.8329 14.32070178896948
1 25477U 98053C   15333.87756884  .00000306  00000-0  16455-3 0  9991,2 25477  45.0087 120.2848 0002758 145.7742 214.3282 14.32071137897351
1 25477U 98053C   15335.48208421  .00000358  00000-0  18399-3 0  9995,2 25477  45.0089 112.7511 0002857 156.0051 204.0929 14.32073050897589
1 25477U 98053C   15335.90065295 +.00000376 +00000-0 +19053-3 0  9990,2 25477 045.0090 110.7860 0002887 158.4511 201.6457 14.32073657897375
1 25477U 98053C   15336.80755165  .00000360  00000-0  18452-3 0  9997,2 25477  45.0092 106.5280 0002953 163.9400 196.1540 14.32074621897775
1 25477U 98053C   15336.87731307 +.00000359 +00000-0 +18427-3 0  9996,2 25477 045.0092 106.2005 0002958 164.3256 195.7682 14.32074697897513
1 25477U 98053C   15337.85397222  .00000329  00000-0  17325-3 0  9992,2 25477  45.0095 101.6150 0003029 170.3438 189.7467 14.32075733897926
1 25477U 98053C   15339.45848140  .00000420  00000-0  20668-3 0  9996,2 25477  45.0098  94.0816 0003152 179.6073 180.4776 14.32078300898157
1 25477U 98053C   15339.80728657 +.00000440 +00000-0 +21416-3 0  9999,2 25477 045.0099 092.4442 0003184 181.5071 178.5766 14.32080414897931
1 25477U 98053C   15340.71418685  .00000479  00000-0  22855-3 0  9998,2 25477  45.0103  88.1864 0003265 186.0724 174.0083 14.32067426898338
1 25477U 98053C   15341.69085955  .00000466  00000-0  22366-3 0  9999,2 25477  45.0102  83.6008 0003367 191.1790 168.8981 14.32052253898475
1 25477U 98053C   15342.73730233  .00000441  00000-0  21442-3 0  9998,2 25477  45.0102  78.6881 0003430 196.8217 163.2516 14.32042459898622
1 25477U 98053C   15343.50469982  .00000409  00000-0  20292-3 0  9990,2 25477  45.0103  75.0852 0003568 199.9965 160.0742 14.32030873898733
1 25477U 98053C   15344.41163224  .00000417  00000-0  20585-3 0  9995,2 25477  45.0104  70.8271 0003660 203.9890 156.0785 14.32015345898861
1 25477U 98053C   15345.17904434  .00000350  00000-0  18106-3 0  9997,2 25477  45.0108  67.2235 0003903 208.4652 151.5982 14.32002792898974
1 25477U 98053C   15345.66740233  .00000422  00000-0  20773-3 0  9999,2 25477  45.0123  64.9286 0003702 209.6665 150.3971 14.31986123899047
1 25477U 98053C   15346.64412703  .00000413  00000-0  20453-3 0  9991,2 25477  45.0106  60.3477 0003793 215.3487 144.7108 14.31974438899186
1 25477U 98053C   15347.48132872  .00000402  00000-0  20059-3 0  9990,2 25477  45.0108  56.4173 0003861 218.9650 141.0919 14.31959971899303
1 25477U 98053C   15347.62086319 +.00000413 +00000-0 +20442-3 0  9998,2 25477 045.0108 055.7624 0003852 219.9053 140.1510 14.31959076899059
1 25477U 98053C   15348.66736775  .00000449  00000-0  21766-3 0  9990,2 25477  45.0109  50.8503 0003760 225.0357 135.0185 14.31968920899470
1 25477U 98053C   15349.64409349  .00000521  00000-0  24439-3 0  9994,2 25477  45.0107  46.2656 0004058 228.5612 131.4886 14.31983994899611
1 25477U 98053C   15351.17892803  .00000443  00000-0  21522-3 0  9999,2 25477  45.0114  39.0613 0004054 239.5156 120.5290 14.32008756899830
1 25477U 98053C   15352.01610281  .00000444  00000-0  21566-3 0  9990,2 25477  45.0098  35.1416 0003584 284.1197  75.9251 14.32038819899953
1 25477U 98053C   15352.50443459  .00000523  00000-0  24478-3 0  9998,2 25477  45.0105  32.8376 0004019 242.8423 117.2013 14.32047271900027
1 25477U 98053C   15353.48110471  .00000491  00000-0  23277-3 0  9991,2 25477  45.0106  28.2514 0004153 244.8065 115.2350 14.32063381900161
1 25477U 98053C   15354.45776584  .00000439  00000-0  21365-3 0  9990,2 25477  45.0107  23.6655 0004179 248.0482 111.9920 14.32076455900302
1 25477U 98053C   15355.50417746  .00000578  00000-0  26485-3 0  9991,2 25477  45.0109  18.7527 0004211 253.2338 106.8046 14.32092340900451
1 25477U 98053C   15355.85298051 +.00000528 +00000-0 +24651-3 0  9993,2 25477 045.0109 017.1149 0004222 254.7941 105.2438 14.32092668900239
1 25477U 98053C   15356.55058031  .00000526  00000-0  24542-3 0  9990,2 25477  45.0108  13.8391 0004219 257.3468 102.6907 14.32103762900600
1 25477U 98053C   15357.38769596  .00004975  00000-0  18837-2 0  9998,2 25477  45.0101   9.9094 0004300 262.5675  97.4682 14.32115170900728
1 25477U 98053C   15358.50384309  .00005291  00000-0  19997-2 0  9998,2 25477  45.0101   4.6684 0004281 266.8186  93.2171 14.32127953900883
1 25477U 98053C   15358.85263716 +.00004941 +00000-0 +18707-2 0  9993,2 25477 045.0101 003.0305 0004290 268.1177 091.9178 14.32130666900664
1 25477U 98053C   15359.82925497  .00005396  00000-0  20376-2 0  9992,2 25477  45.0101 358.4445 0004288 272.0064  88.0291 14.32142399901077
1 25477U 98053C   15359.89901307 +.00004949 +00000-0 +18731-2 0  9998,2 25477 045.0101 358.1169 0004287 272.4666 087.5689 14.32142412900810
1 25477U 98053C   15361.43367962  .00004851  00000-0  18366-2 0  9990,2 25477  45.0104 350.9107 0004285 279.6386  80.3975 14.32162373901303
1 25477U 98053C   15361.92197942 +.00004047 +00000-0 +15408-2 0  9994,2 25477 045.0105 348.6176 0004287 281.5569 078.4795 14.32165214901104
1 25477U 98053C   15363.10784035  .00003433  00000-0  13145-2 0  9995,2 25477  45.0203 343.0649 0002501 241.7391 118.3203 14.32193493901541
1 25477U 98053C   15363.38686670  .00003498  00000-0  13384-2 0  9997,2 25477  45.0106 341.7390 0004252 287.5796  72.4586 14.32181722901583
1 25477U 98053C   15364.43320718  .00003440  00000-0  13168-2 0  9999,2 25477  45.0109 336.8260 0004228 294.2344  65.8060 14.32193767901736
1 25477U 98053C   15364.92149617 +.00002848 +00000-0 +10991-2 0  9992,2 25477 045.0106 334.5331 0004228 295.1462 064.8945 14.32196020901532
1 25477U 98053C   15365.82831365  .00004139  00000-0  15731-2 0  9992,2 25477  45.0105 330.2744 0004165 297.4461  62.5962 14.32208675901934
1 25477U 98053C   15365.89806850 +.00004180 +00000-0 +15884-2 0  9995,2 25477 045.0105 329.9469 0004169 297.8326 062.2098 14.32209577901671
1 25477U 98053C   16001.87463409  .00004332  00000-0  16437-2 0  9994,2 25477  45.0104 325.3610 0004103 302.8974  57.1477 14.32218320902088
1 25477U 98053C   16001.94438857 +.00003698 +00000-0 +14111-2 0  9992,2 25477 045.0104 325.0334 0004097 303.3329 056.7125 14.32217547901826
1 25477U 98053C   16003.13020714  .00003410  00000-0  13048-2 0  9994,2 25477  45.0102 319.4651 0004039 308.7221  51.3264 14.32231641902264
1 25477U 98053C   16004.17650925  .00003375  00000-0  12917-2 0  9996,2 25477  45.0104 314.5512 0003979 312.9985  47.0527 14.32241464902419
1 25477U 98053C   16004.80428800 +.00003338 +00000-0 +12781-2 0  9999,2 25477 045.0103 311.6028 0003938 315.7891 044.2640 14.32246549902234
1 25477U 98053C   16005.78082659  .00002922  00000-0  11250-2 0  9993,2 25477  45.0107 307.0163 0003912 320.5708  39.4853 14.32255243902648
1 25477U 98053C   16006.19934599  .00002601  00000-0  10074-2 0  9995,2 25477  45.0106 305.0521 0004015 322.8093  37.2475 14.32245776902703
1 25477U 98053C   16007.10614042  .00002793  00000-0  10782-2 0  9993,2 25477  45.0105 300.7924 0003760 326.1071  33.9535 14.32236196902830
1 25477U 98053C   16008.15244981  .00003058  00000-0  11755-2 0  9996,2 25477  45.0104 295.8794 0003744 331.6591  28.4051 14.32226511902986
1 25477U 98053C   16009.12901144  .00002912  00000-0  11220-2 0  9990,2 25477  45.0104 291.2932 0003639 335.7754  24.2920 14.32217845903125
1 25477U 98053C   16010.17533388  .00003164  00000-0  12150-2 0  9991,2 25477  45.0103 286.3798 0003578 341.1028  18.9685 14.32211085903270
1 25477U 98053C   16011.15190693  .00003262  00000-0  12513-2 0  9990,2 25477  45.0097 281.7940 0003477 345.6912  14.3835 14.32202751903412
1 25477U 98053C   16012.12848271 -.00000094  00000-0  17218-4 0  9990,2 25477  45.0121 277.2053 0003458 352.6213   7.4582 14.32197016903550
1 25477U 98053C   16013.17482029 -.00000061  00000-0  29161-4 0  9995,2 25477  45.0105 272.2942 0003367 356.8298   3.2526 14.32190510903703
1 25477U 98053C   16014.50018317 -.00000087  00000-0  19613-4 0  9997,2 25477  45.0101 266.0705 0003230   4.2904 355.7969 14.32189301903896
1 25477U 98053C   16015.54652137 -.00000105 +00000-0 +13188-4 0  9998,2 25477 045.0099 261.1569 0003139 010.0837 350.0072 14.32189892903779
1 25477U 98053C   16015.68603301 -.00000107  00000-0  12384-4 0  9991,2 25477  45.0098 260.5014 0003117  10.7365 349.3547 14.32189953904064
1 25477U 98053C   16016.80212552 -.00000109  00000-0  11592-4 0  9992,2 25477  45.0097 255.2608 0003034  17.5180 342.5770 14.32192027904228
1 25477U 98053C   16016.87188132 -.00000108 +00000-0 +11929-4 0  9998,2 25477 045.0097 254.9332 0003031 017.9312 342.1641 14.32192043903967
1 25477U 98053C   16018.05772883 -.00000095  00000-0  16601-4 0  9999,2 25477  45.0094 249.3641 0002917  25.4289 334.6700 14.32193108904409
1 25477U 98053C   16018.82504163 -.00000081 +00000-0 +21804-4 0  9994,2 25477 045.0093 245.7607 0002862 029.7710 330.3298 14.32193395904240
1 25477U 98053C   16019.80162061  .00000459  00000-0  22044-3 0  9994,2 25477  45.0092 241.1747 0002819  35.9243 324.1792 14.32195715904659
1 25477U 98053C   16019.94113186 +.00000402 +00000-0 +19955-3 0  9998,2 25477 045.0091 240.5196 0002808 036.9211 323.1828 14.32195538904408
1 25477U 98053C   16021.05722094  .00000499  00000-0  23514-3 0  9999,2 25477  45.0090 235.2782 0002737  44.0450 316.0614 14.32197182904833
1 25477U 98053C   16022.38257548  .00000444  00000-0  21514-3 0  9991,2 25477  45.0089 229.0540 0002662  53.0198 307.0892 14.32198327905022
1 25477U 98053C   16023.49866322  .00000281  00000-0  15510-3 0  9998,2 25477  45.0089 223.8127 0002602  60.9244 299.1862 14.32198478905180
1 25477U 98053C   16024.54499471  .00000205  00000-0  12711-3 0  9998,2 25477  45.0088 218.8989 0002565  67.8891 292.2227 14.32199028905339
1 25477U 98053C   16024.89377191 +.00000176 +00000-0 +11653-3 0  9991,2 25477 045.0088 217.2610 0002563 070.3185 289.7937 14.32199141905117
1 25477U 98053C   16025.80059201  .00000143  00000-0  10432-3 0  9990,2 25477  45.0088 213.0024 0002533  76.6391 283.4737 14.32199651905514
1 25477U 98053C   16025.94010281 +.00000100 +00000-0 +88298-4 0  9999,2 25477 045.0088 212.3473 0002531 077.6869 282.4260 14.32199520905260
1 25477U 98053C   16026.84692254  .00000116  00000-0  94321-4 0  9996,2 25477  45.0088 208.0887 0002513  84.0694 276.0439 14.32200145905666
1 25477U 98053C   16026.91667792 +.00000096 +00000-0 +86816-4 0  9990,2 25477 045.0088 207.7612 0002508 084.6666 275.4466 14.32200071905400
1 25477U 98053C   16027.89325265  .00000095  00000-0  86583-4 0  9994,2 25477  45.0088 203.1750 0002497  91.6591 268.4541 14.32200524905819
1 25477U 98053C   16029.49762433  .00000146  00000-0  10529-3 0  9997,2 25477  45.0088 195.6404 0002485 103.3471 256.7652 14.32201531906043
1 25477U 98053C   16029.84640058 +.00000165 +00000-0 +11234-3 0  9999,2 25477 045.0088 194.0026 0002492 105.7141 254.3980 14.32201838905827
1 25477U 98053C   16030.82297357  .00000211  00000-0  12929-3 0  9993,2 25477  45.0090 189.4165 0002504 112.6602 247.4509 14.32202730906233
1 25477U 98053C   16030.89272876 +.00000208 +00000-0 +12809-3 0  9992,2 25477 045.0090 189.0889 0002513 113.0110 247.1001 14.32202765905973
1 25477U 98053C   16031.86930081  .00000288  00000-0  15768-3 0  9994,2 25477  45.0091 184.5027 0002536 119.7863 240.3235 14.32204035906383
1 25477U 98053C   16033.40391259  .00000318  00000-0  16867-3 0  9999,2 25477  45.0094 177.2958 0002572 130.7229 229.3841 14.32205695906605
1 25477U 98053C   16034.45023629  .00000211  00000-0  12914-3 0  9999,2 25477  45.0096 172.3822 0002602 138.3551 221.7494 14.32208169906754
1 25477U 98053C   16034.79901089 +.00000220 +00000-0 +13250-3 0  9995,2 25477 045.0096 170.7444 0002633 140.1985 219.9054 14.32208521906531
1 25477U 98053C   16035.77557867  .00000215  00000-0  13060-3 0  9998,2 25477  45.0094 166.1582 0002686 146.8659 213.2356 14.32210223906949
1 25477U 98053C   16037.44969545  .00000145  00000-0  10496-3 0  9996,2 25477  45.0095 158.2963 0002798 157.1051 202.9920 14.32202175907186
1 25477U 98053C   16038.49602536  .00000179  00000-0  11741-3 0  9997,2 25477  45.0093 153.3815 0003034 162.9591 197.1357 14.32196350907336
1 25477U 98053C   16038.70529208 +.00000181 +00000-0 +11844-3 0  9992,2 25477 045.0097 152.3995 0002946 164.9352 195.1582 14.32196151907096
1 25477U 98053C   16039.54236195  .00000224  00000-0  13425-3 0  9990,2 25477  45.0097 148.4686 0003041 169.5598 190.5312 14.32187863907482
1 25477U 98053C   16040.58870536  .00000204  00000-0  12678-3 0  9996,2 25477  45.0100 143.5557 0003038 175.9469 184.1402 14.32178856907632
1 25477U 98053C   16041.70481185  .00000191  00000-0  12201-3 0  9996,2 25477  45.0102 138.3150 0003085 182.0280 178.0554 14.32170355907790
1 25477U 98053C   16042.68141153  .00000201  00000-0  12580-3 0  9994,2 25477  45.0103 133.7291 0003157 187.4008 172.6792 14.32161030907933
1 25477U 98053C   16044.21607643  .00000207  00000-0  12776-3 0  9999,2 25477  45.0103 126.5223 0003322 195.2903 164.7843 14.32154686908156
1 25477U 98053C   16045.19267523  .00000255  00000-0  14557-3 0  9998,2 25477  45.0105 121.9367 0003369 200.3213 159.7499 14.32165017908295
1 25477U 98053C   16046.51805284  .00000226  00000-0  13494-3 0  9994,2 25477  45.0104 115.7132 0003481 206.9434 153.1231 14.32171449908486
1 25477U 98053C   16046.58780952 +.00000248 +00000-0 +14287-3 0  9990,2 25477 045.0104 115.3856 0003485 207.2110 152.8554 14.32171629908220
1 25477U 98053C   16047.49464126  .00000267  00000-0  14988-3 0  9992,2 25477  45.0106 111.1269 0003570 211.0681 148.9954 14.32179297908628
1 25477U 98053C   16048.19219963  .00000295  00000-0  16006-3 0  9991,2 25477  45.0097 107.8500 0003673 210.8590 149.2040 14.32188047908721
1 25477U 98053C   16049.44780198  .00000264  00000-0  14861-3 0  9996,2 25477  45.0103 101.9551 0003667 220.1694 139.8881 14.32195833908901
1 25477U 98053C   16050.49413195  .00000216  00000-0  13124-3 0  9991,2 25477  45.0102  97.0413 0003735 224.4428 135.6119 14.32201608909053
1 25477U 98053C   16050.91266275 +.00000165 +00000-0 +11252-3 0  9996,2 25477 045.0107 095.0761 0003809 227.7559 132.2965 14.32202619908846
1 25477U 98053C   16051.54045788  .00000165  00000-0  11240-3 0  9997,2 25477  45.0102  92.1272 0003771 229.9064 130.1452 14.32207783909205
1 25477U 98053C   16053.14481779  .00000119  00000-0  95215-4 0  9993,2 25477  45.0105  84.5931 0003833 237.0353 123.0125 14.32212657909434
1 25477U 98053C   16054.47015624  .00000140  00000-0  10319-3 0  9997,2 25477  45.0105  78.3692 0003869 242.4632 117.5821 14.32214118909624
1 25477U 98053C   16054.53991090 +.00000139 +00000-0 +10285-3 0  9994,2 25477 045.0105 078.0416 0003868 242.7609 117.2843 14.32214161909361
1 25477U 98053C   16055.51647541  .00000143  00000-0  10420-3 0  9998,2 25477  45.0105  73.4554 0003895 246.8148 113.2288 14.32214852909777
1 25477U 98053C   16057.12083005  .00000263  00000-0  14838-3 0  9996,2 25477  45.0105  65.9211 0003916 254.0603 105.9812 14.32216574910006
1 25477U 98053C   16058.44616560  .00000260  00000-0  14708-3 0  9993,2 25477  45.0106  59.6971 0003915 259.7884 100.2520 14.32217770910195
1 25477U 98053C   16058.86469235 +.00000243 +00000-0 +14089-3 0  9997,2 25477 045.0106 057.7316 0003924 261.5370 098.5031 14.32218080909984
1 25477U 98053C   16059.49248242  .00000269  00000-0  15073-3 0  9992,2 25477  45.0106  54.7834 0003920 264.0740  95.9659 14.32218793910341
1 25477U 98053C   16060.95732506 +.00000239 +00000-0 +13969-3 0  9995,2 25477 045.0108 047.9040 0003921 270.0300 090.0096 14.32219897910286
1 25477U 98053C   16061.16658817  .00000242  00000-0  14059-3 0  9996,2 25477  45.0109  46.9212 0003918 270.8328  89.2069 14.32220110910584
1 25477U 98053C   16062.42216640  .00000346  00000-0  17896-3 0  9997,2 25477  45.0110  41.0248 0003889 276.2809  83.7594 14.32221720910762
1 25477U 98053C   16063.74749801  .00000356  00000-0  18247-3 0  9995,2 25477  45.0113  34.8009 0003842 282.2463  77.7952 14.32222891910954
1 25477U 98053C   16064.30552756  .00000405  00000-0  20057-3 0  9996,2 25477  45.0113  32.1808 0003806 283.7279  76.3144 14.32230057911034
1 25477U 98053C   16065.35183368  .00000398  00000-0  19805-3 0  9991,2 25477  45.0119  27.2664 0003758 290.6891  69.3552 14.32234918911189
1 25477U 98053C   16065.77035435 +.00000422 +00000-0 +20687-3 0  9996,2 25477 045.0111 025.3011 0003812 286.9532 073.0896 14.32235474910974
1 25477U 98053C   16066.32838081  .00000396  00000-0  19704-3 0  9994,2 25477  45.0113  22.6804 0003732 292.0741  67.9708 14.32242025911321
1 25477U 98053C   16067.30492317  .00000459  00000-0  22032-3 0  9999,2 25477  45.0109  18.0948 0003734 293.7579  66.2875 14.32250572911461
1 25477U 98053C   16068.35121636  .00000426  00000-0  20801-3 0  9994,2 25477  45.0117  13.1809 0003645 303.2356  56.8140 14.32253353911610
1 25477U 98053C   16069.32775032  .00000413  00000-0  20322-3 0  9991,2 25477  45.0116   8.5945 0003593 304.7566  55.2942 14.32262410911751
1 25477U 98053C   16070.79254602  .00000424  00000-0  20727-3 0  9990,2 25477  45.0113   1.7157 0003529 310.6799  49.3741 14.32266521911962
1 25477U 98053C   16071.28080651  .00003239  00000-0  12409-2 0  9990,2 25477  45.0110 359.4222 0003480 312.9009  47.1545 14.32275782912036
1 25477U 98053C   16071.90857115 +.00003996 +00000-0 +15185-2 0  9990,2 25477 045.0109 356.4739 0003414 315.7001 044.3572 14.32281517911855
1 25477U 98053C   16072.81533925  .00003312  00000-0  12675-2 0  9994,2 25477  45.0111 352.2151 0003346 320.0381  40.0218 14.32285961912256
1 25477U 98053C   16073.23384981  .00003357  00000-0  12843-2 0  9993,2 25477  45.0109 350.2496 0003343 321.4547  38.6060 14.32277757912318
1 25477U 98053C   16074.21037503  .00002861  00000-0  11023-2 0  9995,2 25477  45.0111 345.6639 0003325 326.6599  33.4037 14.32273695912451
1 25477U 98053C   16075.18690269  .00003433  00000-0  13123-2 0  9995,2 25477  45.0109 341.0776 0003189 330.0077  30.0586 14.32270531912591
1 25477U 98053C   16076.16343389  .00003609  00000-0  13769-2 0  9993,2 25477  45.0106 336.4913 0003136 334.7617  25.3076 14.32266623912736
1 25477U 98053C   16077.13996862  .00003202  00000-0  12276-2 0  9992,2 25477  45.0108 331.9055 0003083 338.6985  21.3732 14.32262794912872
1 25477U 98053C   16078.11650631 -.00000159  00000-0 -69067-5 0  9995,2 25477  45.0108 327.3189 0002922 343.8031  16.2721 14.32255761913014
1 25477U 98053C   16079.16280042 -.00000010  00000-0  48117-4 0  9993,2 25477  45.0111 322.4052 0002825 350.2272   9.8519 14.32250641913165
1 25477U 98053C   16080.48810863  .00000004  00000-0  52932-4 0  9992,2 25477  45.0112 316.1807 0002682 356.4796   3.6031 14.32248160913359
1 25477U 98053C   16080.76712212 +.00000004 +00000-0 +53283-4 0  9992,2 25477 045.0107 314.8701 0002593 357.9633 002.1202 14.32245529913123
1 25477U 98053C   16081.74366907 +.00000004 +00000-0 +53252-4 0  9993,2 25477 045.0103 310.2862 0002949 004.9887 355.0988 14.32244448913537
1 25477U 98053C   16082.99922544 -.00000019  00000-0  44727-4 0  9990,2 25477  45.0103 304.3876 0002452  11.7093 348.3810 14.32244916913719
1 25477U 98053C   16084.04552094 -.00000043  00000-0  35891-4 0  9996,2 25477  45.0111 299.4727 0002137  14.2186 345.8720 14.32246414913861
1 25477U 98053C   16085.16157125 -.00000064  00000-0  28103-4 0  9997,2 25477  45.0102 294.2324 0002273  23.9756 336.1196 14.32247494914026
1 25477U 98053C   16085.64984241 -.00000070 +00000-0 +25777-4 0  9998,2 25477 045.0096 291.9382 0002088 034.9435 325.1548 14.32246056913825
1 25477U 98053C   16086.76589051 -.00000070  00000-0  25881-4 0  9998,2 25477  45.0102 286.6976 0002029  34.8690 325.2289 14.32248678914253
1 25477U 98053C   16086.90539671 -.00000068 +00000-0 +26533-4 0  9999,2 25477 045.0101 286.0427 0002092 035.3862 324.7123 14.32248800914005
1 25477U 98053C   16087.81218532 -.00000056  00000-0  31057-4 0  9994,2 25477  45.0101 281.7839 0001992  41.7561 318.3437 14.32249213914409
1 25477U 98053C   16087.88193833 -.00000054 +00000-0 +31782-4 0  9990,2 25477 045.0101 281.4563 0001998 042.0575 318.0424 14.32249234914142
1 25477U 98053C   16088.71897274 +.00000323 +00000-0 +17041-3 0  9992,2 25477 045.0100 277.5251 0001942 048.1560 311.9451 14.32251107914268
1 25477U 98053C   16089.83501834  .00000349  00000-0  17972-3 0  9991,2 25477  45.0099 272.2835 0001875  56.3829 303.7196 14.32252211914698
1 25477U 98053C   16089.90477112 +.00000360 +00000-0 +18385-3 0  9992,2 25477 045.0098 271.9559 0001871 056.9892 303.1134 14.32252343914432
1 25477U 98053C   16091.50908465  .00000385  00000-0  19316-3 0  9993,2 25477  45.0098 264.4210 0001788  69.3375 290.7663 14.32254075914931
1 25477U 98053C   16091.64859008 +.00000380 +00000-0 +19134-3 0  9999,2 25477 045.0098 263.7658 0001787 070.4815 289.6224 14.32254214914687
1 25477U 98053C   16092.55537500  .00000357  00000-0  18289-3 0  9994,2 25477  45.0098 259.5070 0001757  77.7860 282.3183 14.32255086915082
1 25477U 98053C   16093.81092209  .00000333  00000-0  17417-3 0  9992,2 25477  45.0099 253.6102 0001720  88.8553 271.2490 14.32256431915269
1 25477U 98053C   16093.88067454 +.00000358 +00000-0 +18303-3 0  9995,2 25477 045.0099 253.2826 0001715 089.4094 270.6949 14.32256679915007
1 25477U 98053C   16094.85721032  .00000329  00000-0  17245-3 0  9994,2 25477  45.0100 248.6963 0001704  97.6219 262.4821 14.32257637915416
1 25477U 98053C   16095.90349772  .00000340  00000-0  17649-3 0  9999,2 25477  45.0100 243.7824 0001701 106.5198 253.5835 14.32258857915568
1 25477U 98053C   16097.22879449  .00000340  00000-0  17646-3 0  9992,2 25477  45.0100 237.5581 0001724 117.2483 242.8539 14.32260044915754
1 25477U 98053C   16098.41459164  .00000356  00000-0  18242-3 0  9992,2 25477  45.0100 231.9894 0001795 126.8082 233.2929 14.32254883915928
1 25477U 98053C   16099.46088401  .00000413  00000-0  20337-3 0  9992,2 25477  45.0094 227.0759 0001750 127.8693 232.2311 14.32253153916076
1 25477U 98053C   16099.53063666 +.00000394 +00000-0 +19640-3 0  9999,2 25477 045.0100 226.7477 0001813 135.1678 224.9315 14.32251123915810
1 25477U 98053C   16100.78618965  .00000346  00000-0  17896-3 0  9995,2 25477  45.0100 220.8512 0001842 144.4797 215.6172 14.32249738916269
1 25477U 98053C   16102.18125256  .00000330  00000-0  17287-3 0  9994,2 25477  45.0104 214.3001 0001843 153.0664 207.0278 14.32245039916468
1 25477U 98053C   16103.50656525  .00000358  00000-0  18314-3 0  9991,2 25477  45.0099 208.0748 0002181 162.1988 197.8935 14.32241475916652
1 25477U 98053C   16103.64607214 +.00000371 +00000-0 +18817-3 0  9990,2 25477 045.0100 207.4196 0002099 163.6730 196.4184 14.32241385916408
1 25477U 98053C   16104.69237170  .00000425  00000-0  20801-3 0  9992,2 25477  45.0102 202.5063 0002191 169.3190 190.7703 14.32242361916820
1 25477U 98053C   16105.73866819  .00000407  00000-0  20129-3 0  9999,2 25477  45.0100 197.5925 0002235 175.7378 184.3487 14.32245941916977
1 25477U 98053C   16107.34298476  .00000359  00000-0  18347-3 0  9991,2 25477  45.0097 190.0579 0002395 184.6223 175.4602 14.32249878917200
1 25477U 98053C   16108.45902528  .00000386  00000-0  19330-3 0  9997,2 25477  45.0097 184.8169 0002426 191.4379 168.6413 14.32255964917363
1 25477U 98053C   16108.52877789 +.00000369 +00000-0 +18738-3 0  9997,2 25477 045.0097 184.4894 0002427 191.6562 168.4229 14.32255996917101
1 25477U 98053C   16109.57506434  .00000356  00000-0  18249-3 0  9992,2 25477  45.0095 179.5751 0002537 197.1056 162.9705 14.32260618917528
1 25477U 98053C   16110.62134916  .00000323  00000-0  17031-3 0  9994,2 25477  45.0093 174.6611 0002633 201.3750 158.6986 14.32261815917672
1 25477U 98053C   16111.66763223  .00000283  00000-0  15545-3 0  9991,2 25477  45.0094 169.7472 0002704 206.6539 153.4168 14.32264052917823
1 25477U 98053C   16113.20217994  .00000278  00000-0  15357-3 0  9997,2 25477  45.0094 162.5400 0002818 213.3296 146.7373 14.32265365918042
1 25477U 98053C   16114.45771818  .00000276  00000-0  15300-3 0  9991,2 25477  45.0094 156.6434 0002890 219.5440 140.5195 14.32266314918221
1 25477U 98053C   16114.59722249 +.00000252 +00000-0 +14416-3 0  9991,2 25477 045.0094 155.9883 0002894 220.3452 139.7180 14.32266255917977
1 25477U 98053C   16115.57375172  .00000243  00000-0  14084-3 0  9990,2 25477  45.0093 151.4020 0002941 224.7144 135.3465 14.32266874918380
1 25477U 98053C   16117.17804870  .00000222  00000-0  13306-3 0  9993,2 25477  45.0092 143.8672 0003021 231.4636 128.5939 14.32267873918614
1 25477U 98053C   16118.50333662  .00000216  00000-0  13083-3 0  9992,2 25477  45.0091 137.6428 0003074 236.8865 123.1686 14.32268814918801
1 25477U 98053C   16118.57308858 +.00000207 +00000-0 +12757-3 0  9995,2 25477 045.0091 137.3152 0003076 237.2090 122.8460 14.32268825918548
1 25477U 98053C   16119.54961606  .00000213  00000-0  12973-3 0  9996,2 25477  45.0090 132.7287 0003114 240.9810 119.0724 14.32269570918953
1 25477U 98053C   16121.15391050  .00000180  00000-0  11756-3 0  9997,2 25477  45.0091 125.1936 0003160 247.4571 112.5941 14.32270477919181
1 25477U 98053C   16122.47919639  .00000208  00000-0  12784-3 0  9995,2 25477  45.0093 118.9692 0003182 252.6859 107.3640 14.32271439919371
1 25477U 98053C   16122.96745936 +.00000236 +00000-0 +13846-3 0  9997,2 25477 045.0093 116.6758 0003194 254.6400 105.4093 14.32271885919170
1 25477U 98053C   16124.15324013  .00000279  00000-0  15402-3 0  9996,2 25477  45.0095 111.1066 0003204 259.0633 100.9853 14.32272958919618
1 25477U 98053C   16125.40877180  .00000278  00000-0  15386-3 0  9993,2 25477  45.0097 105.2099 0003187 264.0179  96.0304 14.32273989919791
1 25477U 98053C   16125.89703380 +.00000254 +00000-0 +14497-3 0  9992,2 25477 045.0097 102.9166 0003199 265.7289 094.3192 14.32274294919597
1 25477U 98053C   16127.15256411  .00000223  00000-0  13363-3 0  9998,2 25477  45.0099  97.0198 0003179 270.2440  89.8042 14.32275357920042
1 25477U 98053C   16128.40809336  .00000226  00000-0  13473-3 0  9992,2 25477  45.0100  91.1230 0003128 275.1299  84.9190 14.32276685920222
1 25477U 98053C   16128.89635455 +.00000211 +00000-0 +12919-3 0  9992,2 25477 045.0101 088.8297 0003125 276.8738 083.1753 14.32277061920025
1 25477U 98053C   16129.80312470  .00000252  00000-0  14433-3 0  9991,2 25477  45.0102  84.5709 0003108 280.1575  79.8920 14.32278202920425
1 25477U 98053C   16129.94262780 +.00000195 +00000-0 +12308-3 0  9999,2 25477 045.0102 083.9157 0003099 280.6412 079.4085 14.32278029920176
1 25477U 98053C   16131.19815454  .00000311  00000-0  16594-3 0  9992,2 25477  45.0105  78.0190 0003032 285.4143  74.6368 14.32279926920620
1 25477U 98053C   16132.24442630  .00000328  00000-0  17223-3 0  9999,2 25477  45.0106  73.1050 0002974 289.4551  70.5974 14.32280966920773
1 25477U 98053C   16132.87218898 +.00000288 +00000-0 +15743-3 0  9995,2 25477 045.0108 070.1566 0002942 291.6992 068.3540 14.32281329920591
1 25477U 98053C   16133.77895577  .00000265  00000-0  14879-3 0  9994,2 25477  45.0110  65.8978 0002914 295.3233  64.7311 14.32283936920996
1 25477U 98053C   16133.84870704 +.00000262 +00000-0 +14783-3 0  9998,2 25477 045.0110 065.5702 0002908 295.5587 064.4959 14.32283995920737
1 25477U 98053C   16134.82522406  .00000250  00000-0  14347-3 0  9993,2 25477  45.0111  60.9840 0002844 299.4960  60.5602 14.32285364921147
1 25477U 98053C   16134.89497524 +.00000235 +00000-0 +13779-3 0  9993,2 25477 045.0111 060.6565 0002838 299.5436 060.5127 14.32285358920885
1 25477U 98053C   16136.15049282  .00000249  00000-0  14295-3 0  9997,2 25477  45.0112  54.7604 0002769 304.5061  55.5524 14.32290144921333
1 25477U 98053C   16137.26650666  .00000242  00000-0  14055-3 0  9991,2 25477  45.0113  49.5187 0002659 309.0084  51.0525 14.32293133921495
1 25477U 98053C   16137.82451292 +.00000244 +00000-0 +14125-3 0  9997,2 25477 045.0109 046.8985 0002600 312.9138 047.1490 14.32295236921308
1 25477U 98053C   16138.80102361  .00000233  00000-0  13726-3 0  9990,2 25477  45.0107  42.3138 0002772 323.3298  36.7358 14.32296392921716
1 25477U 98053C   16138.94052351 +.00000235 +00000-0 +13790-3 0  9991,2 25477 045.0113 041.6573 0002636 317.3276 042.7365 14.32298533921462
1 25477U 98053C   16140.12628176  .00000243  00000-0  14092-3 0  9993,2 25477  45.0114  36.0871 0002430 318.1510  41.9150 14.32300300921902
1 25477U 98053C   16141.59104009  .00000242  00000-0  14040-3 0  9991,2 25477  45.0115  29.2077 0002326 326.1141  33.9557 14.32302888922117
1 25477U 98053C   16141.73054121 +.00000245 +00000-0 +14137-3 0  9996,2 25477 045.0114 028.5528 0002304 326.7776 033.2925 14.32302211921868
1 25477U 98053C   16142.77680007  .00000237  00000-0  13859-3 0  9990,2 25477  45.0117  23.6407 0002650 335.2598  24.8121 14.32299076922289
1 25477U 98053C   16144.10205993  .00000206  00000-0  12735-3 0  9994,2 25477  45.0114  17.4147 0002075 335.0734  25.0012 14.32298457922474
1 25477U 98053C   16145.14832007  .00000154  00000-0  10797-3 0  9999,2 25477  45.0116  12.5006 0001989 340.2110  19.8658 14.32296745922627
1 25477U 98053C   16146.47358449  .00000127  00000-0  98294-4 0  9998,2 25477  45.0114   6.2761 0001822 347.0167  13.0632 14.32294891922815
1 25477U 98053C   16146.89208916 +.00000133 +00000-0 +10036-3 0  9991,2 25477 045.0114 004.3106 0001757 348.7913 011.2894 14.32294934922606
1 25477U 98053C   16147.72909957  .00000123  00000-0  96781-4 0  9998,2 25477  45.0112   0.3795 0001718 354.0379   6.0447 14.32293785922998
1 25477U 98053C   16147.93835198 +.00000128 +00000-0 +98524-4 0  9998,2 25477 045.0114 359.3966 0001662 353.3865 006.6959 14.32293711922754
1 25477U 98053C   16149.05436639  .00000133  00000-0  10030-3 0  9991,2 25477  45.0113 354.1553 0001568 359.4949   0.5895 14.32292797923186
1 25477U 98053C   16150.51913645  .00000169  00000-0  11377-3 0  9995,2 25477  45.0113 347.2757 0001415   6.7962 353.2903 14.32291417923392
1 25477U 98053C   16150.93764322 +.00000172 +00000-0 +11464-3 0  9998,2 25477 045.0112 345.3102 0001363 010.0624 350.0249 14.32289982923188
1 25477U 98053C   16151.84440713  .00000175  00000-0  11596-3 0  9993,2 25477  45.0111 341.0513 0001279  15.8568 344.2317 14.32288832923580
1 25477U 98053C   16152.96042494  .00000029  00000-0  62201-4 0  9999,2 25477  45.0110 335.8097 0001180  23.2143 336.8756 14.32287731923749
1 25477U 98053C   16154.35544954  .00000016  00000-0  57537-4 0  9994,2 25477  45.0109 329.2577 0001052  35.5611 324.5305 14.32285191923945
1 25477U 98053C   16155.47146917  .00000020  00000-0  58782-4 0  9993,2 25477  45.0112 324.0162 0000912  42.5886 317.5031 14.32285248924108
1 25477U 98053C   16156.51773947  .00000027  00000-0  61600-4 0  9998,2 25477  45.0111 319.1021 0000853  52.8958 307.1966 14.32283897924250
1 25477U 98053C   16157.84301731  .00000047  00000-0  68980-4 0  9993,2 25477  45.0110 312.8777 0000792  67.4052 292.6878 14.32281077924445
1 25477U 98053C   16157.91276874 +.00000047 +00000-0 +68830-4 0  9994,2 25477 045.0110 312.5501 0000786 067.7699 292.3230 14.32281072924185
1 25477U 98053C   16158.88928994  .00000041  00000-0  66620-4 0  9997,2 25477  45.0109 307.9638 0000748  77.9928 282.1002 14.32279386924592
1 25477U 98053C   16159.86581174 +.00000044 +00000-0 +67918-4 0  9995,2 25477 045.0108 303.3778 0000719 090.2355 269.8573 14.32278445924462
1 25477U 98053C   16160.56332811  .00000029  00000-0  62296-4 0  9993,2 25477  45.0112 300.1014 0000681  98.3862 261.7061 14.32276264924836
1 25477U 98053C   16160.84233453 +.00000028 +00000-0 +61760-4 0  9990,2 25477 045.0109 298.7911 0000725 102.8888 257.2039 14.32276659924606
1 25477U 98053C   16161.81885812  .00000008  00000-0  54509-4 0  9991,2 25477  45.0108 294.2050 0000753 113.4686 246.6240 14.32275675925014
1 25477U 98053C   16161.88860980 +.00000004 +00000-0 +53192-4 0  9990,2 25477 045.0108 293.8775 0000754 114.3080 245.7845 14.32275662924759
1 25477U 98053C   16162.86513425 -.00000004  00000-0  49958-4 0  9994,2 25477  45.0107 289.2908 0000797 129.4321 230.6595 14.32274131925168
1 25477U 98053C   16164.46942586 -.00000013  00000-0  46699-4 0  9995,2 25477  45.0106 281.7560 0000885 146.3327 213.7575 14.32273011925391
1 25477U 98053C   16164.81818495 -.00000016 +00000-0 +45838-4 0  9992,2 25477 045.0106 280.1181 0000915 148.8897 211.2003 14.32273027925178
1 25477U 98053C   16165.79470870 -.00000110  00000-0  11012-4 0  9993,2 25477  45.0108 275.5322 0000941 155.4376 204.6515 14.32275881925589
1 25477U 98053C   16167.11998946 -.00000095  00000-0  16768-4 0  9995,2 25477  45.0105 269.3080 0001054 165.9910 194.0965 14.32276420925776
1 25477U 98053C   16167.25949256 -.00000092 +00000-0 +17728-4 0  9994,2 25477 045.0105 268.6526 0001078 167.6086 192.4787 14.32276491925527
1 25477U 98053C   16168.37551489 -.00000087  00000-0  19613-4 0  9994,2 25477  45.0103 263.4113 0001164 174.4716 185.6143 14.32280643925953
1 25477U 98053C   16168.65452057 -.00000085 +00000-0 +20434-4 0  9997,2 25477 045.0102 262.1011 0001150 175.4161 184.6696 14.32280805925722
1 25477U 98053C   16169.70078969 -.00000094  00000-0  17129-4 0  9997,2 25477  45.0101 257.1871 0001248 182.4609 177.6231 14.32283480926148
1 25477U 98053C   16171.09581346 -.00000105  00000-0  13163-4 0  9997,2 25477  45.0099 250.6341 0001548 189.7262 170.3554 14.32284302926346
1 25477U 98053C   16172.21183176 -.00000110  00000-0  11050-4 0  9990,2 25477  45.0094 245.3931 0001485 192.1512 167.9299 14.32285815926509
1 25477U 98053C   16173.39759908 -.00000108  00000-0  11880-4 0  9990,2 25477  45.0097 239.8243 0001573 200.9551 159.1231 14.32287522926679
1 25477U 98053C   16174.51361568 -.00000098  00000-0  15418-4 0  9995,2 25477  45.0096 234.5828 0001634 206.2175 153.8588 14.32288041926839
1 25477U 98053C   16174.65311762 +.00000057 +00000-0 +72508-4 0  9998,2 25477 045.0096 233.9275 0001653 206.7563 153.3198 14.32288432926583
1 25477U 98053C   16175.62963177  .00000065  00000-0  75322-4 0  9995,2 25477  45.0094 229.3412 0001726 211.0970 148.9774 14.32288809926998
1 25477U 98053C   16177.16415328  .00000072  00000-0  78121-4 0  9994,2 25477  45.0092 222.1339 0001845 217.8987 142.1729 14.32289441927214
1 25477U 98053C   16178.48942124  .00000057  00000-0  72324-4 0  9991,2 25477  45.0090 215.9095 0001918 223.1052 136.9644 14.32289994927406
1 25477U 98053C   16178.62892308 +.00000052 +00000-0 +70622-4 0  9999,2 25477 045.0089 215.2543 0001925 223.5766 136.4928 14.32290048927153
1 25477U 98053C   16180.16344318  .00000032  00000-0  63230-4 0  9999,2 25477  45.0088 208.0467 0002009 229.7679 130.2991 14.32290699927640
1 25477U 98053C   16180.51219771 +.00000032 +00000-0 +63398-4 0  9997,2 25477 045.0087 206.4088 0002021 230.9848 129.0818 14.32290865927421
1 25477U 98053C   16181.48871024  .00000031  00000-0  63020-4 0  9990,2 25477  45.0087 201.8222 0002064 234.5227 125.5427 14.32291273927834
1 25477U 98053C   16182.53497351  .00000035  00000-0  64287-4 0  9994,2 25477  45.0088 196.9081 0002109 238.1912 121.8729 14.32291642927983
1 25477U 98053C   16184.06949248  .00000042  00000-0  67014-4 0  9990,2 25477  45.0089 189.7006 0002171 243.3944 116.6680 14.32292117928205
1 25477U 98053C   16185.11575503  .00000054  00000-0  71276-4 0  9994,2 25477  45.0089 184.7865 0002207 246.5432 113.5183 14.32292513928350
1 25477U 98053C   16186.44102059  .00000038  00000-0  65563-4 0  9997,2 25477  45.0089 178.5620 0002223 250.8336 109.2270 14.32292913928543
1 25477U 98053C   16187.48728251  .00000016  00000-0  57294-4 0  9998,2 25477  45.0089 173.6480 0002234 254.1921 105.8679 14.32293255928693
1 25477U 98053C   16189.09155039 -.00000002  00000-0  50944-4 0  9996,2 25477  45.0090 166.1129 0002256 259.1120 100.9472 14.32293857928923
1 25477U 98053C   16190.13781195  .00000001  00000-0  52069-4 0  9999,2 25477  45.0090 161.1987 0002243 262.4350  97.6242 14.32294239929077
1 25477U 98053C   16191.39332545  .00000046  00000-0  68492-4 0  9995,2 25477  45.0092 155.3018 0002222 266.5925  93.4667 14.32294861929255
1 25477U 98053C   16191.95133128 +.00000063 +00000-0 +74768-4 0  9995,2 25477 045.0093 152.6809 0002219 268.3651 091.6941 14.32295117929065
1 25477U 98053C   16192.85809053  .00000104  00000-0  89804-4 0  9995,2 25477  45.0094 148.4220 0002195 271.1514  88.9080 14.32295615929469
1 25477U 98053C   16192.92784116 +.00000111 +00000-0 +92380-4 0  9996,2 25477 045.0094 148.0944 0002189 271.3363 088.7232 14.32295706929205
1 25477U 98053C   16194.18335340  .00000149  00000-0  10613-3 0  9996,2 25477  45.0096 142.1976 0002149 275.0774  84.9826 14.32296434929655
1 25477U 98053C   16195.29936360  .00000151  00000-0  10693-3 0  9999,2 25477  45.0097 136.9561 0002106 278.7156  81.3451 14.32297109929817
1 25477U 98053C   16195.85736849 +.00000137 +00000-0 +10190-3 0  9997,2 25477 045.0098 134.3352 0002090 280.3113 079.7497 14.32297392929626
1 25477U 98053C   16196.83387668  .00000147  00000-0  10568-3 0  9997,2 25477  45.0099 129.7489 0002042 283.3409  76.7209 14.32298149930030
1 25477U 98053C   16196.90362726 +.00000135 +00000-0 +10132-3 0  9997,2 25477 045.0099 129.4213 0002037 283.4837 076.5782 14.32298140929776
1 25477U 98053C   16198.01963551  .00000103  00000-0  89347-4 0  9994,2 25477  45.0101 124.1799 0001994 287.0682  72.9945 14.32298964930205
1 25477U 98053C   16199.06589155  .00000080  00000-0  81042-4 0  9992,2 25477  45.0101 119.2656 0001933 288.6932  71.3705 14.32300974930358
1 25477U 98053C   16200.11214766  .00000095  00000-0  86499-4 0  9991,2 25477  45.0102 114.3517 0001893 292.6359  67.4286 14.32302019930503
1 25477U 98053C   16201.15840218 -.00000090  00000-0  18395-4 0  9999,2 25477  45.0103 109.4377 0001831 296.0715  63.9943 14.32303714930659
1 25477U 98053C   16202.20465601 -.00000074  00000-0  24547-4 0  9993,2 25477  45.0103 104.5237 0001786 298.7220  61.3446 14.32305769930808
1 25477U 98053C   16202.90215827 -.00000071 +00000-0 +25395-4 0  9992,2 25477 045.0104 101.2476 0001726 300.6658 059.4018 14.32305700930639
1 25477U 98053C   16203.66941054 -.00000069  00000-0  26285-4 0  9990,2 25477  45.0104  97.6439 0001660 302.9340  57.1346 14.32305919931010
1 25477U 98053C   16203.80891086 -.00000074 +00000-0 +24556-4 0  9990,2 25477 045.0104 096.9885 0001642 302.9453 057.1235 14.32305962930768
1 25477U 98053C   16205.06441450 -.00000097  00000-0  15885-4 0  9996,2 25477  45.0106  91.0918 0001610 306.0103  54.0594 14.32305986931216
1 25477U 98053C   16206.11066879 -.00000113  00000-0  99548-5 0  9999,2 25477  45.0106  86.1778 0001511 308.8213  51.2498 14.32304432931360
1 25477U 98053C   16207.43592509 -.00000117  00000-0  86327-5 0  9994,2 25477  45.0105  79.9533 0001398 310.7006  49.3718 14.32303145931557
1 25477U 98053C   16207.85442753 -.00000116 +00000-0 +89962-5 0  9992,2 25477 045.0105 077.9876 0001340 311.7957 048.2774 14.32302629931341
1 25477U 98053C   16208.69143219 -.00000115  00000-0  94961-5 0  9994,2 25477  45.0106  74.0566 0001305 313.7679  46.3059 14.32302530931739
1 25477U 98053C   16208.90068383 -.00000111 +00000-0 +10986-4 0  9996,2 25477 045.0107 073.0738 0001288 314.7587 045.3154 14.32301987931492
1 25477U 98053C   16209.80743953 -.00000101  00000-0  14310-4 0  9993,2 25477  45.0107  68.8151 0001227 317.1865  42.8885 14.32301667931894
1 25477U 98053C   16211.55120211 -.00000087  00000-0  19712-4 0  9998,2 25477  45.0108  60.6247 0001094 321.0993  38.9775 14.32300125932140
1 25477U 98053C   16211.89995510 -.00000089 +00000-0 +18833-4 0  9992,2 25477 045.0108 058.9865 0001035 321.6431 038.4341 14.32299315931921
1 25477U 98053C   16212.66721140 -.00000098  00000-0  15721-4 0  9997,2 25477  45.0107  55.3830 0000990 324.1428  35.9352 14.32298546932308
1 25477U 98053C   16213.78322086 -.00000111  00000-0  10905-4 0  9992,2 25477  45.0107  50.1409 0000809 323.8971  36.1820 14.32297749932465
1 25477U 98053C   16213.92272212 -.00000111 +00000-0 +10864-4 0  9997,2 25477 045.0108 049.4858 0000819 323.9544 036.1247 14.32297714932211
1 25477U 98053C   16214.82948073 -.00000120  00000-0  74560-5 0  9996,2 25477  45.0109  45.2271 0000763 324.8403  35.2392 14.32296370932619
1 25477U 98053C   16214.89923138 -.00000120 +00000-0 +74187-5 0  9993,2 25477 045.0109 044.8995 0000744 324.7094 035.3703 14.32296395932356
1 25477U 98053C   16216.01524241 -.00000120  00000-0  75364-5 0  9999,2 25477  45.0109  39.6578 0000661 325.6276  34.4527 14.32296012932782
1 25477U 98053C   16216.85225095 -.00000111 +00000-0 +10779-4 0  9994,2 25477 045.0110 035.7264 0000587 326.3879 033.6930 14.32295873932634
1 25477U 98053C   16217.54975804 -.00000109  00000-0  11590-4 0  9990,2 25477  45.0111  32.4505 0000554 325.9614  34.1196 14.32295858933008
1 25477U 98053C   16218.80527208 -.00000093  00000-0  17567-4 0  9993,2 25477  45.0111  26.5539 0000454 322.7551  37.3263 14.32294678933181
1 25477U 98053C   16218.87502283 -.00000091 +00000-0 +18044-4 0  9995,2 25477 045.0111 026.2264 0000446 322.5173 037.5642 14.32294682932921
1 25477U 98053C   16219.92128443 -.00000086  00000-0  19878-4 0  9994,2 25477  45.0111  21.3122 0000361 317.6450  42.4368 14.32294433933340
1 25477U 98053C   16221.45580216 -.00000093  00000-0  17460-4 0  9998,2 25477  45.0112  14.1051 0000286 305.9226  54.1593 14.32293644933566
1 25477U 98053C   16222.50206442 -.00000105  00000-0  12892-4 0  9999,2 25477  45.0114   9.1910 0000255 287.1122  72.9696 14.32293455933717
1 25477U 98053C   16222.85081842 -.00000107 +00000-0 +12129-4 0  9997,2 25477 045.0114 007.5531 0000249 279.9723 080.1095 14.32293506933493
1 25477U 98053C   16223.82733141 -.00000110  00000-0  11133-4 0  9999,2 25477  45.0113   2.9666 0000253 260.1448  99.9369 14.32292373933900
1 25477U 98053C   16223.89708226 -.00000111 +00000-0 +10766-4 0  9994,2 25477 045.0113 002.6390 0000258 259.6685 100.4132 14.32292372933648
1 25477U 98053C   16224.80384450 -.00000386 +00000-0 -90356-4 0  9993,2 25477 045.0126 358.3789 0000181 272.7983 087.2842 14.32291201933771
1 25477U 98053C   16225.78035745 -.00000390 +00000-0 -91673-4 0  9999,2 25477 045.0126 353.7925 0000216 252.8857 107.1965 14.32290656933917
1 25477U 98053C   16226.82662164 -.00000401 +00000-0 -95883-4 0  9996,2 25477 045.0127 348.8786 0000277 242.0045 118.0773 14.32290133934060
1 25477U 98053C   16227.80313530 -.00000403 +00000-0 -96543-4 0  9991,2 25477 045.0126 344.2923 0000341 236.9169 123.1645 14.32289633934207
1 25477U 98053C   16228.64014737 -.00000408  00000-0 -98151-4 0  9993,2 25477  45.0126 340.3611 0000393 234.6025 125.4784 14.32289161934598
1 25477U 98053C   16228.77964946 -.00000398 +00000-0 -94611-4 0  9998,2 25477 045.0127 339.7061 0000399 237.5014 122.5794 14.32289033934346
1 25477U 98053C   16229.75616350  .00000078  00000-0  80393-4 0  9995,2 25477  45.0114 335.1218 0000590 234.1564 125.9227 14.32289758934759
1 25477U 98053C   16231.43018493 -.00000015  00000-0  46245-4 0  9997,2 25477  45.0110 327.2593 0000725 233.6394 126.4385 14.32291713934999
1 25477U 98053C   16232.47644742  .00000052  00000-0  70735-4 0  9995,2 25477  45.0109 322.3452 0000804 234.3414 125.7357 14.32292541935145
1 25477U 98053C   16232.75545068 +.00000054 +00000-0 +71247-4 0  9998,2 25477 045.0108 321.0348 0000806 232.4535 127.6238 14.32292737934919
1 25477U 98053C   16233.73196119  .00000054  00000-0  71414-4 0  9992,2 25477  45.0109 316.4485 0000884 235.9512 124.1250 14.32294271935326
1 25477U 98053C   16235.40597785  .00000061  00000-0  74025-4 0  9991,2 25477  45.0108 308.5861 0001011 239.2433 120.8313 14.32295787935569
1 25477U 98053C   16236.52198803  .00000068  00000-0  76653-4 0  9999,2 25477  45.0106 303.3448 0001036 242.6413 117.4328 14.32296861935724
1 25477U 98053C   16236.66148910 +.00000068 +00000-0 +76577-4 0  9993,2 25477 045.0106 302.6896 0001040 241.9126 118.1615 14.32297050935471
1 25477U 98053C   16237.63799688  .00000212  00000-0  12936-3 0  9994,2 25477  45.0104 298.1031 0001102 243.9248 116.1485 14.32298218935880
1 25477U 98053C   16239.17250875  .00000137  00000-0  10206-3 0  9999,2 25477  45.0100 290.8957 0001173 247.0861 112.9861 14.32298904936106
1 25477U 98053C   16240.49776858  .00000095  00000-0  86573-4 0  9994,2 25477  45.0098 284.6712 0001220 249.7639 110.3076 14.32299448936291
1 25477U 98053C   16240.56751910 +.00000090 +00000-0 +84605-4 0  9993,2 25477 045.0098 284.3436 0001224 250.3359 109.7355 14.32299455936034
1 25477U 98053C   16241.54402600  .00000092  00000-0  85176-4 0  9997,2 25477  45.0097 279.7570 0001254 252.5810 107.4899 14.32299958936440
1 25477U 98053C   16241.89277829 +.00000090 +00000-0 +84500-4 0  9996,2 25477 045.0097 278.1189 0001271 253.5652 106.5054 14.32300143936221
1 25477U 98053C   16243.14828669  .00000098  00000-0  87685-4 0  9995,2 25477  45.0096 272.2218 0001310 256.2187 103.8513 14.32300704936677
1 25477U 98053C   16244.47354523  .00000098  00000-0  87712-4 0  9996,2 25477  45.0095 265.9972 0001337 259.3284 100.7411 14.32301120936860
1 25477U 98053C   16244.54329573 +.00000094 +00000-0 +86261-4 0  9995,2 25477 045.0095 265.6696 0001340 259.8134 100.2560 14.32301103936606
1 25477U 98053C   16245.51980154  .00000110  00000-0  92005-4 0  9993,2 25477  45.0094 261.0831 0001356 262.2302  97.8390 14.32301542937013
1 25477U 98053C   16247.47281207  .00000127  00000-0  98289-4 0  9991,2 25477  45.0092 251.9101 0001357 267.8689  92.2002 14.32302560937299
1 25477U 98053C   16248.51906697  .00000132  00000-0  99895-4 0  9994,2 25477  45.0091 246.9960 0001351 271.1028  88.9663 14.32303230937441
1 25477U 98053C   16250.12332347  .00000135  00000-0  10109-3 0  9992,2 25477  45.0091 239.4607 0001351 273.7281  86.3410 14.32304332937676
1 25477U 98053C   16251.44857812  .00000157  00000-0  10930-3 0  9993,2 25477  45.0091 233.2360 0001327 277.1276  82.9419 14.32305282937866
1 25477U 98053C   16251.93682960 +.00000160 +00000-0 +11023-3 0  9995,2 25477 045.0091 230.9426 0001325 278.2240 081.8456 14.32305586937668
1 25477U 98053C   16253.12258283  .00000195  00000-0  12322-3 0  9996,2 25477  45.0092 225.3731 0001296 280.5256  79.5444 14.32306474938104
1 25477U 98053C   16254.37808551  .00000235  00000-0  13797-3 0  9995,2 25477  45.0093 219.4762 0001253 283.5833  76.4874 14.32307444938280
1 25477U 98053C   16254.93608644 +.00000214 +00000-0 +12995-3 0  9994,2 25477 045.0093 216.8552 0001235 284.8990 075.1719 14.32307691938093
1 25477U 98053C   16256.12183776  .00000221  00000-0  13275-3 0  9991,2 25477  45.0094 211.2859 0001180 287.5957  72.4760 14.32308635938539
1 25477U 98053C   16257.30758814  .00000228  00000-0  13527-3 0  9990,2 25477  45.0094 205.7167 0001124 290.8722  69.2004 14.32309716938709
1 25477U 98053C   16258.35383727  .00000213  00000-0  12991-3 0  9991,2 25477  45.0095 200.8023 0001067 292.2833  67.7899 14.32311298938851
1 25477U 98053C   16258.91183634 +.00000220 +00000-0 +13226-3 0  9998,2 25477 045.0096 198.1814 0001060 293.0281 067.0454 14.32312228938661
1 25477U 98053C   16259.81858450  .00000236  00000-0  13832-3 0  9993,2 25477  45.0096 193.9225 0001009 294.9661  65.1080 14.32313206939061
1 25477U 98053C   16259.88833436 +.00000237 +00000-0 +13854-3 0  9992,2 25477 045.0096 193.5949 0001004 295.5336 064.5406 14.32313273938801
1 25477U 98053C   16260.86483142  .00000272  00000-0  15137-3 0  9992,2 25477  45.0097 189.0084 0000953 297.7653  62.3096 14.32314438939211
1 25477U 98053C   16262.19007578  .00000332  00000-0  17332-3 0  9991,2 25477  45.0097 182.7839 0000900 298.3585  61.7171 14.32316081939406
1 25477U 98053C   16263.23632027  .00000372  00000-0  18817-3 0  9993,2 25477  45.0097 177.8697 0000810 300.1221  59.9545 14.32317461939555
1 25477U 98053C   16263.93381590 +.00000416 +00000-0 +20432-3 0  9991,2 25477 045.0097 174.5936 0000777 301.0322 059.0448 14.32318591939388
1 25477U 98053C   16264.77081063  .00000396  00000-0  19698-3 0  9995,2 25477  45.0097 170.6622 0000723 300.8086  59.2689 14.32319426939772
1 25477U 98053C   16264.84055930 +.00000527 +00000-0 +24491-3 0  9990,2 25477 045.0098 170.3346 0000716 300.7332 059.3444 14.32320471939512
1 25477U 98053C   16265.81705500  .00000482  00000-0  22858-3 0  9998,2 25477  45.0095 165.7482 0000659 299.9750  60.1031 14.32318259939925
1 25477U 98053C   16267.83979494  .00000424  00000-0  20705-3 0  9992,2 25477  45.0097 156.2476 0000534 298.5458  61.5334 14.32317409940218
1 25477U 98053C   16269.09528892 -.00000148  00000-0 -26505-5 0  9995,2 25477  45.0096 150.3508 0000446 295.0946  64.9853 14.32316930940394
1 25477U 98053C   16270.14153420 -.00000271  00000-0 -48033-4 0  9990,2 25477  45.0109 145.4343 0000394 305.8259  54.2551 14.32316378940540
1 25477U 98053C   16271.81552788 -.00000195  00000-0 -20149-4 0  9998,2 25477  45.0127 137.5688 0000312 293.2668  66.8184 14.32315747940784
1 25477U 98053C   16273.07101907 -.00000155  00000-0 -54081-5 0  9990,2 25477  45.0108 131.6745 0000277 277.3080  82.7735 14.32317807940961
1 25477U 98053C   16273.62901588 -.00000155 +00000-0 -51605-5 0  9993,2 25477 045.0109 129.0535 0000270 266.9145 093.1671 14.32317934940774
1 25477U 98053C   16274.81475863  .00000134  00000-0  10091-3 0  9994,2 25477  45.0094 123.4859 0000359 238.1365 121.9446 14.32319019941213
1 25477U 98053C   16276.07025021  .00000105  00000-0  90270-4 0  9997,2 25477  45.0094 117.5888 0000415 230.8398 129.2411 14.32319662941393
1 25477U 98053C   16277.53498968  .00000092  00000-0  85384-4 0  9998,2 25477  45.0095 110.7088 0000516 223.8930 136.1875 14.32320390941602
1 25477U 98053C   16277.88373706 +.00000097 +00000-0 +87267-4 0  9995,2 25477 045.0095 109.0708 0000536 222.5173 137.5631 14.32320599941380
1 25477U 98053C   16278.86022934  .00000116  00000-0  94105-4 0  9999,2 25477  45.0095 104.4841 0000598 221.7609 138.3192 14.32321188941791
1 25477U 98053C   16278.92997875 +.00000117 +00000-0 +94568-4 0  9995,2 25477 045.0095 104.1565 0000606 221.3576 138.7224 14.32321238941538
