1 25985U 99065F   15001.58701116  .00000718  00000-0  31981-3 0  9995,2 25985 045.0421 054.6397 0002041 192.5696 167.5099 14.31544255786996
1 25985U 99065F   15003.19212164  .00000730  00000-0  32422-3 0  9999,2 25985 045.0421 047.1141 0002111 199.4178 160.6588 14.31547448787220
1 25985U 99065F   15004.51808030  .00000755  00000-0  33355-3 0  9992,2 25985 045.0421 040.8975 0002157 204.8468 155.2275 14.31550167787414
1 25985U 99065F   15006.12318398  .00000718  00000-0  31978-3 0  9992,2 25985 045.0422 033.3718 0002234 210.2112 149.8606 14.31554883787641
1 25985U 99065F   15007.51892193  .00000751  00000-0  33227-3 0  9992,2 25985 045.0423 026.8280 0002270 215.1566 144.9130 14.31559531787845
1 25985U 99065F   15009.33337420  .00000933  00000-0  39985-3 0  9990,2 25985 045.0424 018.3209 0002308 221.4043 138.6629 14.31565629788103
1 25985U 99065F   15010.44995601  .00001008  00000-0  42776-3 0  9991,2 25985 045.0424 013.0857 0002301 225.7324 134.3333 14.31566456788267
1 25985U 99065F   15012.12482593  .00001061  00000-0  44769-3 0  9992,2 25985 045.0425 005.2330 0002291 231.5039 128.5602 14.31570326788505
1 25985U 99065F   15013.31119026  .00000954  00000-0  40775-3 0  9995,2 25985 045.0425 359.6709 0002274 235.4050 124.6582 14.31575242788672
1 25985U 99065F   15015.33498136  .00000864  00000-0  37402-3 0  9994,2 25985 045.0425 350.1823 0002269 241.7241 118.3377 14.31582872788962
1 25985U 99065F   15016.45155159  .00000627  00000-0  28569-3 0  9994,2 25985 045.0424 344.9472 0002246 245.3851 114.6761 14.31586125789124
1 25985U 99065F   15017.49833356  .00000549  00000-0  25662-3 0  9995,2 25985 045.0423 340.0392 0002263 248.2697 111.7908 14.31588102789274
1 25985U 99065F   15018.89403961  .00000462  00000-0  22448-3 0  9998,2 25985 045.0421 333.4951 0002194 252.6373 107.4233 14.31588452789475
1 25985U 99065F   15020.15017402  .00000667  00000-0  30057-3 0  9993,2 25985 045.0420 327.6057 0002149 256.6125 103.4481 14.31589002789658
1 25985U 99065F   15021.26673775  .00000682  00000-0  30608-3 0  9996,2 25985 045.0417 322.3706 0002109 259.8194 100.2414 14.31590302789818
1 25985U 99065F   15022.38330143  .00000562  00000-0  26160-3 0  9994,2 25985 045.0416 317.1354 0002028 263.4144 096.6471 14.31593659789970
1 25985U 99065F   15023.84878748  .00000397  00000-0  20013-3 0  9991,2 25985 045.0413 310.2641 0001959 267.3736 092.6886 14.31596105790182
1 25985U 99065F   15025.38405611  .00000428  00000-0  21147-3 0  9991,2 25985 045.0411 303.0657 0001858 272.2838 087.7795 14.31599508790402
1 25985U 99065F   15026.77975112  .00000401  00000-0  20151-3 0  9998,2 25985 045.0409 296.5216 0001773 275.9428 084.1216 14.31601803790600
1 25985U 99065F   15027.82652000  .00000502  00000-0  23929-3 0  9991,2 25985 045.0407 291.6136 0001720 278.8030 081.2621 14.31603005790758
1 25985U 99065F   15029.15242654  .00000707  00000-0  31563-3 0  9999,2 25985 045.0404 285.3966 0001631 282.6013 077.4651 14.31605692790946
1 25985U 99065F   15030.82725217  .00000828  00000-0  36052-3 0  9998,2 25985 045.0401 277.5433 0001526 286.6531 073.4147 14.31608615791188
1 25985U 99065F   15032.15315505  .00000849  00000-0  36810-3 0  9996,2 25985 045.0399 271.3263 0001445 289.8670 070.2021 14.31614041791373
1 25985U 99065F   15034.03732600  .00000623  00000-0  28410-3 0  9991,2 25985 045.0398 262.4913 0001281 293.7344 066.3368 14.31620739791646
1 25985U 99065F   15035.15386743  .00000570  00000-0  26447-3 0  9997,2 25985 045.0398 257.2556 0001191 295.3847 064.6876 14.31622957791804
1 25985U 99065F   15036.54953995  .00000703  00000-0  31374-3 0  9993,2 25985 045.0397 250.7111 0001084 297.4301 062.6435 14.31625528792006
1 25985U 99065F   15037.80564230  .00000778  00000-0  34171-3 0  9993,2 25985 045.0397 244.8211 0001001 299.3407 060.7339 14.31626867792186
1 25985U 99065F   15038.85239362  .00000875  00000-0  37772-3 0  9992,2 25985 045.0397 239.9126 0000945 301.5209 058.5545 14.31629766792330
1 25985U 99065F   15039.96892655  .00000987  00000-0  41937-3 0  9997,2 25985 045.0397 234.6769 0000870 302.4072 057.6690 14.31632818792490
1 25985U 99065F   15041.85307078  .00000853  00000-0  36953-3 0  9992,2 25985 045.0398 225.8414 0000746 303.7459 056.3316 14.31637773792761
1 25985U 99065F   15042.89981525  .00000603  00000-0  27668-3 0  9998,2 25985 045.0399 220.9327 0000675 304.6055 055.4728 14.31641251792914
1 25985U 99065F   15043.94655725  .00000461  00000-0  22358-3 0  9998,2 25985 045.0401 216.0242 0000603 301.7988 058.2799 14.31643902793065
1 25985U 99065F   15049.80816049  .00000893  00000-0  38376-3 0  9993,2 25985 045.0406 188.5360 0000320 227.0310 133.0509 14.31709994793907
1 25985U 99065F   15050.92463753  .00001275  00000-0  47267-3 0  9992,2 25985 045.0395 183.2941 0000256 271.8130 088.3159 14.31713421794067
1 25985U 99065F   15051.20374690  .00000839  00000-0  36368-3 0  9990,2 25985 045.0407 181.9911 0000399 220.4751 139.6066 14.31713435794107
1 25985U 99065F   15052.52955177  .00000638  00000-0  28901-3 0  9992,2 25985 045.0406 175.7734 0000484 218.2026 141.8786 14.31718510794298
1 25985U 99065F   15053.57623624  .00000608  00000-0  27810-3 0  9992,2 25985 045.0407 170.8648 0000562 220.8052 139.2752 14.31721048794445
1 25985U 99065F   15055.11136911  .00000825  00000-0  35838-3 0  9992,2 25985 045.0407 163.6653 0000661 224.2044 135.8750 14.31723976794666
1 25985U 99065F   15055.39046454  .00000755  00000-0  33226-3 0  9995,2 25985 045.0410 162.3563 0000934 210.8153 149.2639 14.31781131794708
1 25985U 99065F   15056.50687863  .00000744  00000-0  32822-3 0  9993,2 25985 045.0410 157.1194 0000900 216.1714 143.9072 14.31782218794861
1 25985U 99065F   15057.48371686  .00000772  00000-0  33830-3 0  9995,2 25985 045.0412 152.5382 0001089 220.4444 139.6322 14.31830217795008
1 25985U 99065F   15058.53031809  .00000808  00000-0  35133-3 0  9990,2 25985 045.0414 147.6205 0000944 223.8892 136.1880 14.31832782795158
1 25985U 99065F   15059.57691796  .00000780  00000-0  34101-3 0  9995,2 25985 045.0414 142.7114 0001021 227.9926 132.0834 14.31834772795305
1 25985U 99065F   15060.62351573  .00001011  00000-0  42660-3 0  9996,2 25985 045.0413 137.8021 0001075 231.2711 128.8039 14.31838183795451
1 25985U 99065F   15062.50738806  .00001119  00000-0  46683-3 0  9991,2 25985 045.0412 128.9652 0001184 236.0034 124.0700 14.31842532795729
1 25985U 99065F   15063.97261772  .00001086  00000-0  45445-3 0  9994,2 25985 045.0411 122.0921 0001259 240.7136 119.3584 14.31845682795939
1 25985U 99065F   15065.15875376  .00000910  00000-0  38907-3 0  9997,2 25985 045.0411 116.5282 0001318 244.2551 115.8160 14.31847518796104
1 25985U 99065F   15066.20534178  .00000991  00000-0  41917-3 0  9990,2 25985 045.0411 111.6189 0001353 247.2276 112.8427 14.31850679796253
1 25985U 99065F   15067.25192846  .00000906  00000-0  38754-3 0  9999,2 25985 045.0412 106.7096 0001399 250.6886 109.3809 14.31852754796409
1 25985U 99065F   15068.50783024  .00000994  00000-0  42036-3 0  9997,2 25985 045.0412 100.8185 0001438 255.0428 105.0259 14.31856093796589
1 25985U 99065F   15070.11259059  .00000897  00000-0  38422-3 0  9999,2 25985 045.0413 093.2908 0001486 260.5175 099.5503 14.31858952796812
1 25985U 99065F   15071.15917127  .00000898  00000-0  38468-3 0  9992,2 25985 045.0412 088.3811 0001502 261.2939 098.7737 14.31861147796960
1 25985U 99065F   15072.34529408  .00000903  00000-0  38655-3 0  9990,2 25985 045.0411 082.8170 0001497 264.7633 095.3043 14.31863711797130
1 25985U 99065F   15073.46164298  .00000875  00000-0  37592-3 0  9993,2 25985 045.0412 077.5801 0001504 267.2525 092.8149 14.31865971797296
1 25985U 99065F   15074.78730546  .00000813  00000-0  35328-3 0  9991,2 25985 045.0414 071.3613 0001502 271.0267 089.0407 14.31868379797486
1 25985U 99065F   15075.83387950  .00000716  00000-0  31729-3 0  9998,2 25985 045.0416 066.4519 0001482 274.5621 085.5056 14.31870001797630
1 25985U 99065F   15077.15953578  .00001109  00000-0  46250-3 0  9992,2 25985 045.0418 060.2333 0001449 278.7900 081.2782 14.31875366797826
1 25985U 99065F   15078.34564634  .00001195  00000-0  49462-3 0  9998,2 25985 045.0420 054.6693 0001424 281.7966 078.2720 14.31878963797996
1 25985U 99065F   15079.39221422  .00000927  00000-0  39511-3 0  9995,2 25985 045.0420 049.7598 0001382 284.6131 075.4562 14.31879829798147
1 25985U 99065F   15080.85740542  .00000821  00000-0  35597-3 0  9990,2 25985 045.0421 042.8865 0001326 288.5932 071.4770 14.31882705798356
1 25985U 99065F   15082.11327997  .00000806  00000-0  35036-3 0  9997,2 25985 045.0423 036.9951 0001278 290.7616 069.3093 14.31885883798532
1 25985U 99065F   15083.15984022  .00000847  00000-0  36559-3 0  9996,2 25985 045.0424 032.0856 0001226 293.2478 066.8239 14.31888744798680
1 25985U 99065F   15084.27616969  .00000883  00000-0  37888-3 0  9998,2 25985 045.0426 026.8488 0001156 296.2350 063.8377 14.31891429798840
1 25985U 99065F   15085.81111929  .00000972  00000-0  41165-3 0  9997,2 25985 045.0429 019.6483 0001073 299.6817 060.3922 14.31895350799061
1 25985U 99065F   15086.85767302  .00001131  00000-0  47064-3 0  9996,2 25985 045.0429 014.7390 0001024 301.3080 058.7666 14.31898753799216
1 25985U 99065F   15088.11353468  .00001221  00000-0  50383-3 0  9999,2 25985 045.0429 008.8479 0000939 303.3653 056.7103 14.31902449799391
1 25985U 99065F   15089.16008393  .00001318  00000-0  53960-3 0  9990,2 25985 045.0428 003.9385 0000855 305.2431 054.8336 14.31905689799547
1 25985U 99065F   15090.76478747  .00001254  00000-0  51598-3 0  9996,2 25985 045.0427 356.4107 0000741 306.7301 053.3477 14.31910083799779
1 25985U 99065F   15091.81133037  .00001188  00000-0  49143-3 0  9992,2 25985 045.0426 351.5012 0000672 306.4781 053.6004 14.31912923799922
1 25985U 99065F   15093.06717878  .00001213  00000-0  50087-3 0  9990,2 25985 045.0426 345.6098 0000579 305.0106 055.0686 14.31916915800102
1 25985U 99065F   15094.11371680  .00001083  00000-0  45280-3 0  9998,2 25985 045.0426 340.7003 0000509 303.9080 056.1718 14.31919371800258
1 25985U 99065F   15095.16025274  .00000992  00000-0  41907-3 0  9999,2 25985 045.0425 335.7907 0000430 297.8826 062.1977 14.31921897800403
1 25985U 99065F   15096.83470643  .00000919  00000-0  39179-3 0  9995,2 25985 045.0424 327.9355 0000339 284.1628 075.9181 14.31925920800645
1 25985U 99065F   15098.09054330  .00000911  00000-0  38894-3 0  9991,2 25985 045.0423 322.0442 0000290 268.3077 091.7736 14.31929122800825
1 25985U 99065F   15099.06730415  .00001220  00000-0  50326-3 0  9992,2 25985 045.0423 317.4603 0000290 273.1554 086.9325 14.31932955800970
1 25985U 99065F   15100.18359970  .00000737  00000-0  32450-3 0  9991,2 25985 045.0420 312.2250 0000311 239.9447 120.1368 14.31933203801137
1 25985U 99065F   15101.78827124  .00000761  00000-0  33343-3 0  9998,2 25985 045.0418 304.6966 0000390 229.7139 130.3673 14.31937077801365
1 25985U 99065F   15102.97433081  .00000728  00000-0  32135-3 0  9996,2 25985 045.0417 299.1321 0000462 223.7308 136.3502 14.31939438801538
1 25985U 99065F   15104.50922842  .00000735  00000-0  32394-3 0  9990,2 25985 045.0416 291.9308 0000605 220.1108 139.9694 14.31942590801747
1 25985U 99065F   15105.76505018  .00000978  00000-0  41363-3 0  9996,2 25985 045.0416 286.0390 0000706 220.3006 139.7788 14.31946692801923
1 25985U 99065F   15106.81156579  .00001096  00000-0  45705-3 0  9993,2 25985 045.0415 281.1291 0000785 220.5036 139.5752 14.31949880802078
1 25985U 99065F   15107.92784659  .00001188  00000-0  49107-3 0  9994,2 25985 045.0414 275.8918 0000906 220.9242 139.1537 14.31953296802232
1 25985U 99065F   15109.46272869  .00001298  00000-0  53188-3 0  9996,2 25985 045.0414 268.6907 0001032 223.7341 136.3424 14.31958196802454
1 25985U 99065F   15110.85807040  .00001618  00000-0  64984-3 0  9998,2 25985 045.0413 262.1442 0001141 226.5582 133.5170 14.31964479802655
1 25985U 99065F   15112.46270710  .00001706  00000-0  68222-3 0  9992,2 25985 045.0414 254.6154 0001253 230.5621 129.5114 14.31970568802889
1 25985U 99065F   15113.78827185  .00001624  00000-0  65219-3 0  9994,2 25985 045.0415 248.3962 0001330 233.6147 126.4577 14.31974774803074
1 25985U 99065F   15115.81153097  .00001389  00000-0  56581-3 0  9994,2 25985 045.0414 238.9039 0001521 248.7699 111.2984 14.31926725803374
1 25985U 99065F   15117.48597878  .00000853  00000-0  36741-3 0  9999,2 25985 045.0414 231.0486 0001614 252.7034 107.3636 14.31929952803617
1 25985U 99065F   15118.74181170  .00000845  00000-0  36448-3 0  9998,2 25985 045.0413 225.1570 0001666 255.1388 104.9274 14.31932983803798
1 25985U 99065F   15119.71860019  .00000709  00000-0  31469-3 0  9999,2 25985 045.0415 220.5748 0001780 264.4955 095.5689 14.31882337803934
1 25985U 99065F   15120.55584963 -.00002519  00000-0  00000+0 0  9999,2 25985 045.0402 216.6463 0001882 253.4956 106.6158 14.31893266804054
1 25985U 99065F   15121.46287302  .00000402  00000-0  20084-3 0  9993,2 25985 045.0414 212.3925 0001816 268.5568 091.5071 14.31884164804183
1 25985U 99065F   15123.20714277  .00000448  00000-0  21777-3 0  9993,2 25985 045.0412 204.2100 0001860 273.5894 086.4740 14.31886754804434
1 25985U 99065F   15124.32347380  .00000459  00000-0  22192-3 0  9998,2 25985 045.0410 198.9732 0001884 276.1855 083.8777 14.31888290804599
1 25985U 99065F   15125.30027607  .00000396  00000-0  19890-3 0  9995,2 25985 045.0407 194.3909 0001878 283.4567 076.6070 14.31849646804739
1 25985U 99065F   15126.55618065  .00000625  00000-0  28374-3 0  9999,2 25985 045.0408 188.5002 0001911 289.0185 071.0454 14.31852596804918
1 25985U 99065F   15127.53296664 -.00000775  00000-0  00000+0 0  9994,2 25985 045.0418 183.9257 0002342 276.4391 083.6670 14.31872509805059
1 25985U 99065F   15127.60272208 -.00000162  00000-0  00000+0 0  9990,2 25985 045.0397 183.5933 0001823 284.2481 075.8644 14.31882417805066
1 25985U 99065F   15128.16094499  .00000599  00000-0  27382-3 0  9995,2 25985 045.0407 180.9726 0001911 293.8166 066.2480 14.31855050805147
1 25985U 99065F   15129.27730094  .00000619  00000-0  28151-3 0  9994,2 25985 045.0406 175.7359 0001924 295.9967 064.0681 14.31856921805301
1 25985U 99065F   15130.46342773  .00000731  00000-0  32269-3 0  9990,2 25985 045.0404 170.1719 0001907 299.4044 060.6612 14.31859441805478
1 25985U 99065F   15131.51000811  .00000886  00000-0  38003-3 0  9994,2 25985 045.0403 165.2624 0001890 302.5617 057.5046 14.31862179805625
1 25985U 99065F   15133.46362072  .00001151  00000-0  47811-3 0  9993,2 25985 045.0402 156.0979 0001832 308.7701 051.2981 14.31867297805909
1 25985U 99065F   15134.57996720  .00001284  00000-0  52759-3 0  9993,2 25985 045.0402 150.8610 0001789 312.5124 047.5571 14.31870617806067
1 25985U 99065F   15136.04516861  .00001117  00000-0  46580-3 0  9991,2 25985 045.0403 143.9875 0001730 317.6053 042.4660 14.31873491806276
1 25985U 99065F   15137.09173901  .00001074  00000-0  44960-3 0  9993,2 25985 045.0404 139.0781 0001682 321.4778 038.5949 14.31875997806428
1 25985U 99065F   15138.41739254  .00000848  00000-0  36610-3 0  9990,2 25985 045.0404 132.8594 0001618 327.2555 032.8191 14.31878122806617
1 25985U 99065F   15139.53372995  .00000805  00000-0  35020-3 0  9996,2 25985 045.0406 127.6226 0001562 332.1713 027.9050 14.31880604806776
1 25985U 99065F   15140.78960815  .00000700  00000-0  31106-3 0  9994,2 25985 045.0406 121.7312 0001478 337.0149 023.0631 14.31882593806951
1 25985U 99065F   15142.11525538  .00000678  00000-0  30285-3 0  9993,2 25985 045.0407 115.5123 0001381 342.5471 017.5328 14.31884898807148
1 25985U 99065F   15143.16181774  .00000533  00000-0  24930-3 0  9999,2 25985 045.0408 110.6027 0001302 347.9289 012.1526 14.31885913807293
1 25985U 99065F   15144.34792019  .00000452  00000-0  21926-3 0  9992,2 25985 045.0409 105.0386 0001209 354.6873 005.3960 14.31887486807462
1 25985U 99065F   15146.09218629  .00000329  00000-0  17378-3 0  9995,2 25985 045.0413 096.8560 0001067 004.5158 355.5698 14.31889508807710
1 25985U 99065F   15147.13874484  .00000315  00000-0  16877-3 0  9996,2 25985 045.0416 091.9466 0000994 012.3698 347.7172 14.31890857807863
1 25985U 99065F   15148.25507302  .00000334  00000-0  17579-3 0  9993,2 25985 045.0417 086.7099 0000913 020.9215 339.1668 14.31892351808024
1 25985U 99065F   15149.79002276  .00000384  00000-0  19412-3 0  9996,2 25985 045.0419 079.5094 0000826 035.2740 324.8161 14.31894303808248
1 25985U 99065F   15150.83657831  .00000387  00000-0  19523-3 0  9992,2 25985 045.0420 074.6000 0000789 046.1775 313.9137 14.31895450808392
1 25985U 99065F   15152.16221370  .00000401  00000-0  20040-3 0  9998,2 25985 045.0421 068.3815 0000747 061.1682 298.9239 14.31897064808584
1 25985U 99065F   15153.20876690  .00000332  00000-0  17491-3 0  9994,2 25985 045.0422 063.4721 0000740 074.1639 285.9289 14.31897965808734
1 25985U 99065F   15155.16233036  .00000384  00000-0  19397-3 0  9996,2 25985 045.0423 054.3077 0000770 097.2218 262.8716 14.31900683809013
1 25985U 99065F   15156.20888109  .00000418  00000-0  20659-3 0  9990,2 25985 045.0425 049.3984 0000818 108.7560 251.3375 14.31902108809161
1 25985U 99065F   15157.81359001  .00000540  00000-0  25199-3 0  9992,2 25985 045.0426 041.8705 0000900 124.9564 235.1367 14.31904690809390
1 25985U 99065F   15159.06944703  .00000674  00000-0  30152-3 0  9993,2 25985 045.0427 035.9792 0001001 135.4876 224.6050 14.31907048809579
1 25985U 99065F   15160.11599265  .00000820  00000-0  35542-3 0  9991,2 25985 045.0427 031.0699 0001108 143.6709 216.4213 14.31909459809721
1 25985U 99065F   15161.79046339  .00000803  00000-0  34905-3 0  9998,2 25985 045.0425 023.2145 0001261 155.7447 204.3458 14.31912033809966
1 25985U 99065F   15162.97654403  .00000862  00000-0  37102-3 0  9993,2 25985 045.0424 017.6505 0001375 162.6024 197.4869 14.31914637810137
1 25985U 99065F   15164.09285312  .00000901  00000-0  38521-3 0  9997,2 25985 045.0425 012.4135 0001498 168.7922 191.2958 14.31917195810290
1 25985U 99065F   15165.55800668  .00000824  00000-0  35691-3 0  9995,2 25985 045.0426 005.5401 0001648 176.9668 183.1188 14.31919700810508
1 25985U 99065F   15166.04639065 +.00000750 +00000-0 +32929-3 0  9990,2 25985 045.0427 003.2490 0001708 179.0335 181.0515 14.31920250810394
1 25985U 99065F   15167.93015396  .00000677  00000-0  30251-3 0  9998,2 25985 045.0427 354.4087 0001708 188.3893 171.6910 14.31923075810841
1 25985U 99065F   15168.97669091  .00000622  00000-0  28199-3 0  9998,2 25985 045.0422 349.5036 0001849 191.7467 168.3336 14.31915273810998
1 25985U 99065F   15170.51162010  .00000321  00000-0  17093-3 0  9997,2 25985 045.0423 342.3016 0002202 199.8255 160.2506 14.31911985811218
1 25985U 99065F   15171.83723979  .00000352  00000-0  18227-3 0  9994,2 25985 045.0425 336.0829 0002308 206.2150 153.8580 14.31913263811408
1 25985U 99065F   15172.88378087  .00000297  00000-0  16201-3 0  9994,2 25985 045.0425 331.1732 0002406 210.3516 149.7191 14.31914200811558
1 25985U 99065F   15174.48847523  .00000323  00000-0  17158-3 0  9990,2 25985 045.0426 323.6450 0002553 216.8926 143.1745 14.31916209811780
1 25985U 99065F   15175.74432125  .00000442  00000-0  21535-3 0  9994,2 25985 045.0426 317.7537 0002672 221.6958 138.3685 14.31918302811966
1 25985U 99065F   15176.79085886  .00000362  00000-0  18578-3 0  9992,2 25985 045.0426 312.8441 0002783 225.6680 134.3938 14.31918997812110
1 25985U 99065F   15178.46531776  .00000300  00000-0  16291-3 0  9994,2 25985 045.0425 304.9889 0002900 232.1275 127.9309 14.31920397812354
1 25985U 99065F   15179.72116081  .00000227  00000-0  13584-3 0  9992,2 25985 045.0423 299.0976 0002988 236.8586 123.1973 14.31921292812535
1 25985U 99065F   15181.46538611  .00000116  00000-0  94972-4 0  9991,2 25985 045.0422 290.9151 0003103 243.3376 116.7152 14.31922248812785
1 25985U 99065F   15182.72121601  .00000128  00000-0  99483-4 0  9993,2 25985 045.0421 285.0238 0003160 248.0985 111.9526 14.31923250812962
1 25985U 99065F   15184.39567027  .00000168  00000-0  11405-3 0  9995,2 25985 045.0420 277.1683 0003266 254.0240 106.0247 14.31924527813206
1 25985U 99065F   15185.44220370  .00000246  00000-0  14285-3 0  9995,2 25985 045.0419 272.2587 0003326 257.8859 102.1614 14.31925511813352
1 25985U 99065F   15186.48873607  .00000427  00000-0  21004-3 0  9995,2 25985 045.0418 267.3492 0003361 261.8129 098.2336 14.31927240813509
1 25985U 99065F   15187.53526782  .00000355  00000-0  18333-3 0  9992,2 25985 045.0416 262.4397 0003390 265.5670 094.4790 14.31927696813654
1 25985U 99065F   15188.58179882  .00000379  00000-0  19233-3 0  9999,2 25985 045.0414 257.5302 0003411 269.4932 090.5523 14.31928783813807
1 25985U 99065F   15190.18647809  .00000470  00000-0  22575-3 0  9992,2 25985 045.0411 250.0020 0003445 275.5367 084.5087 14.31930954814033
1 25985U 99065F   15191.44230660  .00000242  00000-0  14142-3 0  9993,2 25985 045.0407 244.1099 0003472 279.0885 080.9568 14.31946297814213
1 25985U 99065F   15192.48882421 -.00000124  00000-0  62134-5 0  9992,2 25985 045.0408 239.2004 0003452 282.9712 077.0749 14.31946738814369
1 25985U 99065F   15193.53534045  .00000392  00000-0  19680-3 0  9997,2 25985 045.0407 234.2905 0003439 286.5938 073.4531 14.31948713814519
1 25985U 99065F   15195.13999759  .00000427  00000-0  20992-3 0  9999,2 25985 045.0406 226.7620 0003446 292.9876 067.0607 14.31950560814749
1 25985U 99065F   15196.46558254  .00000412  00000-0  20438-3 0  9996,2 25985 045.0405 220.5429 0003415 298.2744 061.7757 14.31951906814939
1 25985U 99065F   15197.51209585  .00000302  00000-0  16371-3 0  9992,2 25985 045.0404 215.6331 0003381 302.4542 057.5977 14.31952589815083
1 25985U 99065F   15199.04698083  .00000233  00000-0  13803-3 0  9997,2 25985 045.0403 208.4319 0003331 308.6450 051.4098 14.31954016815308
1 25985U 99065F   15200.16326011  .00000179  00000-0  11795-3 0  9999,2 25985 045.0403 203.1947 0003287 313.4177 046.6396 14.31954906815469
1 25985U 99065F   15201.41907361  .00000107  00000-0  91593-4 0  9997,2 25985 045.0403 197.3030 0003231 319.1577 040.9027 14.31955672815641
1 25985U 99065F   15203.16325785  .00000149  00000-0  10710-3 0  9992,2 25985 045.0404 189.1197 0003132 326.4784 033.5863 14.31957131815891
1 25985U 99065F   15204.41906935  .00000199  00000-0  12564-3 0  9997,2 25985 045.0405 183.2280 0003053 332.1416 027.9267 14.31958318816072
1 25985U 99065F   15205.74464719  .00000181  00000-0  11878-3 0  9991,2 25985 045.0406 177.0088 0002963 338.1819 021.8901 14.31959227816261
1 25985U 99065F   15206.79115533  .00000186  00000-0  12070-3 0  9994,2 25985 045.0407 172.0989 0002886 343.6533 016.4220 14.31960129816419
1 25985U 99065F   15208.11673124  .00000140  00000-0  10359-3 0  9995,2 25985 045.0408 165.8796 0002766 350.1905 009.8887 14.31961135816603
1 25985U 99065F   15209.16323787  .00000170  00000-0  11472-3 0  9998,2 25985 045.0409 160.9699 0002702 355.8884 004.1939 14.31962282816756
1 25985U 99065F   15210.27951089  .00000194  00000-0  12380-3 0  9999,2 25985 045.0410 155.7327 0002618 002.2884 357.7974 14.31963413816918
1 25985U 99065F   15211.81438530  .00000245  00000-0  14260-3 0  9997,2 25985 045.0412 148.5315 0002504 010.8943 349.1957 14.31964834817131
1 25985U 99065F   15212.86088950  .00000319  00000-0  17002-3 0  9999,2 25985 045.0412 143.6216 0002439 017.4716 342.6214 14.31966085817285
1 25985U 99065F   15214.18645995  .00000363  00000-0  18597-3 0  9993,2 25985 045.0413 137.4023 0002336 025.6177 334.4785 14.31967564817477
1 25985U 99065F   15215.23296219  .00000371  00000-0  18894-3 0  9990,2 25985 045.0414 132.4925 0002280 032.7374 327.3613 14.31968653817628
1 25985U 99065F   15216.76783049  .00000335  00000-0  17564-3 0  9994,2 25985 045.0415 125.2916 0002208 043.0964 317.0055 14.31970152817846
1 25985U 99065F   15217.81433050  .00000317  00000-0  16905-3 0  9993,2 25985 045.0416 120.3818 0002166 050.3258 309.7779 14.31971286817990
1 25985U 99065F   15219.13989584  .00000303  00000-0  16403-3 0  9996,2 25985 045.0417 114.1629 0002118 059.5221 300.5834 14.31972759818189
1 25985U 99065F   15220.18639404  .00000341  00000-0  17795-3 0  9993,2 25985 045.0417 109.2531 0002101 067.6078 292.4990 14.31974024818334
1 25985U 99065F   15221.79102241  .00000398  00000-0  19903-3 0  9990,2 25985 045.0417 101.7244 0002086 080.0853 280.0228 14.31976019818562
1 25985U 99065F   15222.83751861  .00000349  00000-0  18103-3 0  9991,2 25985 045.0417 096.8146 0002100 088.2348 271.8739 14.31976701818713
1 25985U 99065F   15224.09331273  .00000288  00000-0  15835-3 0  9993,2 25985 045.0416 090.9226 0002135 098.1226 261.9863 14.31977607818892
1 25985U 99065F   15225.13980703  .00000248  00000-0  14371-3 0  9997,2 25985 045.0417 086.0126 0002174 105.9710 254.1376 14.31978442819045
1 25985U 99065F   15226.39559946  .00000186  00000-0  12057-3 0  9997,2 25985 045.0418 080.1207 0002224 114.8964 245.2114 14.31979268819214
1 25985U 99065F   15227.79092350  .00000170  00000-0  11495-3 0  9991,2 25985 045.0419 073.5740 0002314 124.8102 235.2962 14.31980319819419
1 25985U 99065F   15229.04671398  .00000252  00000-0  14525-3 0  9994,2 25985 045.0420 067.6823 0002403 133.4114 226.6933 14.31981730819594
1 25985U 99065F   15230.51180199  .00000231  00000-0  13721-3 0  9996,2 25985 045.0421 060.8085 0002536 143.3567 216.7453 14.31982584819808
1 25985U 99065F   15231.83735714  .00000156  00000-0  10951-3 0  9999,2 25985 045.0421 054.5893 0002669 151.4948 208.6045 14.31982977819998
1 25985U 99065F   15232.88384725  .00000173  00000-0  11591-3 0  9997,2 25985 045.0422 049.6794 0002763 157.7050 202.3917 14.31983756820146
1 25985U 99065F   15235.46518748  .00000123  00000-0  97316-4 0  9993,2 25985 045.0425 037.5681 0002985 171.9829 188.1065 14.31985217820518
1 25985U 99065F   15236.51167592  .00000120  00000-0  96347-4 0  9997,2 25985 045.0427 032.6581 0003079 177.4193 182.6670 14.31985883820661
1 25985U 99065F   15236.86050522 +.00000127 +00000-0 +98972-4 0  9992,2 25985 045.0427 031.0216 0003134 179.4057 180.6794 14.31986160820543
1 25985U 99065F   15237.83722733  .00000152  00000-0  10806-3 0  9997,2 25985 045.0429 026.4391 0003227 184.5011 175.5806 14.31986810820850
1 25985U 99065F   15239.51160642 +.00000211 +00000-0 +12992-3 0  9993,2 25985 045.0430 018.5834 0003413 193.3466 166.7290 14.31988177820920
1 25985U 99065F   15240.48832639  .00000282  00000-0  15612-3 0  9993,2 25985 045.0430 014.0009 0003498 198.2115 161.8606 14.31989363821233
1 25985U 99065F   15241.67434266  .00000307  00000-0  16551-3 0  9990,2 25985 045.0429 008.4364 0003609 203.8211 156.2469 14.31990583821406
1 25985U 99065F   15241.81387393 +.00000304 +00000-0 +16426-3 0  9992,2 25985 045.0429 007.7817 0003609 204.3149 155.7528 14.31990703821254
1 25985U 99065F   15242.72082688  .00000259  00000-0  14752-3 0  9991,2 25985 045.0429 003.5264 0003692 208.5143 151.5501 14.31991369821553
1 25985U 99065F   15243.69754488 +.00000245 +00000-0 +14251-3 0  9991,2 25985 045.0429 358.9438 0003789 212.9461 147.1150 14.31992292821526
1 25985U 99065F   15244.18590366  .00000245  00000-0  14229-3 0  9994,2 25985  45.0430 356.6524 0003834 215.2859 144.7734 14.31992778821763
1 25985U 99065F   15245.51144846  .00000202  00000-0  12669-3 0  9999,2 25985  45.0430 350.4331 0003940 221.1743 138.8807 14.31993790821958
1 25985U 99065F   15246.41839973 +.00000192 +00000-0 +12269-3 0  9995,2 25985 045.0431 346.1779 0004012 225.3048 134.7472 14.31994449821913
1 25985U 99065F   15247.18581962  .00000222  00000-0  13374-3 0  9994,2 25985  45.0431 342.5774 0004072 228.7807 131.2689 14.31995164822192
1 25985U 99065F   15248.23230074  .00000255  00000-0  14598-3 0  9991,2 25985  45.0430 337.6676 0004149 233.4588 126.5877 14.31996096822349
1 25985U 99065F   15249.48807111  .00000005  00000-0  53906-4 0  9991,2 25985  45.0428 331.7759 0004232 238.0329 122.0106 14.32003123822527
1 25985U 99065F   15249.69736631 +.00000005 +00000-0 +53876-4 0  9998,2 25985 045.0428 330.7940 0004233 239.0217 121.0213 14.32003184822385
1 25985U 99065F   15250.67407654 -.00000000  00000-0  51832-4 0  9994,2 25985  45.0426 326.2114 0004282 243.0131 117.0279 14.32003732822690
1 25985U 99065F   15252.13914018 -.00000008  00000-0  49052-4 0  9993,2 25985  45.0425 319.3375 0004383 249.2799 110.7577 14.32005778822908
1 25985U 99065F   15253.18561359 -.00000018  00000-0  45212-4 0  9990,2 25985  45.0424 314.4275 0004423 253.4804 106.5557 14.32006438823053
1 25985U 99065F   15254.51114521  .00000274  00000-0  15296-3 0  9994,2 25985  45.0423 308.2082 0004480 259.4162 100.6180 14.32008221823245
1 25985U 99065F   15254.92973392 +.00000305 +00000-0 +16438-3 0  9992,2 25985 045.0423 306.2442 0004496 261.2398 098.7939 14.32008829823133
1 25985U 99065F   15255.55761695  .00000298  00000-0  16178-3 0  9995,2 25985  45.0421 303.2982 0004510 263.8074  96.2259 14.32009383823395
1 25985U 99065F   15257.16220588  .00000293  00000-0  16024-3 0  9990,2 25985  45.0420 295.7695 0004555 270.6617  89.3707 14.32010791823620
1 25985U 99065F   15258.20867615  .00000307  00000-0  16531-3 0  9993,2 25985  45.0418 290.8594 0004567 275.0303  85.0022 14.32011763823774
1 25985U 99065F   15259.46443967  .00000272  00000-0  15216-3 0  9992,2 25985  45.0416 284.9674 0004563 280.3152  79.7180 14.32012686823952
1 25985U 99065F   15259.53420428 +.00000269 +00000-0 +15114-3 0  9990,2 25985 045.0416 284.6401 0004563 280.6488 079.3844 14.32012738823795
1 25985U 99065F   15260.51090851  .00000263  00000-0  14910-3 0  9990,2 25985  45.0415 280.0573 0004559 284.7914  75.2427 14.32013621824108
1 25985U 99065F   15262.18525737  .00000304  00000-0  16402-3 0  9995,2 25985  45.0413 272.2009 0004542 291.8993  68.1370 14.32015429824343
1 25985U 99065F   15263.44101809  .00000336  00000-0  17612-3 0  9994,2 25985  45.0412 266.3088 0004520 297.6675  62.3713 14.32016754824529
1 25985U 99065F   15265.18512816  .00000346  00000-0  17966-3 0  9994,2 25985  45.0412 258.1250 0004465 305.1109  54.9319 14.32018444824778
1 25985U 99065F   15266.44088605  .00000378  00000-0  19130-3 0  9998,2 25985  45.0412 252.2327 0004412 310.7471  49.2992 14.32019840824959
1 25985U 99065F   15266.92923599 +.00000379 +00000-0 +19192-3 0  9990,2 25985 045.0412 249.9412 0004395 312.9232 047.1245 14.32020354824855
1 25985U 99065F   15268.18499210  .00000412  00000-0  20399-3 0  9997,2 25985  45.0412 244.0490 0004324 318.6377  41.4141 14.32021959825206
1 25985U 99065F   15268.95239789 +.00000433 +00000-0 +21175-3 0  9991,2 25985 045.0411 240.4482 0004286 322.3927 037.6619 14.32023030825148
1 25985U 99065F   15269.37098266  .00000401  00000-0  19985-3 0  9992,2 25985  45.0411 238.4842 0004253 324.3499  35.7063 14.32023409825372
1 25985U 99065F   15269.92909541 +.00000410 +00000-0 +20322-3 0  9997,2 25985 045.0411 235.8654 0004223 326.9293 033.1289 14.32024185825285
1 25985U 99065F   15271.18484839  .00000409  00000-0  20295-3 0  9993,2 25985  45.0411 229.9732 0004139 332.8159  27.2470 14.32025782825638
1 25985U 99065F   15272.30107224  .00000426  00000-0  20922-3 0  9994,2 25985  45.0411 224.7357 0004065 338.2231  21.8442 14.32027238825797
1 25985U 99065F   15272.92894761 +.00000439 +00000-0 +21411-3 0  9999,2 25985 045.0411 221.7894 0004027 341.4110 018.6588 14.32028074825716
1 25985U 99065F   15273.83587802  .00000490  00000-0  23260-3 0  9996,2 25985  45.0412 217.5339 0003960 345.6641  14.4093 14.32029432826012
1 25985U 99065F   15273.90564183 +.00000500 +00000-0 +23652-3 0  9998,2 25985 045.0412 217.2065 0003954 346.0745 013.9992 14.32029593825859
1 25985U 99065F   15274.88233508  .00000571  00000-0  26269-3 0  9995,2 25985  45.0412 212.6237 0003885 351.0851   8.9926 14.32031199826167
1 25985U 99065F   15276.20784612  .00000580  00000-0  26581-3 0  9997,2 25985  45.0413 206.4043 0003793 358.1734   1.9098 14.32032924826351
1 25985U 99065F   15277.25430083  .00000530  00000-0  24755-3 0  9999,2 25985  45.0413 201.4942 0003722   3.7776 356.3098 14.32034137826507
1 25985U 99065F   15278.78909906  .00000413  00000-0  20424-3 0  9992,2 25985  45.0413 194.2926 0003608  12.1892 347.9041 14.32035759826723
1 25985U 99065F   15279.83555141  .00000350  00000-0  18123-3 0  9990,2 25985  45.0413 189.3826 0003536  18.0952 342.0020 14.32036878826871
1 25985U 99065F   15279.90531485 +.00000347 +00000-0 +18008-3 0  9991,2 25985 045.0413 189.0553 0003531 018.5090 341.5884 14.32036964826719
1 25985U 99065F   15281.16105620  .00000371  00000-0  18873-3 0  9997,2 25985  45.0412 183.1633 0003458  25.8977 334.2042 14.32038754827068
1 25985U 99065F   15282.13775206  .00000299  00000-0  16243-3 0  9996,2 25985  45.0412 178.5800 0003180  34.5047 325.6005 14.31987725827208
1 25985U 99065F   15283.18423974  .00000282  00000-0  15615-3 0  9998,2 25985  45.0411 173.6703 0003138  41.2293 318.8790 14.31988699827358
1 25985U 99065F   15283.88189786 +.00000229 +00000-0 +13672-3 0  9997,2 25985 045.0410 170.3969 0003100 045.8460 314.2641 14.31989122827289
1 25985U 99065F   15284.85861869  .00000254  00000-0  14583-3 0  9994,2 25985  45.0409 165.8143 0003063  52.0924 308.0199 14.31989927827599
1 25985U 99065F   15286.04463948  .00000254  00000-0  14602-3 0  9995,2 25985  45.0407 160.2496 0002877  63.8727 296.2415 14.31939037827765
1 25985U 99065F   15287.09116202  .00000233  00000-0  13799-3 0  9992,2 25985  45.0406 155.3401 0002877  70.5680 289.5478 14.31940447827916
1 25985U 99065F   15287.85861125 +.00000239 +00000-0 +14026-3 0  9997,2 25985 045.0406 151.7396 0002859 075.3569 284.7594 14.31941268827859
1 25985U 99065F   15288.06791626  .00000319  00000-0  17014-3 0  9998,2 25985  45.0380 150.7565 0002484  98.8455 261.2672 14.31911445828059
1 25985U 99065F   15289.11446137  .00000337  00000-0  17683-3 0  9991,2 25985  45.0405 145.8478 0002798  86.9118 273.2048 14.31913185828207
1 25985U 99065F   15290.50985045  .00000217  00000-0  13248-3 0  9992,2 25985  45.0404 139.3015 0002806  96.5547 263.5618 14.31914118828408
1 25985U 99065F   15290.92846685 +.00000241 +00000-0 +14102-3 0  9991,2 25985 045.0403 137.3376 0002816 099.3734 260.7431 14.31914578828294
1 25985U 99065F   15291.83546846  .00000335  00000-0  17613-3 0  9992,2 25985  45.0403 133.0825 0002854 105.7892 254.3269 14.31915770828591
1 25985U 99065F   15291.90523772 +.00000343 +00000-0 +17895-3 0  9994,2 25985 045.0403 132.7552 0002853 106.2036 253.9124 14.31915895828435
1 25985U 99065F   15292.88200788 +.00000418 +00000-0 +20658-3 0  9995,2 25985 045.0402 128.1727 0002902 113.0212 247.0941 14.31917162828748
1 25985U 99065F   15293.99831548  .00000470  00000-0  22574-3 0  9999,2 25985  45.0402 122.9355 0002954 120.3925 239.7214 14.31918565828903
1 25985U 99065F   15294.76577627 +.00000489 +00000-0 +23276-3 0  9990,2 25985 045.0402 119.3349 0002990 125.3214 234.7912 14.31919517828843
1 25985U 99065F   15295.74254346  .00000502  00000-0  23766-3 0  9999,2 25985  45.0402 114.7524 0003054 131.7162 228.3946 14.31920858829153
1 25985U 99065F   15295.88208150 +.00000535 +00000-0 +24997-3 0  9999,2 25985 045.0403 114.0978 0003060 132.4955 227.6151 14.31921241829006
1 25985U 99065F   15296.85884775  .00000514  00000-0  24228-3 0  9994,2 25985  45.0404 109.5153 0003126 138.5481 221.5603 14.31922450829317
1 25985U 99065F   15296.92861671 +.00000514 +00000-0 +24214-3 0  9997,2 25985 045.0404 109.1880 0003130 138.9730 221.1352 14.31922554829150
1 25985U 99065F   15297.90538177  .00000509  00000-0  24034-3 0  9992,2 25985  45.0406 104.6055 0003198 144.8865 215.2193 14.31923929829463
1 25985U 99065F   15299.51006538  .00000439  00000-0  21443-3 0  9995,2 25985  45.0408  97.0770 0003323 154.7892 205.3117 14.31925733829690
1 25985U 99065F   15299.85890943 +.00000445 +00000-0 +21669-3 0  9990,2 25985 045.0409 095.4405 0003352 156.7743 203.3255 14.31926202829577
1 25985U 99065F   15300.83567219  .00000416  00000-0  20577-3 0  9993,2 25985  45.0410  90.8581 0003428 162.2304 197.8663 14.31927196829889
1 25985U 99065F   15300.90544097 +.00000424 +00000-0 +20873-3 0  9998,2 25985 045.0411 090.5308 0003432 162.6054 197.4911 14.31927305829722
1 25985U 99065F   15301.88220296  .00000409  00000-0  20338-3 0  9997,2 25985  45.0412  85.9483 0003520 168.1580 191.9350 14.31928289830032
1 25985U 99065F   15303.48688158  .00000419  00000-0  20712-3 0  9997,2 25985  45.0413  78.4198 0003659 177.0153 183.0716 14.31930091830268
1 25985U 99065F   15303.83572444 +.00000446 +00000-0 +21705-3 0  9999,2 25985 045.0414 076.7834 0003682 178.8920 181.1935 14.31930650830144
1 25985U 99065F   15304.74271556  .00000416  00000-0  20579-3 0  9995,2 25985  45.0415  72.5282 0003763 183.7989 176.2829 14.31931508830449
1 25985U 99065F   15305.78924263  .00000541  00000-0  25219-3 0  9995,2 25985  45.0417  67.6185 0003849 189.0952 170.9825 14.31933480830596
1 25985U 99065F   15305.85901110 +.00000451 +00000-0 +21878-3 0  9996,2 25985 045.0417 067.2911 0003858 189.4222 170.6552 14.31933085830431
1 25985U 99065F   15306.83576891  .00000554  00000-0  25686-3 0  9994,2 25985  45.0419  62.7088 0003943 194.4582 165.6152 14.31934848830740
1 25985U 99065F   15308.09159930  .00000492  00000-0  23407-3 0  9995,2 25985  45.0422  56.8173 0004048 200.8119 159.2563 14.31936064830925
1 25985U 99065F   15309.41719648  .00000479  00000-0  22894-3 0  9994,2 25985  45.0424  50.5985 0004161 207.2584 152.8045 14.31937607831112
1 25985U 99065F   15309.69626929 +.00000493 +00000-0 +23425-3 0  9990,2 25985 045.0424 049.2894 0004181 208.5860 151.4758 14.31938050830982
1 25985U 99065F   15310.67302404  .00000463  00000-0  22317-3 0  9995,2 25985  45.0425  44.7071 0004261 212.9812 147.0769 14.31939021831292
1 25985U 99065F   15312.20792151  .00000558  00000-0  25813-3 0  9997,2 25985  45.0426  37.5064 0004369 220.3128 139.7395 14.31941697831517
1 25985U 99065F   15313.46374482  .00000585  00000-0  26816-3 0  9993,2 25985  45.0427  31.6150 0004445 225.9685 134.0796 14.31943826831691
1 25985U 99065F   15313.67304856 +.00000581 +00000-0 +26694-3 0  9994,2 25985 045.0427 030.6332 0004453 226.9764 133.0710 14.31944149831559
1 25985U 99065F   15315.13817300  .00000631  00000-0  28524-3 0  9990,2 25985  45.0428  23.7597 0004544 233.7548 126.2879 14.31946907831939
1 25985U 99065F   15316.46376014  .00000562  00000-0  25956-3 0  9998,2 25985  45.0429  17.5409 0004614 239.6784 120.3606 14.31948711832128
1 25985U 99065F   15316.53352785 +.00000560 +00000-0 +25901-3 0  9993,2 25985 045.0429 017.2136 0004615 240.0238 120.0151 14.31948812831968
1 25985U 99065F   15317.58004265  .00000521  00000-0  24455-3 0  9996,2 25985  45.0429  12.3040 0004671 244.6742 115.3620 14.31950249832281
1 25985U 99065F   15319.18469615  .00000524  00000-0  24555-3 0  9992,2 25985  45.0429   4.7759 0004754 251.8594 108.1735 14.31952743832514
1 25985U 99065F   15320.51027713  .00000612  00000-0  27811-3 0  9996,2 25985  45.0427 358.5570 0004790 257.4790 102.5521 14.31955360832703
1 25985U 99065F   15320.58004455 +.00000609 +00000-0 +27719-3 0  9994,2 25985 045.0427 358.2297 0004792 257.7739 102.2570 14.31955454832541
1 25985U 99065F   15321.55678696  .00000662  00000-0  29678-3 0  9991,2 25985  45.0427 353.6474 0004820 262.0484  97.9816 14.31957420832857
1 25985U 99065F   15323.16143258  .00000644  00000-0  28979-3 0  9994,2 25985  45.0425 346.1190 0004849 269.0483  90.9807 14.31960309833083
1 25985U 99065F   15324.48700724  .00000605  00000-0  27571-3 0  9991,2 25985  45.0424 339.8998 0004852 274.8782  85.1510 14.31962586833274
1 25985U 99065F   15326.16141447  .00000543  00000-0  25245-3 0  9996,2 25985  45.0425 332.0439 0004860 282.2541  77.7761 14.31965273833513
1 25985U 99065F   15327.48698467  .00000613  00000-0  27831-3 0  9992,2 25985  45.0424 325.8249 0004841 288.0824  71.9495 14.31967885833700
1 25985U 99065F   15329.16138716  .00000534  00000-0  24919-3 0  9991,2 25985  45.0423 317.9690 0004804 295.4236  64.6113 14.31969962833949
1 25985U 99065F   15330.41718720  .00000538  00000-0  25076-3 0  9999,2 25985  45.0422 312.0773 0004758 301.0130  59.0249 14.31971874834125
1 25985U 99065F   15330.90555342 +.00000522 +00000-0 +24489-3 0  9992,2 25985 045.0422 309.7860 0004744 303.1733 056.8658 14.31972517834025
1 25985U 99065F   15332.16135167  .00000435  00000-0  21272-3 0  9991,2 25985  45.0421 303.8941 0004683 308.7570  51.2858 14.31973863834375
1 25985U 99065F   15333.34738234  .00000447  00000-0  21727-3 0  9994,2 25985  45.0420 298.3296 0004624 314.2807  45.7660 14.31975507834540
1 25985U 99065F   15333.90551397 +.00000396 +00000-0 +19821-3 0  9994,2 25985 045.0420 295.7108 0004601 316.7972 043.2513 14.31975947834456
1 25985U 99065F   15334.88224360  .00000485  00000-0  23115-3 0  9999,2 25985  45.0421 291.1282 0004548 321.3436  38.7084 14.31977678834766
1 25985U 99065F   15334.95201019 +.00000423 +00000-0 +20822-3 0  9997,2 25985 045.0421 290.8009 0004542 321.6753 038.3771 14.31977378834607
1 25985U 99065F   15336.06827195  .00000444  00000-0  21612-3 0  9991,2 25985  45.0421 285.5637 0004476 326.9518  33.1048 14.31978771834932
1 25985U 99065F   15337.18453290  .00000411  00000-0  20384-3 0  9995,2 25985  45.0421 280.3266 0004407 332.3763  27.6849 14.31979791835098
1 25985U 99065F   15337.95196173 +.00000377 +00000-0 +19110-3 0  9990,2 25985 045.0420 276.7261 0004359 336.0741 023.9903 14.31980441835032
1 25985U 99065F   15338.85892248  .00000386  00000-0  19440-3 0  9992,2 25985  45.0420 272.4709 0004299 340.5365  19.5317 14.31981488835332
1 25985U 99065F   15338.92868872 +.00000351 +00000-0 +18152-3 0  9997,2 25985 045.0420 272.1436 0004291 340.8495 019.2190 14.31981373835176
1 25985U 99065F   15340.18447934  .00000383  00000-0  19329-3 0  9992,2 25985  45.0418 266.2519 0004200 347.2966  12.7774 14.31983003835520
1 25985U 99065F   15341.23097063  .00000400  00000-0  19955-3 0  9998,2 25985  45.0417 261.3421 0004122 352.7754   7.3032 14.31984316835677
1 25985U 99065F   15341.92863103 +.00000392 +00000-0 +19685-3 0  9990,2 25985 045.0416 258.0688 0004067 356.4070 003.6747 14.31985080835608
1 25985U 99065F   15342.83558921  .00000381  00000-0  19274-3 0  9992,2 25985  45.0415 253.8135 0003999   1.1223 358.9631 14.31985960835902
1 25985U 99065F   15342.90535526 +.00000318 +00000-0 +16928-3 0  9999,2 25985 045.0415 253.4862 0003992 001.5260 358.5598 14.31985687835749
1 25985U 99065F   15344.09137677  .00000325  00000-0  17186-3 0  9991,2 25985  45.0413 247.9217 0003917   8.0872 352.0037 14.31986833836086
1 25985U 99065F   15344.85880168 +.00000424 +00000-0 +20845-3 0  9991,2 25985 045.0413 244.3210 0003863 012.3276 347.7665 14.31988120836029
1 25985U 99065F   15345.83552391  .00000399  00000-0  19918-3 0  9994,2 25985  45.0411 239.7385 0003791  17.8394 342.2585 14.31988854836338
1 25985U 99065F   15345.90528979 +.00000387 +00000-0 +19477-3 0  9994,2 25985 045.0411 239.4111 0003785 018.2511 341.8471 14.31988844836171
1 25985U 99065F   15347.09130839  .00000367  00000-0  18746-3 0  9996,2 25985  45.0410 233.8466 0003709  25.2036 334.8991 14.31989897836513
1 25985U 99065F   15347.85873155 +.00000371 +00000-0 +18895-3 0  9995,2 25985 045.0409 230.2459 0003663 029.7499 330.3556 14.31990722836455
1 25985U 99065F   15348.69592002  .00000367  00000-0  18742-3 0  9993,2 25985  45.0407 226.3179 0003621  34.7616 325.3466 14.31991574836741
1 25985U 99065F   15348.90521688 +.00000384 +00000-0 +19367-3 0  9992,2 25985 045.0407 225.3360 0003604 036.0820 324.0269 14.31991948836602
1 25985U 99065F   15349.81217000  .00000374  00000-0  19009-3 0  9995,2 25985  45.0406 221.0806 0003550  41.5958 318.5158 14.31992976836902
1 25985U 99065F   15349.88193560 +.00000380 +00000-0 +19227-3 0  9995,2 25985 045.0406 220.7533 0003546 042.0262 318.0856 14.31993088836741
1 25985U 99065F   15351.06795057  .00000274  00000-0  15319-3 0  9997,2 25985  45.0404 215.1888 0003494  49.3456 310.7694 14.31993821837089
1 25985U 99065F   15351.90513694 +.00000270 +00000-0 +15159-3 0  9993,2 25985 045.0402 211.2607 0003456 054.5854 305.5315 14.31994660837030
1 25985U 99065F   15352.81208840  .00000312  00000-0  16737-3 0  9998,2 25985  45.0401 207.0052 0003425  60.3760 299.7428 14.31995720837333
1 25985U 99065F   15352.88185393 +.00000248 +00000-0 +14343-3 0  9991,2 25985 045.0401 206.6779 0003424 060.8359 299.2830 14.31995420837173
1 25985U 99065F   15354.06786668  .00000259  00000-0  14780-3 0  9992,2 25985  45.0400 201.1131 0003394  68.3980 291.7227 14.31996412837510
1 25985U 99065F   15355.46317353  .00000402  00000-0  20043-3 0  9997,2 25985  45.0398 194.5661 0003357  77.5995 282.5226 14.31998506837711
1 25985U 99065F   15355.88176538 +.00000384 +00000-0 +19374-3 0  9995,2 25985 045.0398 192.6020 0003357 080.3772 279.7454 14.31998809837609
1 25985U 99065F   15356.64915985  .00000373  00000-0  18953-3 0  9997,2 25985  45.0397 189.0015 0003604  83.7775 276.3482 14.32052994837888
1 25985U 99065F   15356.92821047 +.00000353 +00000-0 +18222-3 0  9990,2 25985 045.0396 187.6919 0003624 086.2352 273.8909 14.32052977837758
1 25985U 99065F   15357.97464948  .00000331  00000-0  17418-3 0  9991,2 25985  45.0398 182.7814 0003617  92.9775 267.1486 14.32053888838079
1 25985U 99065F   15358.95131467  .00000314  00000-0  16751-3 0  9997,2 25985  45.0399 178.1981 0003852  98.8332 261.2951 14.32107072838212
1 25985U 99065F   15360.55579353  .00000172  00000-0  11521-3 0  9998,2 25985  45.0400 170.6684 0003881 108.8895 251.2372 14.32108239838447
1 25985U 99065F   15360.90459314 +.00000151 +00000-0 +10755-3 0  9996,2 25985 045.0401 169.0316 0003895 111.0078 249.1185 14.32108437838321
1 25985U 99065F   15361.88123167  .00000148  00000-0  10645-3 0  9992,2 25985  45.0401 164.4484 0003913 117.0873 243.0373 14.32109132838635
1 25985U 99065F   15363.48570860  .00000150  00000-0  10703-3 0  9994,2 25985  45.0402 156.9186 0003963 127.0629 233.0580 14.32109959838867
1 25985U 99065F   15363.90426763 +.00000120 +00000-0 +96166-4 0  9998,2 25985 045.0402 154.9545 0003981 129.5403 230.5796 14.32110010838750
1 25985U 99065F   15364.81114519  .00000167  00000-0  11345-3 0  9998,2 25985  45.0403 150.6986 0004021 135.1467 224.9705 14.32110691839058
1 25985U 99065F   15365.50873080  .00000172  00000-0  11518-3 0  9998,2 25985  45.0407 147.4253 0004227 140.2123 219.9034 14.32138634839154
1 25985U 99065F   15365.85752270 +.00000171 +00000-0 +11494-3 0  9995,2 25985 045.0403 145.7879 0004195 142.3361 217.7779 14.32139419839037
1 25985U 99065F   16001.76438149  .00000188  00000-0  12119-3 0  9992,2 25985  45.0405 141.5320 0004254 147.2332 212.8778 14.32139902839337
1 25985U 99065F   16001.90389824 +.00000150 +00000-0 +10717-3 0  9994,2 25985 045.0406 140.8775 0004253 148.0119 212.0986 14.32139809839187
1 25985U 99065F   16002.81075647  .00000149  00000-0  10675-3 0  9991,2 25985  45.0408 136.6215 0004313 152.9682 207.1390 14.32140582839484
1 25985U 99065F   16002.88051463 +.00000185 +00000-0 +12007-3 0  9999,2 25985 045.0407 136.2940 0004316 153.6737 206.4330 14.32140651839322
1 25985U 99065F   16004.20592188  .00000157  00000-0  10949-3 0  9993,2 25985  45.0411 130.0739 0004397 161.3795 198.7213 14.32141618839680
1 25985U 99065F   16005.46157004  .00000171  00000-0  11471-3 0  9993,2 25985  45.0412 124.1812 0004489 168.4946 191.6004 14.32142646839867
1 25985U 99065F   16006.50794282  .00000209  00000-0  12871-3 0  9991,2 25985  45.0414 119.2707 0004556 174.2969 185.7930 14.32143603840017
1 25985U 99065F   16007.41479208  .00000212  00000-0  12967-3 0  9990,2 25985  45.0414 115.0147 0004653 179.6351 180.4499 14.32154054840149
1 25985U 99065F   16008.53091425  .00000221  00000-0  13299-3 0  9994,2 25985  45.0415 109.7768 0004734 185.4971 174.5824 14.32154862840303
1 25985U 99065F   16008.87970227 +.00000186 +00000-0 +12043-3 0  9993,2 25985 045.0415 108.1399 0004759 187.2722 172.8056 14.32155047840187
1 25985U 99065F   16009.71679320  .00000194  00000-0  12334-3 0  9999,2 25985  45.0415 104.2114 0004826 191.5643 168.5093 14.32155630840477
1 25985U 99065F   16011.18170114  .00000231  00000-0  13698-3 0  9996,2 25985  45.0417  97.3364 0004921 198.9059 161.1605 14.32157052840687
1 25985U 99065F   16012.22806306  .00000258  00000-0  14681-3 0  9993,2 25985  45.0418  92.4257 0004997 203.9942 156.0672 14.32158206840832
1 25985U 99065F   16013.48369623  .00000365  00000-0  18624-3 0  9998,2 25985  45.0420  86.5330 0005076 210.1729 149.8826 14.32160073841010
1 25985U 99065F   16014.53005657  .00000351  00000-0  18091-3 0  9992,2 25985  45.0421  81.6224 0005144 215.1206 144.9302 14.32161009841161
1 25985U 99065F   16015.57641629 +.00000330 +00000-0 +17323-3 0  9996,2 25985 045.0421 076.7117 0005202 220.0528 139.9935 14.32161861841144
1 25985U 99065F   16015.64617359  .00000328  00000-0  17249-3 0  9991,2 25985  45.0421  76.3844 0005205 220.3680 139.6780 14.32161917841329
1 25985U 99065F   16017.18083334  .00000316  00000-0  16793-3 0  9992,2 25985  45.0421  69.1820 0005286 227.5758 132.4642 14.32163184841547
1 25985U 99065F   16018.50622002  .00000337  00000-0  17582-3 0  9990,2 25985  45.0421  62.9617 0005343 233.5909 126.4445 14.32164544841737
1 25985U 99065F   16018.57597716 +.00000337 +00000-0 +17578-3 0  9995,2 25985 045.0421 062.6343 0005344 233.8353 126.1999 14.32164623841578
1 25985U 99065F   16019.55257682  .00000375  00000-0  18993-3 0  9993,2 25985  45.0421  58.0509 0005376 238.4116 121.6206 14.32165870841884
1 25985U 99065F   16021.15698875  .00000409  00000-0  20223-3 0  9992,2 25985  45.0422  50.5209 0005430 245.8297 114.1982 14.32167957842115
1 25985U 99065F   16022.48237076  .00000409  00000-0  20221-3 0  9999,2 25985  45.0423  44.3006 0005457 251.9348 108.0904 14.32169680842308
1 25985U 99065F   16024.08677886  .00000395  00000-0  19715-3 0  9994,2 25985  45.0425  36.7706 0005496 259.1161 100.9067 14.32171597842534
1 25985U 99065F   16025.13313073  .00000374  00000-0  18935-3 0  9996,2 25985  45.0425  31.8599 0005507 263.5536  96.4683 14.32172817842683
1 25985U 99065F   16026.17948176  .00000319  00000-0  16921-3 0  9991,2 25985  45.0426  26.9492 0005514 267.7967  92.2248 14.32173845842833
1 25985U 99065F   16027.43510229  .00000334  00000-0  17459-3 0  9999,2 25985  45.0425  21.0563 0005490 273.6272  86.3946 14.32175402843016
1 25985U 99065F   16029.17901777  .00000249  00000-0  14337-3 0  9991,2 25985  45.0427  12.8716 0005470 281.0397  78.9834 14.32177022843265
1 25985U 99065F   16030.36487944  .00000278  00000-0  15418-3 0  9992,2 25985  45.0427   7.3062 0005427 286.5940  73.4310 14.32178427843432
1 25985U 99065F   16030.92293176 +.00000263 +00000-0 +14850-3 0  9999,2 25985 045.0428 004.6870 0005416 289.0725 070.9535 14.32178877843347
1 25985U 99065F   16031.89952249  .00000314  00000-0  16718-3 0  9991,2 25985  45.0428   0.1036 0005382 293.4062  66.6219 14.32180190843653
1 25985U 99065F   16033.15513820  .00000357  00000-0  18314-3 0  9991,2 25985  45.0430 354.2109 0005329 299.1274  60.9039 14.32181743843831
1 25985U 99065F   16034.20148386  .00000339  00000-0  17646-3 0  9996,2 25985  45.0429 349.3002 0005266 303.6952  56.3392 14.32182764843981
1 25985U 99065F   16035.31758527  .00000340  00000-0  17695-3 0  9999,2 25985  45.0429 344.0622 0005202 308.7896  51.2486 14.32183867844146
1 25985U 99065F   16035.87563552 +.00000325 +00000-0 +17118-3 0  9995,2 25985 045.0428 341.4431 0005164 311.2089 048.8312 14.32184385844050
1 25985U 99065F   16036.85222929  .00000304  00000-0  16367-3 0  9996,2 25985  45.0427 336.8598 0005134 316.1631  43.8807 14.32177483844364
1 25985U 99065F   16037.89857808  .00000315  00000-0  16769-3 0  9999,2 25985  45.0427 331.9491 0005063 321.0620  38.9861 14.32178749844514
1 25985U 99065F   16039.15419583  .00000321  00000-0  16987-3 0  9993,2 25985  45.0426 326.0564 0004971 327.1523  32.9014 14.32180169844697
1 25985U 99065F   16040.20054315  .00000334  00000-0  17474-3 0  9995,2 25985  45.0425 321.1457 0004890 332.0233  28.0350 14.32181273844849
1 25985U 99065F   16040.89810760 +.00000332 +00000-0 +17406-3 0  9997,2 25985 045.0424 317.8718 0004833 335.2871 024.7743 14.32181912844771
1 25985U 99065F   16041.80494088  .00000344  00000-0  17824-3 0  9997,2 25985  45.0423 313.6157 0004761 339.5920  20.4736 14.32182790845077
1 25985U 99065F   16041.87469731 +.00000308 +00000-0 +16527-3 0  9990,2 25985 045.0423 313.2884 0004752 339.9522 020.1138 14.32182665844918
1 25985U 99065F   16043.13031149  .00000364  00000-0  18554-3 0  9993,2 25985  45.0421 307.3955 0004640 346.1889  13.8830 14.32184164845264
1 25985U 99065F   16044.17665563  .00000357  00000-0  18328-3 0  9992,2 25985  45.0420 302.4847 0004544 351.4941   8.5828 14.32185233845413
1 25985U 99065F   16044.87421802 +.00000326 +00000-0 +17185-3 0  9991,2 25985 045.0418 299.2108 0004482 355.0478 005.0323 14.32185813845347
1 25985U 99065F   16045.85080442  .00000394  00000-0  19672-3 0  9999,2 25985  45.0417 294.6273 0004384   0.0309   0.0537 14.32187322845652
1 25985U 99065F   16047.03665877  .00000295  00000-0  16021-3 0  9997,2 25985  45.0414 289.0618 0004284   6.3418 353.7482 14.32188104845824
1 25985U 99065F   16048.08299940  .00000437  00000-0  21239-3 0  9992,2 25985  45.0412 284.1508 0004192  11.9883 348.1062 14.32190133845975
1 25985U 99065F   16048.85031555 +.00000418 +00000-0 +20553-3 0  9990,2 25985 045.0411 280.5493 0004124 016.1724 343.9253 14.32190866845915
1 25985U 99065F   16049.75714326  .00000415  00000-0  20453-3 0  9990,2 25985  45.0410 276.2932 0004049  21.1807 338.9207 14.32191753846211
1 25985U 99065F   16049.89665521 +.00000366 +00000-0 +18650-3 0  9998,2 25985 045.0410 275.6384 0004040 021.9945 338.1074 14.32191614846060
1 25985U 99065F   16051.08250585  .00000334  00000-0  17452-3 0  9996,2 25985  45.0407 270.0726 0003953  28.7623 331.3441 14.32192545846400
1 25985U 99065F   16052.54737939  .00000243  00000-0  14101-3 0  9998,2 25985  45.0406 263.1971 0003833  37.5557 322.5557 14.32193227846616
1 25985U 99065F   16052.89615867 +.00000199 +00000-0 +12486-3 0  9995,2 25985 045.0405 261.5601 0003808 039.7608 320.3517 14.32193270846496
1 25985U 99065F   16053.73322856  .00000169  00000-0  11412-3 0  9997,2 25985  45.0405 257.6313 0003750  44.9198 315.1951 14.32193774846785
1 25985U 99065F   16054.98883293  .00000089  00000-0  84589-4 0  9999,2 25985  45.0403 251.7382 0003679  52.6903 307.4279 14.32194221846969
1 25985U 99065F   16056.31419300  .00000049  00000-0  69738-4 0  9997,2 25985  45.0403 245.5175 0003610  60.8656 299.2552 14.32194617847154
1 25985U 99065F   16057.50004061  .00000060  00000-0  73757-4 0  9992,2 25985  45.0402 239.9516 0003540  68.8753 291.2472 14.32195193847329
1 25985U 99065F   16058.54637201  .00000063  00000-0  74759-4 0  9991,2 25985  45.0402 235.0404 0003501  75.8702 284.2533 14.32200446847475
1 25985U 99065F   16058.89514957 -.00000122 +00000-0 +66990-5 0  9997,2 25985 045.0403 233.4035 0003505 077.8475 282.2764 14.32200134847356
1 25985U 99065F   16059.87172616 -.00000105  00000-0  13257-4 0  9996,2 25985  45.0403 228.8196 0003485  84.3329 275.7915 14.32200232847668
1 25985U 99065F   16060.84830214 +.00000036 +00000-0 +64994-4 0  9996,2 25985 045.0403 224.2360 0003447 090.8402 269.2839 14.32200933847631
1 25985U 99065F   16061.47610072  .00000084  00000-0  82776-4 0  9995,2 25985  45.0403 221.2892 0003435  94.9761 265.1477 14.32201394847891
1 25985U 99065F   16062.52243133  .00000102  00000-0  89106-4 0  9997,2 25985  45.0404 216.3781 0003431 102.0548 258.0683 14.32201970848042
1 25985U 99065F   16062.80145275 +.00000120 +00000-0 +95987-4 0  9990,2 25985 045.0405 215.0687 0003436 103.6456 256.4773 14.32202225847915
1 25985U 99065F   16063.77802708  .00000141  00000-0  10352-3 0  9993,2 25985  45.0406 210.4851 0003439 110.0572 250.0645 14.32203012848220
1 25985U 99065F   16063.84778233 +.00000137 +00000-0 +10215-3 0  9999,2 25985 045.0406 210.1577 0003442 110.5051 249.6166 14.32203055848064
1 25985U 99065F   16065.52190858  .00000211  00000-0  12954-3 0  9992,2 25985  45.0408 202.3001 0003468 121.3639 238.7547 14.32204653848473
1 25985U 99065F   16065.87068455 +.00000208 +00000-0 +12824-3 0  9999,2 25985 045.0407 200.6631 0003480 123.6388 236.4790 14.32204919848359
1 25985U 99065F   16066.56823642  .00000273  00000-0  15200-3 0  9996,2 25985  45.0408 197.3891 0003491 128.1568 231.9594 14.32205789848620
1 25985U 99065F   16068.38186907  .00000350  00000-0  18031-3 0  9995,2 25985  45.0408 188.8766 0003572 139.3508 220.7605 14.32207788848882
1 25985U 99065F   16068.45162412 +.00000350 +00000-0 +18048-3 0  9996,2 25985 045.0408 188.5492 0003577 139.8304 220.2807 14.32207858848729
1 25985U 99065F   16069.42819458  .00000354  00000-0  18205-3 0  9992,2 25985  45.0408 183.9655 0003626 145.7247 214.3833 14.32208754849030
1 25985U 99065F   16070.54427407  .00000356  00000-0  18280-3 0  9991,2 25985  45.0408 178.7271 0003689 152.4346 207.6697 14.32209881849192
1 25985U 99065F   16071.73010741  .00000357  00000-0  18296-3 0  9990,2 25985  45.0409 173.1614 0003756 159.2963 200.8036 14.32211194849369
1 25985U 99065F   16072.77643005  .00000324  00000-0  17098-3 0  9993,2 25985  45.0410 168.2504 0003831 165.2229 194.8730 14.32212215849515
1 25985U 99065F   16074.10177121  .00000275  00000-0  15295-3 0  9995,2 25985  45.0411 162.0299 0003924 172.6113 187.4791 14.32213317849706
1 25985U 99065F   16075.21784685  .00000350  00000-0  18035-3 0  9996,2 25985  45.0411 156.7916 0004007 178.5155 181.5704 14.32214833849866
1 25985U 99065F   16076.47343067  .00000417  00000-0  20493-3 0  9995,2 25985  45.0410 150.8985 0004097 185.0395 175.0411 14.32216474850042
1 25985U 99065F   16076.68269471 +.00000392 +00000-0 +19576-3 0  9996,2 25985 045.0410 149.9164 0004107 186.1725 173.9072 14.32216492849904
1 25985U 99065F   16077.65925918  .00000379  00000-0  19094-3 0  9999,2 25985  45.0409 145.3328 0004175 191.1642 168.9113 14.32217343850215
1 25985U 99065F   16079.19385923  .00000326  00000-0  17167-3 0  9997,2 25985  45.0407 138.1298 0004281 198.7784 161.2905 14.32218521850435
1 25985U 99065F   16080.44943999  .00000312  00000-0  16654-3 0  9995,2 25985  45.0407 132.2366 0004361 204.8133 155.2504 14.32219679850615
1 25985U 99065F   16081.49575642  .00000289  00000-0  15813-3 0  9996,2 25985  45.0407 127.3255 0004421 209.9063 150.1531 14.32220637850768
1 25985U 99065F   16082.54207223  .00000259  00000-0  14694-3 0  9993,2 25985  45.0407 122.4144 0004478 214.9151 145.1402 14.32221510850916
1 25985U 99065F   16084.14642180  .00000256  00000-0  14567-3 0  9992,2 25985  45.0407 114.8840 0004568 222.5456 137.5037 14.32222980851144
1 25985U 99065F   16085.47175286  .00000278  00000-0  15382-3 0  9997,2 25985  45.0407 108.6633 0004632 228.5320 131.5129 14.32224270851334
1 25985U 99065F   16086.51806619  .00000270  00000-0  15091-3 0  9993,2 25985  45.0407 103.7521 0004683 233.0819 126.9598 14.32225117851481
1 25985U 99065F   16088.05265792  .00000255  00000-0  14547-3 0  9993,2 25985  45.0407  96.5489 0004738 239.7984 120.2394 14.32226393851703
1 25985U 99065F   16089.16872359  .00000255  00000-0  14533-3 0  9994,2 25985  45.0407  91.3103 0004767 244.5573 115.4781 14.32227507851860
1 25985U 99065F   16090.42429683  .00000241  00000-0  14037-3 0  9997,2 25985  45.0408  85.4170 0004774 250.0481 109.9852 14.32228651852046
1 25985U 99065F   16091.74962313  .00000262  00000-0  14801-3 0  9997,2 25985  45.0411  79.1961 0004788 255.7400 104.2915 14.32230022852230
1 25985U 99065F   16092.79593287  .00000265  00000-0  14928-3 0  9996,2 25985  45.0413  74.2850 0004783 260.2801  99.7505 14.32230938852381
1 25985U 99065F   16092.86568683 +.00000271 +00000-0 +15115-3 0  9992,2 25985 045.0413 073.9576 0004782 260.5782 099.4524 14.32231015852220
1 25985U 99065F   16094.12125734  .00000298  00000-0  16130-3 0  9996,2 25985  45.0415  68.0643 0004776 265.7151  94.3150 14.32232309852576
1 25985U 99065F   16095.16756550  .00000302  00000-0  16265-3 0  9992,2 25985  45.0417  63.1533 0004758 270.0640  89.9661 14.32233237852729
1 25985U 99065F   16096.35338061  .00000288  00000-0  15756-3 0  9994,2 25985  45.0418  57.5875 0004719 275.0464  84.9844 14.32234257852891
1 25985U 99065F   16096.91141086 +.00000283 +00000-0 +15561-3 0  9994,2 25985 045.0418 054.9682 0004713 277.2761 082.7549 14.32234790852807
1 25985U 99065F   16097.81820976  .00000259  00000-0  14704-3 0  9997,2 25985  45.0419  50.7119 0004680 281.0274  79.0046 14.32235564853107
1 25985U 99065F   16097.88796350 +.00000257 +00000-0 +14602-3 0  9997,2 25985 045.0419 050.3845 0004676 281.3217 078.7104 14.32235625852944
1 25985U 99065F   16099.21328410  .00000289  00000-0  15803-3 0  9993,2 25985  45.0421  44.1639 0004609 286.9224  73.1117 14.32237143853305
1 25985U 99065F   16100.25958954  .00000231  00000-0  13672-3 0  9991,2 25985  45.0422  39.2528 0004558 291.2871  68.7489 14.32237721853458
1 25985U 99065F   16101.30589425  .00000232  00000-0  13702-3 0  9996,2 25985  45.0424  34.3417 0004504 295.7051  64.3330 14.32238592853604
1 25985U 99065F   16101.65466235 +.00000236 +00000-0 +13850-3 0  9995,2 25985 045.0424 032.7046 0004492 297.1744 062.8644 14.32238879853480
1 25985U 99065F   16102.77072009  .00000252  00000-0  14439-3 0  9993,2 25985  45.0425  27.4662 0004426 301.8964  58.1451 14.32239742853811
1 25985U 99065F   16103.81702348  .00000320  00000-0  16934-3 0  9993,2 25985  45.0426  22.5552 0004356 306.3812  53.6632 14.32240885853967
1 25985U 99065F   16103.88677701 +.00000324 +00000-0 +17095-3 0  9997,2 25985 045.0426 022.2278 0004346 306.6987 053.3460 14.32240974853802
1 25985U 99065F   16105.14233661  .00000105  00000-0  90351-4 0  9995,2 25985  45.0426  16.3348 0004259 313.2972  46.7519 14.32245612854159
1 25985U 99065F   16106.18863563  .00000292  00000-0  15911-3 0  9995,2 25985  45.0424  11.4245 0004187 317.9458  42.1067 14.32246669854307
1 25985U 99065F   16106.81641480 +.00000275 +00000-0 +15289-3 0  9996,2 25985 045.0424 008.4778 0004136 320.6652 039.3894 14.32247155854223
1 25985U 99065F   16107.72320626  .00000247  00000-0  14261-3 0  9991,2 25985  45.0426   4.2211 0004055 324.2202  35.8372 14.32247878854529
1 25985U 99065F   16107.86271255 +.00000271 +00000-0 +15137-3 0  9999,2 25985 045.0426 003.5663 0004043 324.7016 035.3563 14.32248156854377
1 25985U 99065F   16108.76950338  .00000269  00000-0  15046-3 0  9991,2 25985  45.0425 359.3101 0003961 328.5655  31.4954 14.32249051854673
1 25985U 99065F   16108.83925653 +.00000287 +00000-0 +15705-3 0  9993,2 25985 045.0425 358.9827 0003952 328.8799 031.1813 14.32249210854516
1 25985U 99065F   16109.81579992  .00000295  00000-0  15996-3 0  9994,2 25985  45.0424 354.3993 0003869 333.6477  26.4172 14.32250229854824
1 25985U 99065F   16111.14110518  .00000240  00000-0  13991-3 0  9991,2 25985  45.0423 348.1781 0003648 338.5732  21.4961 14.32258487855019
1 25985U 99065F   16111.90838502 +.00000237 +00000-0 +13879-3 0  9996,2 25985 045.0423 344.5768 0003649 343.4972 016.5755 14.32258905854959
1 25985U 99065F   16112.74541672  .00000242  00000-0  14051-3 0  9997,2 25985  45.0423 340.6479 0003542 347.7633  12.3127 14.32259610855242
1 25985U 99065F   16112.88492200 +.00000230 +00000-0 +13637-3 0  9990,2 25985 045.0423 339.9931 0003538 348.4652 011.6113 14.32259635855097
1 25985U 99065F   16113.79170604  .00000177  00000-0  11663-3 0  9999,2 25985  45.0422 335.7368 0003463 352.9930   7.0868 14.32260045855396
1 25985U 99065F   16113.93121121 +.00000180 +00000-0 +11773-3 0  9991,2 25985 045.0422 335.0821 0003452 353.6936 006.3867 14.32260128855242
1 25985U 99065F   16114.83799460  .00000179  00000-0  11755-3 0  9996,2 25985  45.0422 330.8257 0003344 358.3488   1.7347 14.32260765855544
1 25985U 99065F   16114.90774718 +.00000175 +00000-0 +11599-3 0  9995,2 25985 045.0422 330.4983 0003341 358.7124 001.3714 14.32260789855386
1 25985U 99065F   16116.02378774  .00000164  00000-0  11187-3 0  9993,2 25985  45.0421 325.2599 0003216   4.6913 355.3963 14.32261575855713
1 25985U 99065F   16117.07007527  .00000154  00000-0  10820-3 0  9996,2 25985  45.0420 320.3487 0003112  10.2259 349.8650 14.32262268855862
1 25985U 99065F   16118.53487713  .00000163  00000-0  11145-3 0  9998,2 25985  45.0419 313.4729 0002950  18.2910 341.8043 14.32263198856078
1 25985U 99065F   16118.88363945 +.00000160 +00000-0 +11047-3 0  9994,2 25985 045.0419 311.8358 0002914 020.3914 339.7049 14.32263353855957
1 25985U 99065F   16119.58116361  .00000189  00000-0  12132-3 0  9997,2 25985  45.0418 308.5616 0002837  24.4110 335.6871 14.32263901856221
1 25985U 99065F   16119.92992571 +.00000190 +00000-0 +12139-3 0  9999,2 25985 045.0417 306.9245 0002803 026.5767 333.5223 14.32264069856105
1 25985U 99065F   16120.62744984  .00000186  00000-0  11994-3 0  9994,2 25985  45.0417 303.6503 0002749  30.5341 329.5665 14.32264338856371
1 25985U 99065F   16121.95274490  .00000200  00000-0  12512-3 0  9995,2 25985  45.0416 297.4292 0002650  38.4742 321.6293 14.32265049856569
1 25985U 99065F   16123.48729569  .00000162  00000-0  11111-3 0  9998,2 25985  45.0415 290.2259 0002506  48.6466 311.4596 14.32265815856786
1 25985U 99065F   16123.55704798 +.00000155 +00000-0 +10874-3 0  9990,2 25985 045.0416 289.8985 0002503 049.1788 310.9275 14.32265835856620
1 25985U 99065F   16124.53357961  .00000161  00000-0  11089-3 0  9991,2 25985  45.0416 285.3147 0002454  55.4561 304.6517 14.32266577856932
1 25985U 99065F   16126.41688922  .00000129  00000-0  99274-4 0  9991,2 25985  45.0414 276.4744 0002343  68.6210 291.4886 14.32267762857208
1 25985U 99065F   16127.46317162  .00000131  00000-0  99801-4 0  9991,2 25985  45.0413 271.5628 0002307  77.0777 283.0327 14.32268415857355
1 25985U 99065F   16128.50945351  .00000158  00000-0  10989-3 0  9992,2 25985  45.0412 266.6515 0002284  84.6622 275.4485 14.32269172857509
1 25985U 99065F   16128.78846196 +.00000162 +00000-0 +11130-3 0  9993,2 25985 045.0412 265.3419 0002283 086.4575 273.6532 14.32269340857379
1 25985U 99065F   16130.18350313  .00000164  00000-0  11177-3 0  9994,2 25985  45.0411 258.7934 0002262  96.7280 263.3824 14.32270205857743
1 25985U 99065F   16131.50879079  .00000230  00000-0  13624-3 0  9999,2 25985  45.0411 252.5723 0002266 106.4778 253.6318 14.32271598857933
1 25985U 99065F   16132.69457397  .00000195  00000-0  12351-3 0  9991,2 25985  45.0412 247.0065 0002241 114.8333 245.2747 14.32272345858109
1 25985U 99065F   16134.50812346  .00000126  00000-0  97831-4 0  9993,2 25985  45.0412 238.4937 0002292 127.9105 232.1949 14.32273358858361
1 25985U 99065F   16135.76365686  .00000119  00000-0  95397-4 0  9999,2 25985  45.0411 232.6004 0002356 136.5736 223.5296 14.32274134858540
1 25985U 99065F   16137.15869307  .00000159  00000-0  10997-3 0  9999,2 25985  45.0411 226.0522 0002415 145.8043 214.2960 14.32275108858741
1 25985U 99065F   16138.48397644  .00000226  00000-0  13469-3 0  9998,2 25985  45.0408 219.8313 0002499 154.1634 205.9337 14.32276219858936
1 25985U 99065F   16138.55372818 +.00000232 +00000-0 +13702-3 0  9999,2 25985 045.0408 219.5039 0002498 154.5361 205.5608 14.32276296858772
1 25985U 99065F   16139.53025220  .00000230  00000-0  13612-3 0  9998,2 25985  45.0407 214.9202 0002543 160.3185 199.7760 14.32276903859085
1 25985U 99065F   16141.20429174  .00000220  00000-0  13238-3 0  9994,2 25985  45.0405 207.0619 0002670 170.1037 189.9863 14.32278141859322
1 25985U 99065F   16142.45982035  .00000201  00000-0  12548-3 0  9994,2 25985  45.0404 201.1684 0002759 176.9960 183.0904 14.32279122859506
1 25985U 99065F   16143.50609350  .00000197  00000-0  12407-3 0  9995,2 25985  45.0404 196.2572 0002822 182.7397 177.3434 14.32279990859659
1 25985U 99065F   16145.18012959  .00000159  00000-0  11022-3 0  9994,2 25985  45.0403 188.3992 0002918 191.7382 168.3397 14.32281018859894
1 25985U 99065F   16146.43565559  .00000157  00000-0  10936-3 0  9993,2 25985  45.0402 182.5057 0003012 197.8493 162.2248 14.32281871860074
1 25985U 99065F   16147.48192675  .00000151  00000-0  10724-3 0  9993,2 25985  45.0401 177.5943 0003083 202.6981 157.3730 14.32282529860225
1 25985U 99065F   16147.55167813 +.00000150 +00000-0 +10667-3 0  9992,2 25985 045.0400 177.2669 0003089 202.9641 157.1068 14.32282570860068
1 25985U 99065F   16148.52819738  .00000135  00000-0  10122-3 0  9999,2 25985  45.0399 172.6829 0003152 207.4538 152.6143 14.32283156860377
1 25985U 99065F   16150.06272677  .00000128  00000-0  98834-4 0  9995,2 25985  45.0398 165.4792 0003243 214.4324 145.6313 14.32284180860590
1 25985U 99065F   16151.17874726  .00000139  00000-0  10255-3 0  9993,2 25985  45.0398 160.2403 0003306 219.2397 140.8210 14.32285114860754
1 25985U 99065F   16152.43426986  .00000140  00000-0  10310-3 0  9998,2 25985  45.0399 154.3466 0003332 224.7940 135.2638 14.32286030860932
1 25985U 99065F   16154.17804969  .00000178  00000-0  11689-3 0  9993,2 25985  45.0402 146.1608 0003421 231.8883 128.1655 14.32287488861184
1 25985U 99065F   16155.43357019  .00000201  00000-0  12539-3 0  9994,2 25985  45.0403 140.2671 0003467 236.7338 123.3177 14.32288534861368
1 25985U 99065F   16155.92182803 +.00000195 +00000-0 +12316-3 0  9990,2 25985 045.0403 137.9751 0003490 238.7425 121.3080 14.32288830861264
1 25985U 99065F   16156.89834328  .00000186  00000-0  11999-3 0  9999,2 25985  45.0404 133.3912 0003495 242.6099 117.4392 14.32289525861578
1 25985U 99065F   16156.96809423 +.00000185 +00000-0 +11953-3 0  9994,2 25985 045.0404 133.0637 0003515 242.7853 117.2635 14.32289607861413
1 25985U 99065F   16157.94460907  .00000172  00000-0  11488-3 0  9992,2 25985  45.0404 128.4798 0003487 246.6343 113.4137 14.32290307861722
1 25985U 99065F   16159.06062507  .00000128  00000-0  98532-4 0  9998,2 25985  45.0406 123.2408 0003539 250.7562 109.2902 14.32291047861884
1 25985U 99065F   16159.89763704 +.00000124 +00000-0 +97062-4 0  9999,2 25985 045.0406 119.3117 0003539 253.9456 106.1001 14.32291636861839
1 25985U 99065F   16160.24639190  .00000129  00000-0  99124-4 0  9997,2 25985  45.0407 117.6747 0003515 255.1451 104.9006 14.32291961862050
1 25985U 99065F   16160.94390157 +.00000111 +00000-0 +92245-4 0  9999,2 25985 045.0408 114.4003 0003516 257.8247 102.2206 14.32292332861981
1 25985U 99065F   16161.85066405  .00000113  00000-0  93181-4 0  9998,2 25985  45.0409 110.1438 0003493 261.2537  98.7914 14.32292866862283
1 25985U 99065F   16163.17593177  .00000125  00000-0  97365-4 0  9997,2 25985  45.0413 103.9229 0003475 266.2096  93.8353 14.32293624862478
1 25985U 99065F   16164.29194615  .00000138  00000-0  10228-3 0  9991,2 25985  45.0414  98.6842 0003446 270.1602  89.8850 14.32294265862632
1 25985U 99065F   16164.84995322 +.00000128 +00000-0 +98483-4 0  9995,2 25985 045.0415 096.0648 0003430 272.1424 087.9030 14.32294486862540
1 25985U 99065F   16165.82646518  .00000125  00000-0  97418-4 0  9998,2 25985  45.0416  91.4811 0003404 275.7989  84.2470 14.32295041862858
1 25985U 99065F   16167.15173091  .00000117  00000-0  94438-4 0  9997,2 25985  45.0417  85.2603 0003356 280.5361  79.5107 14.32295830863045
1 25985U 99065F   16168.19799259  .00000132  00000-0  99965-4 0  9999,2 25985  45.0418  80.3490 0003311 284.2481  75.7998 14.32296670863196
1 25985U 99065F   16169.52325699  .00000101  00000-0  88769-4 0  9996,2 25985  45.0419  74.1280 0003266 289.0807  70.9686 14.32297389863389
1 25985U 99065F   16169.87201062 +.00000104 +00000-0 +89966-4 0  9994,2 25985 045.0420 072.4909 0003252 290.2723 069.7774 14.32297640863267
1 25985U 99065F   16170.77876999  .00000126  00000-0  97988-4 0  9999,2 25985  45.0420  68.2344 0003210 293.5585  66.4924 14.32298269863561
1 25985U 99065F   16170.84852071 +.00000125 +00000-0 +97424-4 0  9996,2 25985 045.0420 067.9070 0003204 293.7754 066.2756 14.32298304863400
1 25985U 99065F   16171.82503053  .00000129  00000-0  99012-4 0  9997,2 25985  45.0421  63.3232 0003130 297.2589  62.7939 14.32298827863712
1 25985U 99065F   16171.89478119 +.00000129 +00000-0 +99029-4 0  9996,2 25985 045.0421 062.9957 0003130 297.5295 062.5233 14.32298871863554
1 25985U 99065F   16173.08054263  .00000127  00000-0  98421-4 0  9992,2 25985  45.0421  57.4296 0003038 301.6605  58.3945 14.32299434863894
1 25985U 99065F   16174.12680242  .00000111  00000-0  92476-4 0  9997,2 25985  45.0422  52.5184 0002970 305.5396  54.5173 14.32299843864044
1 25985U 99065F   16174.89405927 +.00000096 +00000-0 +86744-4 0  9999,2 25985 045.0422 048.9167 0002922 308.2395 051.8189 14.32300170863985
1 25985U 99065F   16175.66131597  .00000077  00000-0  79938-4 0  9990,2 25985  45.0422  45.3151 0002867 311.0823  48.9775 14.32300486864265
1 25985U 99065F   16175.87056776 +.00000077 +00000-0 +80033-4 0  9996,2 25985 045.0422 044.3329 0002842 311.8428 048.2176 14.32300621864127
1 25985U 99065F   16176.84707593  .00000063  00000-0  74959-4 0  9999,2 25985  45.0423  39.7491 0002763 315.3317  44.7306 14.32301094864439
1 25985U 99065F   16176.91682652 +.00000063 +00000-0 +74917-4 0  9999,2 25985 045.0422 039.4217 0002761 315.6593 044.4033 14.32301126864270
1 25985U 99065F   16178.10258600  .00000054  00000-0  71643-4 0  9997,2 25985  45.0422  33.8555 0002644 319.8851  40.1800 14.32301723864612
1 25985U 99065F   16179.56734726  .00000064  00000-0  75319-4 0  9991,2 25985  45.0422  26.9795 0002511 325.1096  34.9586 14.32302395864826
1 25985U 99065F   16179.91609991 +.00000062 +00000-0 +74450-4 0  9998,2 25985 045.0422 025.3424 0002474 326.4297 033.6392 14.32302503864702
1 25985U 99065F   16180.68335547  .00000068  00000-0  76677-4 0  9996,2 25985  45.0422  21.7406 0002393 329.0860  30.9846 14.32302812864984
1 25985U 99065F   16181.86911391  .00000066  00000-0  75862-4 0  9997,2 25985  45.0423  16.1744 0002286 333.7898  26.2832 14.32303176865159
1 25985U 99065F   16181.93886439 +.00000067 +00000-0 +76109-4 0  9995,2 25985 045.0423 015.8469 0002280 334.0951 025.9781 14.32303206864991
1 25985U 99065F   16182.91537104  .00000051  00000-0  70390-4 0  9995,2 25985  45.0423  11.2630 0002178 337.8719  22.2034 14.32303462865301
1 25985U 99065F   16183.96162795  .00000027  00000-0  61666-4 0  9990,2 25985  45.0423   6.3516 0002075 342.1513  17.9260 14.32303723865454
1 25985U 99065F   16185.56588822 -.00000027  00000-0  41845-4 0  9999,2 25985  45.0424 358.8208 0001897 348.3693  11.7109 14.32304004865688
1 25985U 99065F   16185.91464061 -.00000044 +00000-0 +35633-4 0  9993,2 25985 045.0424 357.1838 0001876 350.3750 009.7060 14.32303971865565
1 25985U 99065F   16186.82139645 -.00000068  00000-0  26628-4 0  9991,2 25985  45.0424 352.9273 0001790 354.4815   5.6012 14.32304024865868
1 25985U 99065F   16186.89114690 -.00000071 +00000-0 +25410-4 0  9993,2 25985 045.0424 352.5999 0001783 354.7808 005.3020 14.32304014865704
1 25985U 99065F   16188.49540707 -.00000072  00000-0  25183-4 0  9991,2 25985  45.0424 345.0692 0001635   1.9322 358.1531 14.32304163866105
1 25985U 99065F   16188.56515750 -.00000074 +00000-0 +24308-4 0  9999,2 25985 045.0424 344.7418 0001622 002.2430 357.8423 14.32304161865942
1 25985U 99065F   16189.54166339 -.00000056  00000-0  31258-4 0  9995,2 25985  45.0424 340.1578 0001522   6.8537 353.2330 14.32304324866259
1 25985U 99065F   16191.42492390  .00000001  00000-0  52067-4 0  9994,2 25985  45.0423 331.3173 0001332  16.4077 343.6812 14.32304957866526
1 25985U 99065F   16192.47117914  .00000028  00000-0  61883-4 0  9991,2 25985  45.0423 326.4061 0001254  22.9383 337.1520 14.32305505866672
1 25985U 99065F   16192.81993084 +.00000031 +00000-0 +62990-4 0  9993,2 25985 045.0423 324.7690 0001224 025.3824 334.7083 14.32305662866553
1 25985U 99065F   16193.72668494  .00000043  00000-0  67548-4 0  9995,2 25985  45.0423 320.5125 0001135  31.1521 328.9393 14.32306161866857
1 25985U 99065F   16194.77293945  .00000051  00000-0  70327-4 0  9994,2 25985  45.0423 315.6012 0001043  38.6710 321.4211 14.32306688867006
1 25985U 99065F   16194.84268976 +.00000044 +00000-0 +67818-4 0  9991,2 25985 045.0423 315.2738 0001037 039.0950 320.9971 14.32306680866841
1 25985U 99065F   16196.37719594  .00000049  00000-0  69564-4 0  9993,2 25985  45.0422 308.0705 0000903  51.0814 309.0113 14.32307277867231
1 25985U 99065F   16197.49320003  .00000062  00000-0  74555-4 0  9991,2 25985  45.0421 302.8319 0000839  61.4628 298.6303 14.32307709867390
1 25985U 99065F   16197.77220098 +.00000068 +00000-0 +76499-4 0  9990,2 25985 045.0421 301.5223 0000829 064.1256 295.9676 14.32307826867265
1 25985U 99065F   16198.74870398  .00000086  00000-0  83134-4 0  9996,2 25985  45.0419 296.9384 0000781  74.1501 285.9431 14.32308256867578
1 25985U 99065F   16199.72520693 +.00000075 +00000-0 +79127-4 0  9990,2 25985 045.0418 292.3546 0000745 083.8837 276.2094 14.32308494867545
1 25985U 99065F   16200.70170940 +.00000068 +00000-0 +76530-4 0  9994,2 25985 045.0417 287.7707 0000723 094.6906 265.4023 14.32308861867689
1 25985U 99065F   16201.67821161  .00000045  00000-0  68094-4 0  9990,2 25985  45.0415 283.1867 0000721 105.6575 254.4351 14.32309175867992
1 25985U 99065F   16202.72446349  .00000055  00000-0  71935-4 0  9997,2 25985  45.0414 278.2754 0000728 117.0395 243.0526 14.32309764868145
1 25985U 99065F   16203.97996529  .00000043  00000-0  67407-4 0  9991,2 25985  45.0413 272.3818 0000750 130.3948 229.6964 14.32310303868324
1 25985U 99065F   16205.23546649  .00000054  00000-0  71576-4 0  9990,2 25985  45.0412 266.4881 0000796 143.5178 216.5723 14.32310920868501
1 25985U 99065F   16206.49096698  .00000083  00000-0  81948-4 0  9999,2 25985  45.0409 260.5945 0000860 154.3425 205.7464 14.32311638868688
1 25985U 99065F   16206.63046697 +.00000080 +00000-0 +80959-4 0  9997,2 25985 045.0409 259.9396 0000872 155.2119 204.8770 14.32311699868534
1 25985U 99065F   16207.60696674  .00000109  00000-0  91581-4 0  9996,2 25985  45.0407 255.3556 0000937 162.9385 197.1493 14.32312335868840
1 25985U 99065F   16209.14146576  .00000084  00000-0  82377-4 0  9993,2 25985  45.0404 248.1519 0001031 173.6389 186.4470 14.32312978869069
1 25985U 99065F   16210.46671407  .00000068  00000-0  76531-4 0  9993,2 25985  45.0402 241.9306 0001103 181.2028 178.8816 14.32313687869255
1 25985U 99065F   16210.53646391 +.00000063 +00000-0 +74911-4 0  9990,2 25985 045.0401 241.6031 0001125 181.1925 178.8919 14.32313725869094
1 25985U 99065F   16211.51296219  .00000056  00000-0  72315-4 0  9997,2 25985  45.0401 237.0189 0001177 186.1205 173.9627 14.32314297869402
1 25985U 99065F   16213.18695866  .00000042  00000-0  67165-4 0  9995,2 25985  45.0401 229.1602 0001275 194.5500 165.5310 14.32315097869645
1 25985U 99065F   16214.44245553  .00000051  00000-0  70375-4 0  9996,2 25985  45.0401 223.2664 0001345 199.9471 160.1323 14.32315674869828
1 25985U 99065F   16215.48870250  .00000053  00000-0  71152-4 0  9995,2 25985  45.0401 218.3548 0001421 203.9683 156.1098 14.32316103869978
1 25985U 99065F   16217.16269662  .00000086  00000-0  83380-4 0  9993,2 25985  45.0401 210.4963 0001529 209.9021 150.1738 14.32317068870218
1 25985U 99065F   16218.41819141  .00000080  00000-0  80846-4 0  9993,2 25985  45.0400 204.6026 0001565 214.0931 145.9816 14.32317770870397
1 25985U 99065F   16220.16193308  .00000074  00000-0  78723-4 0  9992,2 25985  45.0401 196.4165 0001659 219.6068 140.4658 14.32318857870645
1 25985U 99065F   16221.27792721  .00000087  00000-0  83693-4 0  9995,2 25985  45.0402 191.1775 0001689 222.8929 137.1786 14.32319626870808
1 25985U 99065F   16222.32417117  .00000104  00000-0  89782-4 0  9990,2 25985  45.0403 186.2659 0001720 225.9667 134.1037 14.32320346870957
1 25985U 99065F   16223.37041466  .00000144  00000-0  10447-3 0  9991,2 25985  45.0405 181.3544 0001753 228.6461 131.4235 14.32321148871105
1 25985U 99065F   16223.92841104 +.00000157 +00000-0 +10933-3 0  9993,2 25985 045.0405 178.7349 0001769 230.3793 129.6897 14.32321505871013
1 25985U 99065F   16224.90490422 +.00000165 +00000-0 +11224-3 0  9998,2 25985 045.0406 174.1508 0001792 232.9971 127.0712 14.32322133871154
1 25985U 99065F   16225.88139708 +.00000159 +00000-0 +11006-3 0  9994,2 25985 045.0407 169.5668 0001804 235.4849 124.5827 14.32322717871467
1 25985U 99065F   16226.85788956 +.00000154 +00000-0 +10799-3 0  9990,2 25985 045.0407 164.9828 0001818 237.8343 122.2328 14.32323341871436
1 25985U 99065F   16227.83438173 +.00000106 +00000-0 +90642-4 0  9995,2 25985 045.0408 160.3989 0001831 240.2247 119.8417 14.32323738871577
1 25985U 99065F   16228.25287838  .00000093  00000-0  85894-4 0  9990,2 25985  45.0408 158.4344 0001839 241.1798 118.8864 14.32323918871800
1 25985U 99065F   16228.88062313 +.00000082 +00000-0 +81833-4 0  9995,2 25985 045.0409 155.4874 0001851 242.7143 117.3515 14.32324231871728
1 25985U 99065F   16229.85711497  .00000055  00000-0  71971-4 0  9999,2 25985  45.0409 150.9033 0001872 245.3124 114.7527 14.32324543872031
1 25985U 99065F   16231.11260414  .00000055  00000-0  71957-4 0  9993,2 25985  45.0410 145.0096 0001886 248.1691 111.8955 14.32325008872212
1 25985U 99065F   16232.15884450  .00000098  00000-0  87728-4 0  9990,2 25985  45.0411 140.0980 0001894 250.6656 109.3985 14.32325646872367
1 25985U 99065F   16233.20508446  .00000126  00000-0  98028-4 0  9992,2 25985  45.0411 135.1866 0001889 252.9732 107.0908 14.32326237872513
1 25985U 99065F   16233.90257746 +.00000128 +00000-0 +98706-4 0  9998,2 25985 045.0412 131.9121 0001898 254.4559 105.6078 14.32326597872449
1 25985U 99065F   16234.80931804  .00000117  00000-0  94698-4 0  9996,2 25985  45.0412 127.6555 0001882 256.1330 103.9307 14.32327073872740
1 25985U 99065F   16235.85555634  .00000108  00000-0  91126-4 0  9998,2 25985  45.0413 122.7441 0001893 258.8066 101.2568 14.32327818872891
1 25985U 99065F   16237.11104185  .00000089  00000-0  84467-4 0  9998,2 25985  45.0413 116.8505 0001880 261.9078  98.1555 14.32328693873073
1 25985U 99065F   16237.87828284 +.00000072 +00000-0 +78031-4 0  9996,2 25985 045.0414 113.2487 0001883 263.2477 096.8156 14.32329096873019
1 25985U 99065F   16238.71527285  .00000063  00000-0  74691-4 0  9995,2 25985  45.0413 109.3194 0001883 265.0531  95.0100 14.32329519873302
1 25985U 99065F   16238.85477124 +.00000061 +00000-0 +74126-4 0  9997,2 25985 045.0413 108.6645 0001877 265.3276 094.7356 14.32329571873157
1 25985U 99065F   16239.83125936  .00000064  00000-0  75101-4 0  9994,2 25985  45.0413 104.0803 0001867 266.7304  93.3329 14.32330023873462
1 25985U 99065F   16239.90100852 +.00000066 +00000-0 +75673-4 0  9998,2 25985 045.0413 103.7529 0001866 266.9056 093.1577 14.32330051873305
1 25985U 99065F   16241.01699468  .00000076  00000-0  79407-4 0  9999,2 25985  45.0412  98.5138 0001857 269.1237  90.9396 14.32330484873637
1 25985U 99065F   16242.55147495  .00000133  00000-0  10033-3 0  9990,2 25985  45.0412  91.3099 0001842 271.7688  88.2947 14.32331322873855
1 25985U 99065F   16242.90022025 +.00000140 +00000-0 +10308-3 0  9993,2 25985 045.0412 089.6727 0001832 272.0634 088.0002 14.32331546873732
1 25985U 99065F   16243.59771099  .00000118  00000-0  95042-4 0  9995,2 25985  45.0412  86.3982 0001822 273.1144  86.9494 14.32331722874005
1 25985U 99065F   16243.87670720 +.00000123 +00000-0 +96917-4 0  9993,2 25985 045.0412 085.0885 0001813 273.5922 086.4717 14.32331903873879
1 25985U 99065F   16244.78344479  .00000107  00000-0  90855-4 0  9990,2 25985  45.0413  80.8318 0001801 274.8680  85.1961 14.32332272874177
1 25985U 99065F   16244.92294288 +.00000106 +00000-0 +90372-4 0  9991,2 25985 045.0413 080.1769 0001798 275.2725 084.7916 14.32332333874027
1 25985U 99065F   16246.03892728  .00000083  00000-0  82026-4 0  9999,2 25985  45.0414  74.9380 0001781 277.1460  82.9184 14.32332793874350
1 25985U 99065F   16247.50365618  .00000087  00000-0  83370-4 0  9992,2 25985  45.0415  68.0617 0001767 279.4759  80.5888 14.32333509874562
1 25985U 99065F   16248.54989063  .00000093  00000-0  85789-4 0  9996,2 25985  45.0416  63.1501 0001755 280.5931  79.4717 14.32334029874716
1 25985U 99065F   16248.89863541 +.00000099 +00000-0 +87779-4 0  9993,2 25985 045.0416 061.5129 0001746 281.5687 078.4963 14.32334202874594
1 25985U 99065F   16249.87512058  .00000099  00000-0  87978-4 0  9997,2 25985  45.0417  56.9288 0001730 283.0880  76.9773 14.32334585874905
1 25985U 99065F   16251.47934562  .00000081  00000-0  81429-4 0  9990,2 25985  45.0419  49.3976 0001702 286.3522  73.7137 14.32335121875137
1 25985U 99065F   16251.82809013 +.00000071 +00000-0 +77762-4 0  9995,2 25985 045.0419 047.7605 0001690 286.9962 073.0699 14.32335215875015
1 25985U 99065F   16253.36256539  .00000057  00000-0  72482-4 0  9993,2 25985  45.0421  40.5568 0001664 289.8876  70.1791 14.32335837875408
1 25985U 99065F   16254.47854688  .00000046  00000-0  68364-4 0  9997,2 25985  45.0422  35.3178 0001646 291.0351  69.0320 14.32336335875567
1 25985U 99065F   16254.89703980 +.00000043 +00000-0 +67566-4 0  9991,2 25985 045.0423 033.3532 0001627 292.1475 067.9199 14.32336555875451
1 25985U 99065F   16255.80377428  .00000068  00000-0  76665-4 0  9994,2 25985  45.0424  29.0966 0001621 293.2070  66.8606 14.32337143875750
1 25985U 99065F   16255.87352305 +.00000073 +00000-0 +78282-4 0  9991,2 25985 045.0424 028.7691 0001615 293.2681 066.7995 14.32337208875596
1 25985U 99065F   16257.47774511  .00000083  00000-0  82182-4 0  9991,2 25985  45.0425  21.2382 0001584 295.8259  64.2425 14.32337947875991
1 25985U 99065F   16257.75674020 +.00000091 +00000-0 +85004-4 0  9991,2 25985 045.0425 019.9285 0001579 296.3179 063.7505 14.32338087875863
1 25985U 99065F   16258.73322286  .00000087  00000-0  83558-4 0  9991,2 25985  45.0425  15.3445 0001559 297.8170  62.2518 14.32338391876177
1 25985U 99065F   16260.12819737  .00000095  00000-0  86340-4 0  9990,2 25985  45.0425   8.7958 0001536 300.3364  59.7330 14.32339006876371
1 25985U 99065F   16261.45342259  .00000080  00000-0  81119-4 0  9990,2 25985  45.0425   2.5746 0001506 302.6277  57.4424 14.32339558876565
1 25985U 99065F   16261.80216604 +.00000072 +00000-0 +78129-4 0  9991,2 25985 045.0425 000.9375 0001502 303.4492 056.6210 14.32339680876446
1 25985U 99065F   16262.70889857  .00000078  00000-0  80297-4 0  9992,2 25985  45.0425 356.6809 0001477 305.2893  54.7815 14.32340215876744
1 25985U 99065F   16264.45261361  .00000181  00000-0  11788-3 0  9993,2 25985  45.0426 348.4952 0001445 308.5536  51.5181 14.32341893876999
1 25985U 99065F   16265.49884205  .00000196  00000-0  12339-3 0  9995,2 25985  45.0426 343.5839 0001415 310.9195  49.1528 14.32342622877141
1 25985U 99065F   16265.63833914 +.00000200 +00000-0 +12502-3 0  9990,2 25985 045.0426 342.9290 0001409 311.3754 048.6971 14.32342730876992
1 25985U 99065F   16266.61481866  .00000203  00000-0  12594-3 0  9998,2 25985  45.0425 338.3451 0001367 313.5018  46.5715 14.32343280877309
1 25985U 99065F   16267.66104615  .00000195  00000-0  12315-3 0  9999,2 25985  45.0424 333.4337 0001321 315.8774  44.1967 14.32343849877451
1 25985U 99065F   16269.19551241  .00000180  00000-0  11753-3 0  9999,2 25985  45.0421 326.2300 0001260 319.2953  40.7799 14.32344646877672
1 25985U 99065F   16270.52073231  .00000163  00000-0  11157-3 0  9995,2 25985  45.0419 320.0088 0001200 322.7525  37.3238 14.32345442877868
1 25985U 99065F   16272.12494458  .00000203  00000-0  12602-3 0  9992,2 25985  45.0417 312.4775 0001142 326.5590  33.5185 14.32346789878093
1 25985U 99065F   16273.17116910  .00000233  00000-0  13698-3 0  9991,2 25985  45.0417 307.5659 0001109 329.3648  30.7133 14.32347768878244
1 25985U 99065F   16274.49638578  .00000272  00000-0  15148-3 0  9991,2 25985  45.0416 301.3445 0001060 333.4145  26.6647 14.32349050878433
1 25985U 99065F   16276.17034222  .00000252  00000-0  14417-3 0  9990,2 25985  45.0414 293.4858 0000976 338.3720  21.7085 14.32350298878672
1 25985U 99065F   16277.49555641  .00000234  00000-0  13749-3 0  9996,2 25985  45.0412 287.2644 0000905 343.4607  16.6210 14.32351367878869
1 25985U 99065F   16278.82076953  .00000211  00000-0  12912-3 0  9994,2 25985  45.0411 281.0429 0000840 348.7200  11.3627 14.32352455879051
1 25985U 99065F   16278.89051753 +.00000213 +00000-0 +12987-3 0  9996,2 25985 045.0411 280.7154 0000836 348.8420 011.2408 14.32352528878890
