1 25982U 99065C   15001.65447060  .00000481  00000-0  23232-3 0  9992,2 25982 045.0210 043.9125 0004649 145.9439 291.8311 14.31345619787040
1 25982U 99065C   15003.40051872  .00000555  00000-0  25992-3 0  9996,2 25982 045.0211 035.7259 0004730 154.6578 288.9040 14.31347319787292
1 25982U 99065C   15004.53237184  .00000656  00000-0  29789-3 0  9993,2 25982 045.0211 030.4191 0004806 160.2090 001.2425 14.31348271787454
1 25982U 99065C   15006.11538106  .00000669  00000-0  30260-3 0  9997,2 25982 045.0212 022.9968 0004905 167.7394 238.5918 14.31351558787681
1 25982U 99065C   15007.16139152  .00000593  00000-0  27414-3 0  9994,2 25982 045.0213 018.0924 0004984 172.6555 228.8184 14.31355285787836
1 25982U 99065C   15008.36624356  .00000625  00000-0  28602-3 0  9998,2 25982 045.0213 012.4433 0005054 178.1532 317.7559 14.31359548788004
1 25982U 99065C   15009.40408733  .00000722  00000-0  32230-3 0  9993,2 25982 045.0213 007.5772 0005094 182.8078 266.1486 14.31362706788158
1 25982U 99065C   15010.46010082  .00000763  00000-0  33786-3 0  9999,2 25982 045.0214 002.6258 0005134 187.5223 308.2139 14.31363587788301
1 25982U 99065C   15012.19212762  .00000873  00000-0  37892-3 0  9994,2 25982 045.0214 354.5049 0005214 195.0645 234.2595 14.31366278788550
1 25982U 99065C   15013.39053194  .00000855  00000-0  37214-3 0  9997,2 25982 045.0214 348.8860 0005258 200.1903 290.3688 14.31369031788725
1 25982U 99065C   15015.04884565  .00000779  00000-0  34367-3 0  9996,2 25982 045.0213 341.1108 0005319 207.1897 196.7794 14.31373915788961
1 25982U 99065C   15016.32698495  .00000769  00000-0  33994-3 0  9997,2 25982 045.0212 335.1181 0005338 212.5622 303.9317 14.31376389789143
1 25982U 99065C   15017.37116993  .00000569  00000-0  26503-3 0  9997,2 25982 045.0210 330.2223 0005367 216.9234 285.3872 14.31379678789292
1 25982U 99065C   15018.88731784  .00000238  00000-0  14139-3 0  9990,2 25982 045.0208 323.1133 0005414 223.1298 179.3641 14.31381081789515
1 25982U 99065C   15020.23383255  .00000377  00000-0  19323-3 0  9992,2 25982 045.0205 316.7999 0005411 228.6759 279.0578 14.31381522789707
1 25982U 99065C   15021.27829049  .00000433  00000-0  21413-3 0  9999,2 25982 045.0203 311.9026 0005419 232.9236 262.0639 14.31381819789854
1 25982U 99065C   15022.38654091  .00000420  00000-0  20945-3 0  9990,2 25982 045.0201 306.7062 0005388 237.2754 214.0033 14.31383203790016
1 25982U 99065C   15024.21451986  .00000349  00000-0  18303-3 0  9997,2 25982 045.0197 298.1351 0005387 244.6870 275.2101 14.31384332790272
1 25982U 99065C   15025.31683142  .00000260  00000-0  14969-3 0  9996,2 25982 045.0196 292.9665 0005366 249.1000 196.4610 14.31386631790434
1 25982U 99065C   15026.84311551  .00000211  00000-0  13139-3 0  9991,2 25982 045.0193 285.8098 0005325 255.1858 142.8803 14.31389071790659
1 25982U 99065C   15028.18845863  .00000222  00000-0  13550-3 0  9997,2 25982 045.0191 279.5016 0005289 260.6677 236.6307 14.31391365790847
1 25982U 99065C   15030.82285845  .00000517  00000-0  24579-3 0  9999,2 25982 045.0187 267.1487 0005182 271.2010 134.2763 14.31393369791226
1 25982U 99065C   15032.16943134  .00000636  00000-0  28997-3 0  9990,2 25982 045.0186 260.8345 0005138 276.7500 234.3286 14.31396468791419
1 25982U 99065C   15034.05535403  .00000574  00000-0  26680-3 0  9994,2 25982 045.0185 251.9910 0005033 284.2346 234.4215 14.31401591791689
1 25982U 99065C   15035.09923190  .00000532  00000-0  25135-3 0  9991,2 25982 045.0185 247.0959 0004978 288.5227 214.4614 14.31404428791830
1 25982U 99065C   15036.54157120  .00000526  00000-0  24889-3 0  9992,2 25982 045.0186 240.3324 0004889 294.3528 088.2439 14.31407972792046
1 25982U 99065C   15037.59244000  .00000570  00000-0  26526-3 0  9991,2 25982 045.0186 235.4045 0004817 298.6167 104.3933 14.31410431792197
1 25982U 99065C   15038.86643214  .00000615  00000-0  28228-3 0  9993,2 25982 045.0187 229.4304 0004738 304.1031 190.2122 14.31412811792372
1 25982U 99065C   15040.05665995  .00000786  00000-0  34606-3 0  9993,2 25982 045.0188 223.8490 0004665 309.2274 204.3452 14.31415254792547
1 25982U 99065C   15041.94283716  .00000861  00000-0  37414-3 0  9993,2 25982 045.0189 215.0040 0004515 317.1228 205.4746 14.31418332792811
1 25982U 99065C   15043.52552094  .00000721  00000-0  32157-3 0  9991,2 25982 045.0191 207.5822 0004394 324.5122 081.6853 14.31422641793045
1 25982U 99065C   15044.93998663  .00000368  00000-0  18979-3 0  9996,2 25982 045.0193 200.9492 0004279 331.0169 171.1159 14.31426543793244
1 25982U 99065C   15047.51621039  .00000456  00000-0  22269-3 0  9998,2 25982 045.0196 188.8683 0004083 343.1091 127.4518 14.31430374793615
1 25982U 99065C   15048.55184619  .00000517  00000-0  24558-3 0  9992,2 25982 045.0196 184.0120 0004004 347.8103 064.6799 14.31432432793763
1 25982U 99065C   15049.83032490  .00000683  00000-0  30735-3 0  9991,2 25982 045.0196 178.0168 0003900 353.6555 173.3897 14.31432401793941
1 25982U 99065C   15051.20761488  .00000750  00000-0  33240-3 0  9990,2 25982 045.0196 171.5582 0003785 000.5833 070.7011 14.31433970794140
1 25982U 99065C   15052.53205925  .00000607  00000-0  27895-3 0  9996,2 25982 045.0195 165.3475 0003685 007.5840 055.3553 14.31437693794332
1 25982U 99065C   15053.58243712  .00000527  00000-0  24915-3 0  9999,2 25982 045.0195 160.4219 0003615 013.5564 067.3770 14.31440165794485
1 25982U 99065C   15055.24607868  .00000474  00000-0  22930-3 0  9996,2 25982 045.0196 152.6204 0003504 022.5886 359.6562 14.31444447794727
1 25982U 99065C   15056.51256517  .00000452  00000-0  22133-3 0  9999,2 25982 045.0197 146.6804 0003467 029.5443 045.4502 14.31445766794900
1 25982U 99065C   15057.64328047  .00000611  00000-0  28051-3 0  9994,2 25982 045.0202 141.3704 0003673 033.5948 113.8266 14.31445669795069
1 25982U 99065C   15058.69461458  .00000530  00000-0  25030-3 0  9998,2 25982 045.0201 136.4403 0003608 039.0145 131.3703 14.31447021795219
1 25982U 99065C   15060.27635534  .00000663  00000-0  29988-3 0  9996,2 25982 045.0201 129.0228 0003510 047.2872 002.0034 14.31450411795445
1 25982U 99065C   15061.55019278  .00000781  00000-0  34398-3 0  9991,2 25982 045.0201 123.0492 0003446 054.3580 085.6285 14.31453136795627
1 25982U 99065C   15062.60044619  .00000814  00000-0  35625-3 0  9996,2 25982 045.0201 118.1240 0003395 060.3879 097.0117 14.31454895795774
1 25982U 99065C   15064.48036828  .00000845  00000-0  36795-3 0  9990,2 25982 045.0201 109.3079 0003322 071.5250 062.9002 14.31458084796042
1 25982U 99065C   15065.53103796  .00000758  00000-0  33524-3 0  9996,2 25982 045.0200 104.3806 0003295 078.1212 075.8856 14.31459493796195
1 25982U 99065C   15067.48515068  .00000732  00000-0  32572-3 0  9995,2 25982 045.0200 095.2165 0003261 090.2941 063.4707 14.31463132796472
1 25982U 99065C   15068.53452407  .00000760  00000-0  33602-3 0  9995,2 25982 045.0201 090.2954 0003243 096.0788 070.6015 14.31465231796628
1 25982U 99065C   15070.11679054  .00000626  00000-0  28603-3 0  9997,2 25982 045.0202 082.8750 0003245 104.9936 303.4014 14.31467262796853
1 25982U 99065C   15071.16284289  .00000619  00000-0  28358-3 0  9994,2 25982 045.0202 077.9693 0003275 111.4219 292.7711 14.31468801797006
1 25982U 99065C   15072.44076738  .00000676  00000-0  30458-3 0  9991,2 25982 045.0203 071.9762 0003316 118.9626 037.0925 14.31471026797187
1 25982U 99065C   15073.48476579  .00000675  00000-0  30415-3 0  9995,2 25982 045.0203 067.0801 0003356 125.2123 016.0597 14.31472483797331
1 25982U 99065C   15075.14302302  .00000626  00000-0  28581-3 0  9999,2 25982 045.0205 059.3033 0003435 134.5500 280.4581 14.31474535797570
1 25982U 99065C   15076.41466626  .00000559  00000-0  26096-3 0  9994,2 25982 045.0206 053.3397 0003510 141.2633 353.2335 14.31476159797754
1 25982U 99065C   15078.14649039  .00000928  00000-0  39875-3 0  9996,2 25982 045.0209 045.2180 0003620 150.3591 277.4025 14.31482169798003
1 25982U 99065C   15079.41911833  .00000875  00000-0  37881-3 0  9997,2 25982 045.0211 039.2497 0003680 157.0202 355.3396 14.31482716798183
1 25982U 99065C   15080.86058369  .00000421  00000-0  20959-3 0  9999,2 25982 045.0212 032.4894 0003828 164.5955 223.2871 14.31485264798397
1 25982U 99065C   15082.20828043  .00000571  00000-0  26553-3 0  9995,2 25982 045.0213 026.1692 0003925 171.1622 328.5686 14.31487717798586
1 25982U 99065C   15083.32500994  .00000627  00000-0  28627-3 0  9997,2 25982 045.0214 020.9321 0004005 176.3423 323.8422 14.31489722798746
1 25982U 99065C   15084.84060685  .00000803  00000-0  35183-3 0  9994,2 25982 045.0216 013.8244 0004120 183.3555 214.7830 14.31492996798967
1 25982U 99065C   15086.18751414  .00000903  00000-0  38916-3 0  9998,2 25982 045.0216 007.5081 0004215 189.4630 316.4865 14.31495950799155
1 25982U 99065C   15087.84378020  .00001000  00000-0  42526-3 0  9991,2 25982 045.0216 359.7408 0004336 197.0382 212.5227 14.31499936799395
1 25982U 99065C   15089.19135450  .00001093  00000-0  45976-3 0  9993,2 25982 045.0215 353.4212 0004446 203.0170 317.8307 14.31503442799580
1 25982U 99065C   15090.78608787  .00001054  00000-0  44527-3 0  9996,2 25982 045.0214 345.9422 0004571 209.5621 257.5276 14.31506703799813
1 25982U 99065C   15091.83554800  .00001033  00000-0  43750-3 0  9993,2 25982 045.0213 341.0203 0004651 214.0840 266.5316 14.31508851799966
1 25982U 99065C   15093.02432986  .00001018  00000-0  43187-3 0  9993,2 25982 045.0212 335.4451 0004745 219.0669 273.7609 14.31511321800138
1 25982U 99065C   15094.07529459  .00000965  00000-0  41194-3 0  9997,2 25982 045.0210 330.5163 0004783 223.3129 290.8220 14.31513438800289
1 25982U 99065C   15095.11824308  .00000869  00000-0  37637-3 0  9994,2 25982 045.0210 325.6251 0004835 227.6179 266.4822 14.31515372800435
1 25982U 99065C   15096.16842748  .00000869  00000-0  37644-3 0  9996,2 25982 045.0209 320.6997 0004899 231.8073 279.5916 14.31517731800581
1 25982U 99065C   15098.12286705  .00000698  00000-0  31255-3 0  9991,2 25982 045.0208 311.5333 0005019 239.0292 274.2192 14.31520790800869
1 25982U 99065C   15099.43233483  .00000586  00000-0  27087-3 0  9995,2 25982 045.0207 305.3918 0005080 244.1690 183.8944 14.31522426801055
1 25982U 99065C   15100.48165513  .00000585  00000-0  27048-3 0  9997,2 25982 045.0206 300.4704 0005112 248.6049 192.3234 14.31523979801204
1 25982U 99065C   15101.51700550  .00000604  00000-0  27755-3 0  9995,2 25982 045.0205 295.6143 0005159 252.1938 129.5429 14.31525565801350
1 25982U 99065C   15102.78342875  .00000662  00000-0  29903-3 0  9998,2 25982 045.0203 289.6745 0005177 257.2401 177.2929 14.31527774801539
1 25982U 99065C   15103.83288174  .00000626  00000-0  28553-3 0  9996,2 25982 045.0203 284.7525 0005198 261.2784 186.8263 14.31529334801680
1 25982U 99065C   15104.95891509  .00000746  00000-0  33037-3 0  9998,2 25982 045.0202 279.4712 0005211 265.6672 231.0562 14.31532066801847
1 25982U 99065C   15106.54708664  .00000914  00000-0  39277-3 0  9993,2 25982 045.0202 272.0224 0005239 271.8147 137.4753 14.31536248802073
1 25982U 99065C   15107.82098625  .00000906  00000-0  38972-3 0  9996,2 25982 045.0202 266.0477 0005235 277.0698 223.6335 14.31538963802251
1 25982U 99065C   15108.87106197  .00001039  00000-0  43935-3 0  9999,2 25982 045.0201 261.1225 0005238 281.3507 236.1811 14.31542012802402
1 25982U 99065C   15109.91497743  .00001099  00000-0  46171-3 0  9996,2 25982 045.0201 256.2262 0005224 285.3274 217.2644 14.31544697802559
1 25982U 99065C   15111.51479082  .00001341  00000-0  55201-3 0  9995,2 25982 045.0201 248.7223 0005203 291.6231 183.6644 14.31550114802784
1 25982U 99065C   15112.77710319  .00001478  00000-0  60290-3 0  9990,2 25982 045.0201 242.8016 0005179 296.7310 210.2627 14.31554521802969
1 25982U 99065C   15114.42927942  .00001322  00000-0  54472-3 0  9999,2 25982 045.0201 235.0524 0005130 303.2274 086.6287 14.31558500803203
1 25982U 99065C   15115.47903080  .00001097  00000-0  46082-3 0  9999,2 25982 045.0202 230.1289 0005110 307.5931 097.4894 14.31560381803353
1 25982U 99065C   15116.82585743  .00000810  00000-0  35401-3 0  9996,2 25982 045.0201 223.8120 0005060 313.1557 199.6504 14.31562390803542
1 25982U 99065C   15118.13528278  .00000633  00000-0  28795-3 0  9993,2 25982 045.0201 217.6705 0005011 318.4187 109.1835 14.31564300803732
1 25982U 99065C   15119.45946331  .00000493  00000-0  23606-3 0  9993,2 25982 045.0199 211.4597 0004932 323.9154 094.6058 14.31565768803920
1 25982U 99065C   15120.50965469  .00000432  00000-0  21328-3 0  9996,2 25982 045.0197 206.5339 0004871 328.2835 107.7613 14.31566894804074
1 25982U 99065C   15121.70763250  .00000396  00000-0  19993-3 0  9997,2 25982 045.0196 200.9150 0004807 333.3580 162.5881 14.31568237804243
1 25982U 99065C   15123.22333034  .00000335  00000-0  17702-3 0  9998,2 25982 045.0194 193.8058 0004719 339.9698 054.8789 14.31569741804467
1 25982U 99065C   15124.34166219  .00000282  00000-0  15720-3 0  9990,2 25982 045.0194 188.5604 0004648 345.0683 058.8287 14.31570693804621
1 25982U 99065C   15125.55141500  .00000214  00000-0  13207-3 0  9993,2 25982 045.0193 182.8863 0004570 350.5961 173.9583 14.31571457804793
1 25982U 99065C   15126.59991582  .00000326  00000-0  17362-3 0  9991,2 25982 045.0193 177.9684 0004493 355.5219 177.8573 14.31573031804943
1 25982U 99065C   15128.18081564  .00000386  00000-0  19601-3 0  9992,2 25982 045.0192 170.5533 0004395 002.7625 045.8966 14.31574750805172
1 25982U 99065C   15129.45377715  .00000412  00000-0  20578-3 0  9994,2 25982 045.0189 164.5825 0004314 009.2921 126.1138 14.31576093805353
1 25982U 99065C   15130.49645495  .00000509  00000-0  24193-3 0  9997,2 25982 045.0188 159.6917 0004237 014.5784 099.6302 14.31577731805503
1 25982U 99065C   15131.54721793  .00000627  00000-0  28562-3 0  9995,2 25982 045.0186 154.7630 0004174 020.0338 114.6953 14.31579871805659
1 25982U 99065C   15133.50789826  .00000813  00000-0  35519-3 0  9991,2 25982 045.0187 145.5660 0004061 030.4450 138.7696 14.31584065805939
1 25982U 99065C   15134.60897263  .00000930  00000-0  39847-3 0  9996,2 25982 045.0188 140.4012 0004008 036.3333 052.9645 14.31586785806091
1 25982U 99065C   15136.13526088  .00000824  00000-0  35894-3 0  9990,2 25982 045.0190 133.2419 0003922 044.9010 358.0328 14.31589198806310
1 25982U 99065C   15137.53884531  .00000766  00000-0  33731-3 0  9998,2 25982 045.0191 126.6583 0003872 052.9623 030.6310 14.31591588806514
1 25982U 99065C   15139.13855795  .00000663  00000-0  29902-3 0  9997,2 25982 045.0192 119.1546 0003818 062.4448 353.5865 14.31593868806742
1 25982U 99065C   15140.54219022  .00000575  00000-0  26643-3 0  9992,2 25982 045.0193 112.5706 0003808 070.8794 026.0858 14.31596005806946
1 25982U 99065C   15142.14178940  .00000479  00000-0  23068-3 0  9994,2 25982 045.0194 105.0672 0003800 080.7648 348.0805 14.31598098807175
1 25982U 99065C   15143.19112611  .00000329  00000-0  17472-3 0  9999,2 25982 045.0197 100.1450 0003806 087.2484 354.8323 14.31598717807329
1 25982U 99065C   15144.39117725  .00000256  00000-0  14754-3 0  9992,2 25982 045.0199 094.5159 0003827 094.5392 058.2752 14.31599779807493
1 25982U 99065C   15145.42510689  .00000216  00000-0  13277-3 0  9998,2 25982 045.0201 089.6661 0003839 100.9880 345.5872 14.31600536807643
1 25982U 99065C   15146.81434388  .00000185  00000-0  12098-3 0  9998,2 25982 045.0204 083.1498 0003912 109.2882 303.9844 14.31601330807841
1 25982U 99065C   15147.85894319  .00000218  00000-0  13345-3 0  9990,2 25982 045.0206 078.2501 0003968 115.3945 286.6860 14.31602167807992
1 25982U 99065C   15148.92028148  .00000242  00000-0  14231-3 0  9990,2 25982 045.0207 073.2719 0004030 121.8379 355.4073 14.31603089808146
1 25982U 99065C   15150.18343624  .00000219  00000-0  13394-3 0  9993,2 25982 045.0207 067.3472 0004122 129.0219 024.5098 14.31603988808320
1 25982U 99065C   15151.22263546  .00000505  00000-0  24020-3 0  9999,2 25982 045.0208 062.4727 0004199 134.9090 339.5837 14.31606346808473
1 25982U 99065C   15153.18557535  .00000130  00000-0  10053-3 0  9995,2 25982 045.0210 053.2655 0004356 145.5051 015.2938 14.31605816808756
1 25982U 99065C   15155.13876538  .00000223  00000-0  13522-3 0  9996,2 25982 045.0212 044.1039 0004525 156.0313 000.7848 14.31607435809039
1 25982U 99065C   15156.18255900  .00000281  00000-0  15664-3 0  9999,2 25982 045.0212 039.2079 0004634 161.4147 340.0744 14.31608306809183
1 25982U 99065C   15157.84096157  .00000397  00000-0  20008-3 0  9996,2 25982 045.0213 031.4290 0004798 169.8057 246.9802 14.31610075809428
1 25982U 99065C   15159.11217564  .00000480  00000-0  23082-3 0  9993,2 25982 045.0212 025.4664 0004913 176.1088 318.5710 14.31611747809600
1 25982U 99065C   15160.76961794  .00000550  00000-0  25701-3 0  9995,2 25982 045.0211 017.6918 0005083 184.1424 220.9050 14.31614165809842
1 25982U 99065C   15161.82042993  .00000565  00000-0  26229-3 0  9996,2 25982 045.0211 012.7627 0005194 189.0731 236.8808 14.31615636809990
1 25982U 99065C   15165.51047814  .00000665  00000-0  29949-3 0  9996,2 25982 045.0213 355.4536 0005574 206.0239 176.1173 14.31621239810521
1 25982U 99065C   15166.02188522 +.00000617 +00000-0 +28165-3 0  9991,2 25982 045.0213 353.0547 0005605 208.3859 292.0029 14.31621677810563
1 25982U 99065C   15167.60513484  .00000529  00000-0  24904-3 0  9994,2 25982 045.0212 345.6281 0005746 215.4487 172.6202 14.31623487810822
1 25982U 99065C   15168.81193694  .00000433  00000-0  21321-3 0  9999,2 25982 045.0212 339.9675 0005824 220.7117 273.0249 14.31624745810994
1 25982U 99065C   15169.86067763  .00000311  00000-0  16776-3 0  9995,2 25982 045.0212 335.0481 0005929 225.1355 278.8633 14.31625497811148
1 25982U 99065C   15170.91131551  .00000233  00000-0  13882-3 0  9998,2 25982 045.0211 330.1198 0005963 229.8802 294.1698 14.31626244811293
1 25982U 99065C   15171.95586440  .00000176  00000-0  11758-3 0  9990,2 25982 045.0212 325.2200 0006057 234.2977 278.3935 14.31626871811442
1 25982U 99065C   15172.79090745 -.00000220  00000-0 -29829-4 0  9992,2 25982 045.0226 321.3009 0005973 237.7738 262.7314 14.31619992811567
1 25982U 99065C   15173.84075854  .00000069  00000-0  78007-4 0  9994,2 25982 045.0211 316.3780 0006189 242.1664 274.3079 14.31620585811713
1 25982U 99065C   15175.49250969  .00000303  00000-0  16488-3 0  9994,2 25982 045.0210 308.6301 0006290 249.1803 148.3577 14.31622658811952
1 25982U 99065C   15176.54255920  .00000226  00000-0  13633-3 0  9996,2 25982 045.0209 303.7047 0006350 253.5920 160.9499 14.31623069812107
1 25982U 99065C   15177.74701237  .00000165  00000-0  11358-3 0  9990,2 25982 045.0209 298.0552 0006392 258.6006 249.4881 14.31623758812272
1 25982U 99065C   15179.12514363  .00000077  00000-0  80732-4 0  9991,2 25982 045.0209 291.5909 0006448 264.3823 153.2289 14.31624364812479
1 25982U 99065C   15180.45751442  .00000004  00000-0  53690-4 0  9993,2 25982 045.0207 285.3411 0006473 269.9348 181.1303 14.31624738812660
1 25982U 99065C   15181.49883653 -.00000021  00000-0  44176-4 0  9997,2 25982 045.0206 280.4566 0006470 274.3283 148.7242 14.31624910812811
1 25982U 99065C   15182.77042091 -.00000004  00000-0  50835-4 0  9992,2 25982 045.0205 274.4919 0006482 279.6554 223.3266 14.31625251812991
1 25982U 99065C   15184.42857182  .00000030  00000-0  63430-4 0  9994,2 25982 045.0203 266.7137 0006485 286.5619 130.5181 14.31625717813237
1 25982U 99065C   15185.47887414  .00000048  00000-0  70091-4 0  9991,2 25982 045.0202 261.7870 0006479 291.0447 144.3550 14.31626066813385
1 25982U 99065C   15186.52798909  .00000110  00000-0  93247-4 0  9996,2 25982 045.0200 256.8659 0006473 295.5323 152.0651 14.31626861813537
1 25982U 99065C   15187.65450022  .00000085  00000-0  83952-4 0  9995,2 25982 045.0199 251.5818 0006443 300.4327 198.6387 14.31627369813693
1 25982U 99065C   15188.96441326  .00000117  00000-0  95628-4 0  9996,2 25982 045.0196 245.4373 0006427 306.1488 110.5378 14.31628318813880
1 25982U 99065C   15190.21861655  .00000174  00000-0  11696-3 0  9993,2 25982 045.0194 239.5540 0006388 311.5821 095.3261 14.31629348814061
1 25982U 99065C   15191.56598443  .00000155  00000-0  10992-3 0  9991,2 25982 045.0191 233.2336 0006333 317.5879 200.1664 14.31630010814253
1 25982U 99065C   15192.60962543  .00000273  00000-0  15368-3 0  9996,2 25982 045.0190 228.3378 0006285 322.2666 179.4621 14.31631291814406
1 25982U 99065C   15194.12563530  .00000294  00000-0  16157-3 0  9998,2 25982 045.0188 221.2261 0006198 329.1089 073.4735 14.31632415814626
1 25982U 99065C   15195.47311131  .00000323  00000-0  17216-3 0  9995,2 25982 045.0188 214.9051 0006121 335.3989 178.6063 14.31633802814810
1 25982U 99065C   15196.50788390  .00000281  00000-0  15669-3 0  9998,2 25982 045.0188 210.0511 0006063 340.3353 111.9076 14.31634620814963
1 25982U 99065C   15198.10428307  .00000189  00000-0  12264-3 0  9990,2 25982 045.0188 202.5624 0006005 348.0484 059.7880 14.31635856815190
1 25982U 99065C   15199.15043794  .00000226  00000-0  13626-3 0  9994,2 25982 045.0188 197.6549 0005935 353.1820 051.6226 14.31637167815341
1 25982U 99065C   15200.49552769  .00000252  00000-0  14593-3 0  9994,2 25982 045.0188 191.3451 0005834 359.8485 144.0916 14.31638563815537
1 25982U 99065C   15201.80626624  .00000200  00000-0  12673-3 0  9992,2 25982 045.0189 185.1964 0005748 006.4027 059.4634 14.31639281815724
1 25982U 99065C   15203.20379225  .00000198  00000-0  12569-3 0  9990,2 25982 045.0189 178.6404 0005640 013.6192 061.9001 14.31640084815925
1 25982U 99065C   15204.40170515  .00000117  00000-0  95806-4 0  9991,2 25982 045.0190 173.0210 0005591 020.2337 115.1615 14.31640228816093
1 25982U 99065C   15205.45164484  .00000058  00000-0  73726-4 0  9996,2 25982 045.0191 168.0959 0005534 025.9491 125.9505 14.31640457816246
1 25982U 99065C   15207.18267480 -.00000035  00000-0  39038-4 0  9992,2 25982 045.0194 159.9755 0005419 035.5686 046.4949 14.31640717816492
1 25982U 99065C   15208.38270442 -.00000039  00000-0  37642-4 0  9990,2 25982 045.0196 154.3462 0005365 042.2429 110.6226 14.31641124816662
1 25982U 99065C   15209.89720084  .00000019  00000-0  59101-4 0  9990,2 25982 045.0197 147.2418 0005298 050.7159 355.2492 14.31641889816888
1 25982U 99065C   15211.17082796  .00000091  00000-0  86071-4 0  9991,2 25982 045.0197 141.2673 0005279 058.3128 078.1408 14.31642689817062
1 25982U 99065C   15212.22062615  .00000156  00000-0  11024-3 0  9993,2 25982 045.0197 136.3427 0005270 064.5352 087.7018 14.31643391817214
1 25982U 99065C   15213.26419894  .00000155  00000-0  10995-3 0  9998,2 25982 045.0198 131.4474 0005266 070.7368 065.1691 14.31643801817363
1 25982U 99065C   15214.84880138  .00000133  00000-0  10168-3 0  9994,2 25982 045.0199 124.0140 0005261 080.0849 310.6037 14.31644558817592
1 25982U 99065C   15216.20056686  .00000108  00000-0  92506-4 0  9998,2 25982 045.0201 117.6730 0005261 087.9074 076.3881 14.31645231817788
1 25982U 99065C   15217.86744612  .00000101  00000-0  89919-4 0  9991,2 25982 045.0203 109.8538 0005294 097.8071 025.7362 14.31646107818025
1 25982U 99065C   15219.13009285  .00000127  00000-0  99559-4 0  9992,2 25982 045.0203 103.9308 0005340 105.2736 052.1300 14.31646883818206
1 25982U 99065C   15220.17374147  .00000175  00000-0  11730-3 0  9997,2 25982 045.0203 099.0350 0005400 111.5407 029.9379 14.31647635818350
1 25982U 99065C   15221.83184356  .00000225  00000-0  13602-3 0  9998,2 25982 045.0202 091.2568 0005499 121.0018 294.4605 14.31648911818591
1 25982U 99065C   15223.10337463  .00000176  00000-0  11752-3 0  9998,2 25982 045.0202 085.2919 0005591 128.2784 006.8891 14.31649427818771
1 25982U 99065C   15224.83493105  .00000090  00000-0  85731-4 0  9999,2 25982 045.0203 077.1690 0005722 138.0781 290.0267 14.31650129819024
1 25982U 99065C   15226.03312419  .00000046  00000-0  69299-4 0  9993,2 25982 045.0204 071.5482 0005817 144.6033 344.8701 14.31650604819197
1 25982U 99065C   15227.83825752  .00000043  00000-0  68161-4 0  9995,2 25982 045.0206 063.0802 0005988 154.4705 287.5227 14.31651331819458
1 25982U 99065C   15228.96891448  .00000103  00000-0  90626-4 0  9993,2 25982 045.0206 057.7764 0006108 160.5571 354.3964 14.31652078819617
1 25982U 99065C   15230.01281341  .00000109  00000-0  92627-4 0  9996,2 25982 045.0207 052.8795 0006218 166.0632 334.2756 14.31652509819760
1 25982U 99065C   15231.52824134  .00000046  00000-0  69224-4 0  9993,2 25982 045.0207 045.7704 0006369 173.8751 224.4290 14.31652779819982
1 25982U 99065C   15232.94922108  .00000016  00000-0  58137-4 0  9998,2 25982 045.0208 039.1045 0006501 180.9658 348.0554 14.31653228820181
1 25982U 99065C   15235.87839102 -.00000079 +00000-0 +22878-4 0  9997,2 25982 045.0212 025.3637 0006802 195.4500 324.9199 14.31653598820606
1 25982U 99065C   15236.92195478 -.00000056 +00000-0 +31376-4 0  9993,2 25982 045.0214 020.4684 0006902 200.4952 303.5361 14.31653869820723
1 25982U 99065C   15238.50642390 -.00000011  00000-0  48126-4 0  9991,2 25982 045.0215 013.0357 0007050 208.0891 190.0926 14.31654310820986
1 25982U 99065C   15239.48307336 +.00000032 +00000-0 +63930-4 0  9999,2 25982 045.0215 008.4544 0007159 212.8076 183.8346 14.31654836821092
1 25982U 99065C   15240.53326791  .00000149  00000-0  10744-3 0  9996,2 25982 045.0215 003.5280 0007236 217.6138 196.9096 14.31656188821272
1 25982U 99065C   15241.73888678  .00000177  00000-0  11789-3 0  9997,2 25982 045.0215 357.8725 0007302 223.1682 291.0616 14.31657239821443
1 25982U 99065C   15241.80474681 +.00000177 +00000-0 +11786-3 0  9997,2 25982 045.0215 357.5636 0007302 223.4996 270.4977 14.31657288821425
1 25982U 99065C   15243.18844464  .00000129  00000-0  99975-4 0  9994,2 25982 045.0215 351.0726 0007415 229.8698 202.5340 14.31658049821659
1 25982U 99065C   15243.76306817 +.00000103 +00000-0 +90564-4 0  9990,2 25982 045.0214 348.3770 0007450 232.4697 284.3797 14.31658294821706
1 25982U 99065C   15244.52165067  .00000078  00000-0  81134-4 0  9999,2 25982  45.0215 344.8185 0007495 235.8949 234.4330 14.31658598821845
1 25982U 99065C   15245.56277036 +.00000034 +00000-0 +64835-4 0  9995,2 25982 045.0215 339.9346 0007553 240.7487 200.6491 14.31658787821995
1 25982U 99065C   15246.47494005 +.00000020 +00000-0 +59397-4 0  9995,2 25982 045.0215 335.6556 0007616 244.8356 222.3887 14.31658993822092
1 25982U 99065C   15247.22656248  .00000047  00000-0  69462-4 0  9991,2 25982  45.0214 332.1297 0007657 248.2440 136.5548 14.31659332822236
1 25982U 99065C   15248.57342146  .00000084  00000-0  83304-4 0  9991,2 25982  45.0212 325.8116 0007708 254.1476 239.0175 14.31659949822425
1 25982U 99065C   15248.71486265 +.00000080 +00000-0 +81989-4 0  9991,2 25982 045.0212 325.1482 0007724 254.8986 247.9531 14.31659972822414
1 25982U 99065C   15249.69050862  .00000064  00000-0  75868-4 0  9990,2 25982  45.0210 320.5715 0007763 259.2822 236.8708 14.31660224822584
1 25982U 99065C   15251.20848824  .00000052  00000-0  71317-4 0  9995,2 25982  45.0208 313.4505 0007808 266.1076 141.2187 14.31660856822803
1 25982U 99065C   15251.64442627 +.00000047 +00000-0 +69755-4 0  9991,2 25982 045.0207 311.4056 0007813 268.0795 228.2280 14.31661068822835
1 25982U 99065C   15252.47164988  .00000045  00000-0  68770-4 0  9998,2 25982  45.0206 307.5250 0007826 271.7528 172.1585 14.31661491822986
1 25982U 99065C   15253.52247958  .00000079  00000-0  81499-4 0  9994,2 25982  45.0205 302.5955 0007843 276.4841 188.6056 14.31662249823136
1 25982U 99065C   15253.67107825 +.00000077 +00000-0 +80757-4 0  9992,2 25982 045.0205 301.8984 0007841 277.1375 234.5655 14.31662319823121
1 25982U 99065C   15254.64842346  .00000107  00000-0  91965-4 0  9991,2 25982  45.0204 297.3135 0007847 281.5202 232.2604 14.31662989823291
1 25982U 99065C   15256.16228829  .00000112  00000-0  93638-4 0  9999,2 25982  45.0203 290.2117 0007849 288.2631 115.4772 14.31663708823517
1 25982U 99065C   15257.50972650  .00000095  00000-0  87268-4 0  9998,2 25982  45.0201 283.8907 0007823 294.3399 220.7746 14.31664129823701
1 25982U 99065C   15257.91248425 +.00000089 +00000-0 +85372-4 0  9996,2 25982 045.0201 282.0013 0007819 296.1827 136.7421 14.31664273823730
1 25982U 99065C   15258.55296950  .00000054  00000-0  72041-4 0  9994,2 25982  45.0200 278.9967 0007806 299.1033 198.0570 14.31664287823853
1 25982U 99065C   15258.88846846 +.00000041 +00000-0 +67407-4 0  9991,2 25982 045.0199 277.4228 0007803 300.6032 127.3825 14.31664358823877
1 25982U 99065C   15260.13746113 -.00000003  00000-0  50926-4 0  9995,2 25982  45.0197 271.5634 0007758 306.2708  85.2177 14.31664624824084
1 25982U 99065C   15261.18670016  .00000004  00000-0  53703-4 0  9995,2 25982  45.0196 266.6412 0007724 311.1651  93.3071 14.31665123824232
1 25982U 99065C   15262.53339366  .00000052  00000-0  71501-4 0  9994,2 25982  45.0196 260.3235 0007679 317.6237 194.3906 14.31665942824425
1 25982U 99065C   15264.19050112  .00000108  00000-0  92144-4 0  9995,2 25982  45.0196 252.5494 0007589 325.2724  95.7030 14.31666935824662
1 25982U 99065C   15265.46227020  .00000145  00000-0  10595-3 0  9990,2 25982  45.0195 246.5832 0007525 331.4428 170.5497 14.31667669824844
1 25982U 99065C   15265.92752074 +.00000160 +00000-0 +11151-3 0  9999,2 25982 045.0195 244.4006 0007503 333.6645 048.5420 14.31667959824881
1 25982U 99065C   15266.90412984  .00000169  00000-0  11491-3 0  9997,2 25982  45.0195 239.8191 0007442 338.4212  42.0848 14.31668509825054
1 25982U 99065C   15268.17037341  .00000189  00000-0  12223-3 0  9994,2 25982  45.0195 233.8789 0007355 344.7211  88.3053 14.31669460825231
1 25982U 99065C   15268.93082280 +.00000201 +00000-0 +12695-3 0  9998,2 25982 045.0195 230.3114 0007314 348.6238 047.5455 14.31670109825316
1 25982U 99065C   15269.36872622  .00000184  00000-0  12062-3 0  9991,2 25982  45.0195 228.2572 0007277 350.7875 144.5171 14.31670374825406
1 25982U 99065C   15269.90734552 +.00000187 +00000-0 +12167-3 0  9999,2 25982 045.0195 225.7303 0007241 353.4686 040.5637 14.31670838825453
1 25982U 99065C   15270.41834341  .00000170  00000-0  11532-3 0  9991,2 25982  45.0195 223.3332 0007198 356.0153 154.2461 14.31671140825554
1 25982U 99065C   15270.95708498 +.00000185 +00000-0 +12081-3 0  9999,2 25982 045.0195 220.8057 0007155 358.7094 050.9117 14.31671652825600
1 25982U 99065C   15271.86037343  .00000172  00000-0  11593-3 0  9997,2 25982  45.0195 216.5681 0007092   3.2842  26.3889 14.31672211825760
1 25982U 99065C   15271.93373505 +.00000203 +00000-0 +12765-3 0  9995,2 25982 045.0195 216.2240 0007084 003.6593 044.4858 14.31672452825748
1 25982U 99065C   15272.91035802  .00000207  00000-0  12924-3 0  9990,2 25982  45.0195 211.6423 0007023   8.7234  37.8079 14.31673119825912
1 25982U 99065C   15274.18376130  .00000273  00000-0  15354-3 0  9996,2 25982  45.0197 205.6685 0006936  15.4264 120.5819 14.31674306826098
1 25982U 99065C   15275.23407387  .00000354  00000-0  18357-3 0  9998,2 25982  45.0197 200.7412 0006874  21.0983 133.4671 14.31675420826248
1 25982U 99065C   15276.27748410  .00000310  00000-0  16743-3 0  9997,2 25982  45.0197 195.8464 0006809  26.6984 110.8181 14.31675943826390
1 25982U 99065C   15276.88392447 +.00000299 +00000-0 +16334-3 0  9991,2 25982 045.0197 193.0014 0006779 030.0283 356.1151 14.31676403826459
1 25982U 99065C   15277.86126149  .00000240  00000-0  14126-3 0  9997,2 25982  45.0197 188.4165 0006728  35.4144 352.8140 14.31676949826628
1 25982U 99065C   15279.21403008  .00000185  00000-0  12110-3 0  9999,2 25982  45.0196 182.0706 0006671  42.8855 124.2860 14.31677933826811
1 25982U 99065C   15279.88791262 +.00000150 +00000-0 +10808-3 0  9998,2 25982 045.0196 178.9093 0006642 046.6418 357.0961 14.31678347826884
1 25982U 99065C   15280.79605814  .00000181  00000-0  11941-3 0  9990,2 25982  45.0195 174.6490 0006606  51.7174 357.1547 14.31679311827045
1 25982U 99065C   15281.84178690  .00000196  00000-0  12518-3 0  9991,2 25982  45.0194 169.7432 0006573  57.6607 346.1414 14.31680222827194
1 25982U 99065C   15283.18687021  .00000181  00000-0  11939-3 0  9993,2 25982  45.0193 163.4330 0006543  65.3508  77.7581 14.31680948827382
1 25982U 99065C   15283.86836919 +.00000178 +00000-0 +11821-3 0  9996,2 25982 045.0193 160.2358 0006530 069.3792 349.5955 14.31681294827450
1 25982U 99065C   15284.84491916  .00000186  00000-0  12135-3 0  9997,2 25982  45.0192 155.6544 0006520  75.0244 341.9912 14.31681862827628
1 25982U 99065C   15284.91858064 +.00000184 +00000-0 +12073-3 0  9995,2 25982 045.0192 155.3089 0006519 075.4466 001.5901 14.31681886827608
1 25982U 99065C   15286.11629155  .00000162  00000-0  11233-3 0  9999,2 25982  45.0191 149.6901 0006524  82.3819  53.6729 14.31682484827804
1 25982U 99065C   15286.87146183 +.00000137 +00000-0 +10315-3 0  9999,2 25982 045.0191 146.1473 0006529 086.8012 345.1961 14.31682834827883
1 25982U 99065C   15287.84797758  .00000134  00000-0  10206-3 0  9993,2 25982  45.0191 141.5661 0006543  92.3993 337.4694 14.31683475828056
1 25982U 99065C   15287.92074764 +.00000132 +00000-0 +10132-3 0  9993,2 25982 045.0191 141.2247 0006547 092.8111 352.4804 14.31683510828032
1 25982U 99065C   15289.04606749  .00000116  00000-0  95447-4 0  9997,2 25982  45.0190 135.9455 0006568  99.2006  31.6489 14.31684152828228
1 25982U 99065C   15290.09768022  .00000143  00000-0  10545-3 0  9992,2 25982  45.0189 131.0119 0006595 105.2907  50.8631 14.31685012828372
1 25982U 99065C   15291.53822391  .00000214  00000-0  13167-3 0  9994,2 25982  45.0189 124.2536 0006641 113.6361 274.3336 14.31686284828588
1 25982U 99065C   15292.58857999  .00000290  00000-0  15995-3 0  9997,2 25982  45.0189 119.3257 0006686 119.5797 287.2188 14.31687411828738
1 25982U 99065C   15292.95843123 +.00000337 +00000-0 +17738-3 0  9991,2 25982 045.0189 117.5906 0006710 121.7340 033.1439 14.31688006828756
1 25982U 99065C   15293.86147902  .00000395  00000-0  19891-3 0  9990,2 25982  45.0188 113.3538 0006755 126.8660   6.8765 14.31689046828912
1 25982U 99065C   15293.92786932 +.00000410 +00000-0 +20465-3 0  9996,2 25982 045.0188 113.0424 0006760 127.2015 349.0523 14.31689222828895
1 25982U 99065C   15294.97850846  .00000484  00000-0  23195-3 0  9992,2 25982  45.0189 108.1132 0006814 133.0321   3.5237 14.31690747829071
1 25982U 99065C   15296.49285227  .00000568  00000-0  26333-3 0  9996,2 25982  45.0191 101.0086 0006917 141.5860 247.5590 14.31693201829294
1 25982U 99065C   15297.54320147  .00000558  00000-0  25961-3 0  9999,2 25982  45.0193  96.0809 0006997 147.3773 260.5881 14.31694698829443
1 25982U 99065C   15297.90931604 +.00000520 +00000-0 +24539-3 0  9994,2 25982 045.0193 094.3634 0007023 149.3945 347.3807 14.31695018829465
1 25982U 99065C   15298.82069709  .00000484  00000-0  23180-3 0  9994,2 25982  45.0195  90.0876 0007087 154.2689   4.3861 14.31696113829623
1 25982U 99065C   15298.89128047 +.00000485 +00000-0 +23217-3 0  9994,2 25982 045.0195 089.7565 0007091 154.6119 008.1879 14.31696214829601
1 25982U 99065C   15299.86768838  .00000403  00000-0  20200-3 0  9999,2 25982  45.0197  85.1756 0007170 159.8651   0.2957 14.31697036829772
1 25982U 99065C   15300.91121856  .00000378  00000-0  19256-3 0  9991,2 25982  45.0199  80.2799 0007251 165.3133 338.5006 14.31698058829928
1 25982U 99065C   15302.42752457  .00000380  00000-0  19333-3 0  9995,2 25982  45.0201  73.1661 0007378 173.3086 233.2526 14.31699569830149
1 25982U 99065C   15303.48767123  .00000396  00000-0  19913-3 0  9999,2 25982  45.0202  68.1924 0007467 178.8742 297.0765 14.31700720830295
1 25982U 99065C   15303.84065214 +.00000422 +00000-0 +20880-3 0  9996,2 25982 045.0202 066.5365 0007485 180.7253 316.2859 14.31701233830316
1 25982U 99065C   15304.74997773  .00000376  00000-0  19193-3 0  9993,2 25982  45.0204  62.2704 0007564 185.3456 322.9593 14.31701867830471
1 25982U 99065C   15305.80059672  .00000443  00000-0  21659-3 0  9993,2 25982  45.0206  57.3416 0007645 190.6319 337.9170 14.31703336830622
1 25982U 99065C   15307.17748064  .00000292  00000-0  16040-3 0  9995,2 25982  45.0209  50.8822 0007752 197.4878 234.5407 14.31703904830826
1 25982U 99065C   15308.50186428  .00000322  00000-0  17159-3 0  9999,2 25982  45.0211  44.6691 0007867 203.9530 220.7080 14.31705402831010
1 25982U 99065C   15308.57461683 +.00000326 +00000-0 +17326-3 0  9995,2 25982 045.0211 044.3279 0007871 204.3115 235.6878 14.31705504830997
1 25982U 99065C   15309.77339535  .00000318  00000-0  17019-3 0  9998,2 25982  45.0212  38.7041 0007967 210.0982 294.5289 14.31706559831198
1 25982U 99065C   15311.21539421  .00000332  00000-0  17546-3 0  9997,2 25982  45.0213  31.9391 0008083 217.0323 167.0282 14.31707830831402
1 25982U 99065C   15312.56227848  .00000396  00000-0  19922-3 0  9993,2 25982  45.0213  25.6206 0008160 223.4064 269.3915 14.31709619831592
1 25982U 99065C   15312.63624050 +.00000390 +00000-0 +19706-3 0  9991,2 25982 045.0213 025.2736 0008163 223.7584 290.6186 14.31709664831574
1 25982U 99065C   15313.67931831  .00000429  00000-0  21133-3 0  9994,2 25982  45.0213  20.3802 0008226 228.7832 266.9632 14.31711103831758
1 25982U 99065C   15315.19835194  .00000443  00000-0  21647-3 0  9994,2 25982  45.0213  13.2537 0008307 235.8622 176.7780 14.31713077831978
1 25982U 99065C   15316.24922631  .00000368  00000-0  18854-3 0  9996,2 25982  45.0213   8.3236 0008355 240.6956 193.5471 14.31713919832123
1 25982U 99065C   15317.44609008  .00000313  00000-0  16813-3 0  9992,2 25982  45.0214   2.7089 0008400 246.3111 242.7180 14.31714988832294
1 25982U 99065C   15318.56910337  .00000342  00000-0  17908-3 0  9994,2 25982  45.0213 357.4404 0008434 251.5105 271.3063 14.31716375832450
1 25982U 99065C   15320.15083652  .00000344  00000-0  17982-3 0  9997,2 25982  45.0212 350.0198 0008486 258.8044 144.4097 14.31717954832683
1 25982U 99065C   15321.19629613  .00000469  00000-0  22606-3 0  9992,2 25982  45.0211 345.1150 0008516 263.6990 133.2058 14.31719839832837
1 25982U 99065C   15322.40113009  .00000508  00000-0  24051-3 0  9994,2 25982  45.0210 339.4626 0008526 269.2133 223.6238 14.31721453833001
1 25982U 99065C   15323.45186800  .00000492  00000-0  23458-3 0  9991,2 25982  45.0209 334.5329 0008527 274.0637 239.7064 14.31722785833159
1 25982U 99065C   15324.49513936  .00000440  00000-0  21531-3 0  9993,2 25982  45.0208 329.6382 0008521 278.8831 217.3027 14.31723895833305
1 25982U 99065C   15324.56778119 +.00000453 +00000-0 +22034-3 0  9990,2 25982 045.0208 329.2974 0008521 279.2251 231.7333 14.31724117833284
1 25982U 99065C   15325.80550016  .00000402  00000-0  20122-3 0  9992,2 25982  45.0209 323.4905 0008509 284.8855 131.6844 14.31725502833490
1 25982U 99065C   15327.20236324  .00000359  00000-0  18517-3 0  9997,2 25982  45.0209 316.9369 0008476 291.2805 131.9603 14.31726966833694
1 25982U 99065C   15327.96302109 +.00000377 +00000-0 +19198-3 0  9991,2 25982 045.0208 313.3682 0008459 294.7985 092.8176 14.31727890833776
1 25982U 99065C   15328.94033029 +.00000355 +00000-0 +18370-3 0  9999,2 25982 045.0208 308.7830 0008426 299.3155 090.4231 14.31728754833915
1 25982U 99065C   15330.13187830  .00000349  00000-0  18176-3 0  9990,2 25982  45.0207 303.1928 0008374 304.8247 112.3403 14.31729919834119
1 25982U 99065C   15331.18190314  .00000329  00000-0  17418-3 0  9993,2 25982  45.0206 298.2665 0008326 309.8297 124.6197 14.31730791834269
1 25982U 99065C   15332.38000301  .00000363  00000-0  18693-3 0  9996,2 25982  45.0205 292.6454 0008262 315.5203 180.1675 14.31732202834438
1 25982U 99065C   15332.91878045 +.00000313 +00000-0 +16824-3 0  9992,2 25982 045.0204 290.1176 0008234 318.0644 077.2864 14.31732502834481
1 25982U 99065C   15333.89525398  .00000313  00000-0  16811-3 0  9996,2 25982  45.0204 285.5363 0008175 322.6993  70.4806 14.31733529834659
1 25982U 99065C   15333.96797332 +.00000282 +00000-0 +15686-3 0  9997,2 25982 045.0204 285.1951 0008168 323.0418 085.3124 14.31733456834632
1 25982U 99065C   15335.17024976  .00000276  00000-0  15465-3 0  9997,2 25982  45.0205 279.5545 0008091 328.8392 162.3119 14.31734615834838
1 25982U 99065C   15335.92148807 +.00000275 +00000-0 +15431-3 0  9992,2 25982 045.0205 276.0299 0008040 332.3900 074.5593 14.31735280834913
1 25982U 99065C   15336.89816130  .00000245  00000-0  14288-3 0  9996,2 25982  45.0205 271.4477 0007975 337.1743  68.6417 14.31735902835083
1 25982U 99065C   15338.01730084  .00000211  00000-0  13048-3 0  9991,2 25982  45.0204 266.1973 0007898 342.7264  76.9728 14.31736488835243
1 25982U 99065C   15339.14959888  .00000184  00000-0  12057-3 0  9999,2 25982  45.0203 260.8851 0007815 348.4073 153.0646 14.31736997835407
1 25982U 99065C   15340.19831980  .00000191  00000-0  12296-3 0  9991,2 25982  45.0201 255.9649 0007738 353.7503 158.3047 14.31737637835557
1 25982U 99065C   15340.94684550 +.00000196 +00000-0 +12501-3 0  9997,2 25982 045.0200 252.4530 0007678 357.5461 056.3204 14.31738141835637
1 25982U 99065C   15341.86447772  .00000164  00000-0  11302-3 0  9995,2 25982  45.0198 248.1478 0007609   2.3393 105.7978 14.31738510835793
1 25982U 99065C   15341.92336479 +.00000161 +00000-0 +11175-3 0  9998,2 25982 045.0198 247.8715 0007600 002.6278 049.3212 14.31738542835776
1 25982U 99065C   15343.20134134  .00000115  00000-0  94651-4 0  9995,2 25982  45.0197 241.8758 0007519   9.3440 155.9769 14.31739131835989
1 25982U 99065C   15343.94977331 +.00000124 +00000-0 +98175-4 0  9995,2 25982 045.0196 238.3643 0007458 013.2158 053.4380 14.31739686836060
1 25982U 99065C   15344.78333801  .00000202  00000-0  12702-3 0  9994,2 25982  45.0195 234.4535 0007395  17.5857  29.6224 14.31740664836216
1 25982U 99065C   15344.92616168 +.00000147 +00000-0 +10680-3 0  9991,2 25982 045.0195 233.7834 0007382 018.3990 045.6693 14.31740443836205
1 25982U 99065C   15345.84465291  .00000200  00000-0  12654-3 0  9995,2 25982  45.0194 229.4742 0007313  23.3100  99.4701 14.31741314836369
1 25982U 99065C   15345.90251832 +.00000194 +00000-0 +12416-3 0  9994,2 25982 045.0194 229.2027 0007311 023.6215 037.6998 14.31741308836344
1 25982U 99065C   15347.10695911  .00000212  00000-0  13096-3 0  9994,2 25982  45.0193 223.5518 0007242  30.1504 125.1675 14.31742185836543
1 25982U 99065C   15347.92925837 +.00000225 +00000-0 +13555-3 0  9991,2 25982 045.0192 219.6938 0007187 034.6390 043.1190 14.31742799836636
1 25982U 99065C   15348.75856642  .00000249  00000-0  14464-3 0  9996,2 25982  45.0190 215.8029 0007142  39.2350 357.1249 14.31743505836786
1 25982U 99065C   15348.90569242 +.00000269 +00000-0 +15214-3 0  9996,2 25982 045.0190 215.1126 0007129 040.0393 035.3801 14.31743748836776
1 25982U 99065C   15349.80871163  .00000271  00000-0  15284-3 0  9994,2 25982  45.0188 210.8759 0007084  44.9815   9.3371 14.31744501836938
1 25982U 99065C   15349.96344468 +.00000273 +00000-0 +15348-3 0  9997,2 25982 045.0188 210.1499 0007076 045.8533 086.7715 14.31744638836921
1 25982U 99065C   15350.85859369  .00000234  00000-0  13889-3 0  9993,2 25982  45.0186 205.9499 0007029  50.8787  20.0442 14.31745232837083
1 25982U 99065C   15350.93138463 +.00000208 +00000-0 +12932-3 0  9996,2 25982 045.0186 205.6084 0007028 051.2980 035.1716 14.31745153837060
1 25982U 99065C   15352.05764642  .00000183  00000-0  12020-3 0  9995,2 25982  45.0184 200.3241 0006984  57.5639  79.5755 14.31746024837259
1 25982U 99065C   15353.10691486  .00000163  00000-0  11271-3 0  9992,2 25982  45.0183 195.4010 0006952  63.4346  87.1489 14.31746776837402
1 25982U 99065C   15354.54859064  .00000221  00000-0  13432-3 0  9995,2 25982  45.0183 188.6366 0006897  71.5655 316.9972 14.31748182837617
1 25982U 99065C   15354.92003873 +.00000269 +00000-0 +15205-3 0  9998,2 25982 045.0183 186.8938 0006891 073.6540 071.3073 14.31748748837636
1 25982U 99065C   15355.89596127  .00000331  00000-0  17496-3 0  9998,2 25982  45.0183 182.3147 0006870  79.1680  60.8391 14.31749996837803
1 25982U 99065C   15355.96874956 +.00000311 +00000-0 +16764-3 0  9990,2 25982 045.0183 181.9732 0006868 079.5856 075.9551 14.31749914837786
1 25982U 99065C   15356.94540546  .00000349  00000-0  18159-3 0  9995,2 25982  45.0184 177.3907 0006848  85.2111  69.1624 14.31751034837957
1 25982U 99065C   15357.98875367  .00000340  00000-0  17831-3 0  9999,2 25982  45.0184 172.4954 0006839  91.2647  46.0288 14.31752043838105
1 25982U 99065C   15359.50437848  .00000339  00000-0  17807-3 0  9998,2 25982  45.0184 165.3841 0006837 100.0023 296.8246 14.31753789838327
1 25982U 99065C   15359.87587698 +.00000303 +00000-0 +16458-3 0  9999,2 25982 045.0184 163.6411 0006841 102.1573 051.3352 14.31754022838344
1 25982U 99065C   15360.85099822  .00000230  00000-0  13740-3 0  9996,2 25982  45.0185 159.0658 0006849 107.8314  36.5894 14.31754710838519
1 25982U 99065C   15360.92511648 +.00000222 +00000-0 +13453-3 0  9991,2 25982 045.0185 158.7181 0006847 108.2770 058.5411 14.31754753838498
1 25982U 99065C   15361.96845515  .00000156  00000-0  11007-3 0  9998,2 25982  45.0186 153.8228 0006868 114.1836  35.5182 14.31755377838672
1 25982U 99065C   15363.48362544  .00000166  00000-0  11352-3 0  9997,2 25982  45.0188 146.7136 0006898 122.8879 284.0154 14.31756492838892
1 25982U 99065C   15364.52934902  .00000177  00000-0  11769-3 0  9990,2 25982  45.0190 141.8072 0006942 128.6823 273.4129 14.31757105839047
1 25982U 99065C   15364.89775244 +.00000113 +00000-0 +94117-4 0  9991,2 25982 045.0191 140.0787 0006954 130.7296 012.0658 14.31756909839060
1 25982U 99065C   15365.80696098  .00000179  00000-0  11847-3 0  9992,2 25982  45.0192 135.8129 0006994 135.7615  17.9071 14.31757659839221
1 25982U 99065C   15365.87431074 +.00000179 +00000-0 +11849-3 0  9992,2 25982 045.0192 135.4968 0006995 136.1422 005.0038 14.31757703839209
1 25982U 99065C   16001.85087016  .00000162  00000-0  11215-3 0  9990,2 25982  45.0194 130.9151 0007044 141.4899 358.0150 14.31758110839375
1 25982U 99065C   16003.50879242  .00000141  00000-0  10455-3 0  9996,2 25982  45.0196 123.1363 0007131 150.6242 262.5978 14.31759046839610
1 25982U 99065C   16003.80361262 +.00000156 +00000-0 +10999-3 0  9996,2 25982 045.0197 121.7532 0007144 152.1473 342.1414 14.31759351839620
1 25982U 99065C   16004.85348418  .00000111  00000-0  93242-4 0  9994,2 25982  45.0198 116.8274 0007207 157.8354 353.0589 14.31759869839807
1 25982U 99065C   16006.16379814  .00000058  00000-0  73555-4 0  9999,2 25982  45.0200 110.6797 0007287 164.8522 266.3506 14.31760432839999
1 25982U 99065C   16007.41454824  .00000060  00000-0  74255-4 0  9994,2 25982  45.0201 104.8114 0007368 171.4821 232.7235 14.31761100840175
1 25982U 99065C   16008.54668317  .00000059  00000-0  73808-4 0  9994,2 25982  45.0202  99.4997 0007447 177.3580 307.8790 14.31761470840337
1 25982U 99065C   16008.69228911 +.00000065 +00000-0 +76112-4 0  9990,2 25982 045.0202 098.8165 0007458 178.1225 338.3406 14.31761557840322
1 25982U 99065C   16009.73614826  .00000086  00000-0  83903-4 0  9999,2 25982  45.0203  93.9188 0007528 183.4405 318.6150 14.31762012840505
1 25982U 99065C   16011.17833300  .00000121  00000-0  96980-4 0  9999,2 25982  45.0204  87.1523 0007629 190.7776 191.9596 14.31762800840712
1 25982U 99065C   16012.22785220  .00000139  00000-0  10354-3 0  9992,2 25982  45.0205  82.2281 0007700 195.9647 201.5737 14.31763513840867
1 25982U 99065C   16013.57450655  .00000166  00000-0  11377-3 0  9998,2 25982  45.0206  75.9099 0007783 202.5882 302.7696 14.31764600841059
1 25982U 99065C   16013.64871293 +.00000154 +00000-0 +10903-3 0  9992,2 25982 045.0206 075.5617 0007785 202.9818 325.2300 14.31764562841033
1 25982U 99065C   16014.69179946  .00000119  00000-0  96237-4 0  9990,2 25982  45.0207  70.6678 0007847 208.0906 301.7397 14.31765105841210
1 25982U 99065C   16015.60107338 +.00000099 +00000-0 +88593-4 0  9991,2 25982 045.0207 066.4016 0007898 212.5308 308.5372 14.31765582841319
1 25982U 99065C   16016.20695490  .00000095  00000-0  87108-4 0  9996,2 25982  45.0207  63.5588 0007937 215.5135 191.4936 14.31765905841433
1 25982U 99065C   16017.55404809  .00000114  00000-0  94250-4 0  9995,2 25982  45.0207  57.2384 0008004 221.9867 295.1121 14.31766625841625
1 25982U 99065C   16018.59773743  .00000125  00000-0  98442-4 0  9995,2 25982  45.0207  52.3414 0008055 226.9549 274.8784 14.31767083841777
1 25982U 99065C   16020.11359414  .00000106  00000-0  91467-4 0  9990,2 25982  45.0207  45.2289 0008124 234.0737 168.5634 14.31767558841998
1 25982U 99065C   16021.45975409  .00000137  00000-0  10274-3 0  9996,2 25982  45.0208  38.9129 0008162 240.3311 267.5937 14.31768450842181
1 25982U 99065C   16022.51057139  .00000145  00000-0  10581-3 0  9995,2 25982  45.0209  33.9825 0008186 245.1646 284.2808 14.31769240842338
1 25982U 99065C   16024.16100588  .00000109  00000-0  92483-4 0  9997,2 25982  45.0210  26.2387 0008223 252.7151 151.8812 14.31770176842575
1 25982U 99065C   16025.36583576  .00000098  00000-0  88380-4 0  9990,2 25982  45.0211  20.5859 0008234 258.1802 242.5441 14.31770818842740
1 25982U 99065C   16026.41575172  .00000074  00000-0  79510-4 0  9999,2 25982  45.0211  15.6598 0008243 262.8804 254.7190 14.31771146842896
1 25982U 99065C   16026.94819284 +.00000071 +00000-0 +78500-4 0  9997,2 25982 045.0211 013.1616 0008249 265.3068 119.3391 14.31771333842949
1 25982U 99065C   16028.14960083  .00000040  00000-0  66889-4 0  9998,2 25982  45.0211   7.5247 0008209 271.0705 192.0494 14.31771392843144
1 25982U 99065C   16029.19969005  .00000036  00000-0  65300-4 0  9999,2 25982  45.0212   2.5978 0008193 275.8772 205.0140 14.31771608843298
1 25982U 99065C   16030.32251035  .00000037  00000-0  65738-4 0  9999,2 25982  45.0212 357.3296 0008161 280.9786 232.9312 14.31771997843458
1 25982U 99065C   16031.37212956  .00000044  00000-0  68207-4 0  9996,2 25982  45.0212 352.4049 0008126 285.8313 243.4298 14.31772525843606
1 25982U 99065C   16032.41593213  .00000076  00000-0  80123-4 0  9996,2 25982  45.0213 347.5076 0008085 290.6410 223.9635 14.31773243843750
1 25982U 99065C   16032.95376128 +.00000052 +00000-0 +71222-4 0  9993,2 25982 045.0214 344.9841 0008062 293.0823 116.3716 14.31773373843807
1 25982U 99065C   16033.85697574  .00000070  00000-0  78018-4 0  9994,2 25982  45.0214 340.7465 0008021 297.2771  92.1783 14.31773899843961
1 25982U 99065C   16033.93033597 +.00000051 +00000-0 +71032-4 0  9990,2 25982 045.0214 340.4023 0008015 297.5722 110.3745 14.31773834843948
1 25982U 99065C   16034.90689168  .00000080  00000-0  81798-4 0  9991,2 25982  45.0214 335.8205 0007966 301.9813 104.3621 14.31774429844110
1 25982U 99065C   16036.18024234  .00000116  00000-0  94982-4 0  9999,2 25982  45.0213 329.8463 0007891 307.8747 188.1387 14.31775174844292
1 25982U 99065C   16037.23061480  .00000175  00000-0  11705-3 0  9996,2 25982  45.0211 324.9181 0007820 312.8320 202.4314 14.31776036844443
1 25982U 99065C   16038.27375743  .00000228  00000-0  13675-3 0  9998,2 25982  45.0209 320.0238 0007748 317.6839 179.5308 14.31776929844591
1 25982U 99065C   16038.81283564 +.00000223 +00000-0 +13484-3 0  9990,2 25982 045.0208 317.4944 0007707 320.2495 078.2664 14.31777245844645
1 25982U 99065C   16040.16092198  .00000210  00000-0  12983-3 0  9991,2 25982  45.0206 311.1692 0007602 326.6741 187.1161 14.31778250844865
1 25982U 99065C   16041.21006809  .00000208  00000-0  12910-3 0  9999,2 25982  45.0205 306.2467 0007518 331.7309 194.9942 14.31779130845011
1 25982U 99065C   16041.81533039 +.00000192 +00000-0 +12332-3 0  9995,2 25982 045.0205 303.4067 0007467 334.6105 074.8891 14.31779556845072
1 25982U 99065C   16042.86113124  .00000199  00000-0  12600-3 0  9995,2 25982  45.0204 298.4999 0007383 339.7188  65.4610 14.31780481845256
1 25982U 99065C   16044.13907926  .00000232  00000-0  13806-3 0  9995,2 25982  45.0202 292.5038 0007273 345.9244 172.6755 14.31781699845436
1 25982U 99065C   16044.88724751 +.00000233 +00000-0 +13865-3 0  9996,2 25982 045.0200 288.9935 0007198 349.5816 069.1048 14.31782275845515
1 25982U 99065C   16045.86407946  .00000315  00000-0  16879-3 0  9998,2 25982  45.0198 284.4101 0007115 354.4547  64.0850 14.31783466845688
1 25982U 99065C   16047.06886508  .00000263  00000-0  14969-3 0  9997,2 25982  45.0195 278.7572 0007000   0.5600 153.9373 14.31784087845852
1 25982U 99065C   16048.11185954  .00000378  00000-0  19243-3 0  9998,2 25982  45.0193 273.8633 0006901   5.9354 129.7826 14.31785717846001
1 25982U 99065C   16048.86694449 +.00000349 +00000-0 +18138-3 0  9994,2 25982 045.0192 270.3202 0006836 009.8265 061.6749 14.31786295846083
1 25982U 99065C   16049.77022363  .00000314  00000-0  16866-3 0  9993,2 25982  45.0191 266.0818 0006752  14.6115  37.2678 14.31786985846246
1 25982U 99065C   16049.91614448 +.00000271 +00000-0 +15266-3 0  9995,2 25982 045.0191 265.3972 0006742 015.3877 069.3556 14.31786889846234
1 25982U 99065C   16050.90218162  .00000220  00000-0  13371-3 0  9998,2 25982  45.0190 260.7705 0006654  20.6665 111.4394 14.31787548846403
1 25982U 99065C   16052.02429775  .00000148  00000-0  10701-3 0  9990,2 25982  45.0190 255.5052 0006556  26.6229 134.9340 14.31788082846565
1 25982U 99065C   16053.06933223  .00000135  00000-0  10202-3 0  9995,2 25982  45.0189 250.6016 0006470  32.2498 121.0653 14.31788771846711
1 25982U 99065C   16054.18553747  .00000129  00000-0  99894-4 0  9996,2 25982  45.0189 245.3642 0006378  38.3409 113.9335 14.31789424846873
1 25982U 99065C   16054.51014226 +.00000174 +00000-0 +11656-3 0  9996,2 25982 045.0188 243.8409 0006321 040.1896 346.8548 14.31789837846898
1 25982U 99065C   16055.69110658  .00000318  00000-0  16998-3 0  9996,2 25982  45.0190 238.2947 0006281  45.4181 314.7281 14.31791924847086
1 25982U 99065C   16056.76100692  .00000097  00000-0  88147-4 0  9992,2 25982  45.0187 233.2792 0006216  52.4692  67.7597 14.31795070847247
1 25982U 99065C   16057.88259894  .00000150  00000-0  10773-3 0  9994,2 25982  45.0187 228.0164 0006128  58.8924  88.1145 14.31795788847402
1 25982U 99065C   16058.92711760  .00000078  00000-0  80959-4 0  9998,2 25982  45.0188 223.1152 0006065  64.8172  71.3144 14.31796072847554
1 25982U 99065C   16060.51504716  .00000067  00000-0  76788-4 0  9990,2 25982  45.0188 215.6640 0005994  73.8230 335.1276 14.31796779847783
1 25982U 99065C   16060.88587914 +.00000040 +00000-0 +67072-4 0  9998,2 25982 045.0188 213.9240 0005987 075.9446 086.2896 14.31796778847808
1 25982U 99065C   16061.85591053  .00000080  00000-0  81750-4 0  9998,2 25982  45.0190 209.3724 0005940  81.6027  45.4477 14.31797385847970
1 25982U 99065C   16061.93082378 +.00000059 +00000-0 +73783-4 0  9995,2 25982 045.0190 209.0209 0005937 082.0347 071.5262 14.31797315847954
1 25982U 99065C   16063.44825568  .00000112  00000-0  93493-4 0  9999,2 25982  45.0192 201.9007 0005880  90.9522 331.7067 14.31798170848206
1 25982U 99065C   16064.50628963  .00000165  00000-0  11342-3 0  9997,2 25982  45.0192 196.9361 0005856  97.2180  24.3070 14.31798951848357
1 25982U 99065C   16064.78427918 +.00000165 +00000-0 +11329-3 0  9999,2 25982 045.0193 195.6318 0005862 098.7741 017.0221 14.31799060848362
1 25982U 99065C   16065.83487935  .00000201  00000-0  12667-3 0  9998,2 25982  45.0193 190.7022 0005863 104.8227  31.4887 14.31799869848544
1 25982U 99065C   16067.49304683  .00000245  00000-0  14273-3 0  9993,2 25982  45.0192 182.9216 0005861 114.4948 297.0512 14.31801422848786
1 25982U 99065C   16067.56641104 +.00000245 +00000-0 +14300-3 0  9994,2 25982 045.0192 182.5774 0005861 114.9029 315.1624 14.31801483848767
1 25982U 99065C   16069.09888315  .00000210  00000-0  12982-3 0  9997,2 25982  45.0193 175.3867 0005891 123.6418 293.1468 14.31802668849019
1 25982U 99065C   16070.14804550  .00000226  00000-0  13600-3 0  9999,2 25982  45.0194 170.4637 0005919 129.6572 300.2430 14.31803665849162
1 25982U 99065C   16071.47180463  .00000223  00000-0  13466-3 0  9993,2 25982  45.0194 164.2523 0005952 137.2048 282.5803 14.31804614849359
1 25982U 99065C   16072.52221569  .00000242  00000-0  14171-3 0  9998,2 25982  45.0195 159.3235 0006010 143.0870 296.2582 14.31805452849503
1 25982U 99065C   16072.74363955 +.00000232 +00000-0 +13796-3 0  9999,2 25982 045.0195 158.2846 0006022 144.2933 357.4808 14.31805533849506
1 25982U 99065C   16073.72026226  .00000237  00000-0  13978-3 0  9992,2 25982  45.0195 153.7021 0006066 149.6625 350.9662 14.31806223849677
1 25982U 99065C   16075.23538894  .00000236  00000-0  13963-3 0  9992,2 25982  45.0194 146.5928 0006147 157.9213 239.9619 14.31807325849893
1 25982U 99065C   16076.50063942  .00000185  00000-0  12062-3 0  9992,2 25982  45.0193 140.6559 0006228 164.7197 281.1924 14.31807981850072
1 25982U 99065C   16076.65004044 +.00000181 +00000-0 +11902-3 0  9994,2 25982 045.0193 139.9549 0006232 165.4980 331.2451 14.31808071850067
1 25982U 99065C   16077.62700168  .00000142  00000-0  10471-3 0  9999,2 25982  45.0192 135.3707 0006289 170.6224 326.7311 14.31808594850236
1 25982U 99065C   16079.21433782  .00000110  00000-0  92638-4 0  9992,2 25982  45.0192 127.9223 0006397 178.9120 228.2711 14.31809390850462
1 25982U 99065C   16080.48776337  .00000125  00000-0  98327-4 0  9996,2 25982  45.0192 121.9469 0006478 185.3021 312.0978 14.31810076850640
1 25982U 99065C   16080.55529067 +.00000122 +00000-0 +97286-4 0  9990,2 25982 045.0192 121.6301 0006478 185.6535 300.1523 14.31810086850628
1 25982U 99065C   16082.50716557  .00000122  00000-0  97255-4 0  9995,2 25982  45.0191 112.4711 0006604 195.3667 281.1094 14.31810922850939
1 25982U 99065C   16082.58155457 +.00000121 +00000-0 +97024-4 0  9992,2 25982 045.0191 112.1220 0006608 195.7280 304.5572 14.31810955850915
1 25982U 99065C   16083.55773772  .00000123  00000-0  97588-4 0  9993,2 25982  45.0192 107.5414 0006662 200.4620 296.4290 14.31811424851088
1 25982U 99065C   16085.51108949  .00000051  00000-0  71027-4 0  9999,2 25982  45.0192  98.3756 0006766 209.7560 285.4355 14.31812065851367
1 25982U 99065C   16086.56061098  .00000017  00000-0  58319-4 0  9999,2 25982  45.0192  93.4509 0006815 214.6811 295.5089 14.31812416851511
1 25982U 99065C   16088.14507775  .00000011  00000-0  55993-4 0  9991,2 25982  45.0194  86.0159 0006890 222.0571 183.1803 14.31813089851749
1 25982U 99065C   16089.48990188  .00000061  00000-0  74540-4 0  9997,2 25982  45.0195  79.7055 0006932 228.2203 275.6330 14.31813868851939
1 25982U 99065C   16089.95555970 +.00000076 +00000-0 +80065-4 0  9990,2 25982 045.0195 077.5203 0006952 230.3611 156.0527 14.31814088851978
1 25982U 99065C   16091.14785218  .00000114  00000-0  94406-4 0  9991,2 25982  45.0197  71.9256 0006989 235.6987 182.3479 14.31814740852176
1 25982U 99065C   16092.19785898  .00000118  00000-0  95623-4 0  9997,2 25982  45.0198  66.9986 0007004 240.3820 195.1757 14.31815141852323
1 25982U 99065C   16093.39561470  .00000096  00000-0  87545-4 0  9997,2 25982  45.0200  61.3784 0007022 245.6767 249.7057 14.31815596852491
1 25982U 99065C   16093.73055531 +.00000087 +00000-0 +84053-4 0  9992,2 25982 045.0201 059.8068 0007035 247.1784 176.3319 14.31815733852511
1 25982U 99065C   16094.91011539  .00000059  00000-0  73974-4 0  9992,2 25982  45.0202  54.2719 0007050 252.2914 137.1666 14.31816243852712
1 25982U 99065C   16096.17620322  .00000046  00000-0  68915-4 0  9993,2 25982  45.0204  48.3312 0007041 257.7779 184.0703 14.31816852852894
1 25982U 99065C   16097.23501530  .00000055  00000-0  72527-4 0  9994,2 25982  45.0205  43.3630 0007030 262.3864 242.4130 14.31817411853041
1 25982U 99065C   16098.35124406  .00000075  00000-0  79856-4 0  9995,2 25982  45.0206  38.1254 0007009 267.2441 236.7500 14.31817979853201
1 25982U 99065C   16098.90227686 +.00000089 +00000-0 +84910-4 0  9992,2 25982 045.0207 035.5397 0007001 269.6038 197.4512 14.31818272853259
1 25982U 99065C   16099.80752394  .00000128  00000-0  99561-4 0  9993,2 25982  45.0208  31.2920 0006981 273.5687 184.1215 14.31818842853419
1 25982U 99065C   16099.87879775 +.00000112 +00000-0 +93458-4 0  9995,2 25982 045.0208 030.9575 0006977 273.8602 191.5679 14.31818760853398
1 25982U 99065C   16101.14001910  .00000134  00000-0  10147-3 0  9994,2 25982  45.0209  25.0396 0006935 279.3325 213.3880 14.31819431853609
1 25982U 99065C   16102.25695719  .00000131  00000-0  10050-3 0  9993,2 25982  45.0210  19.7986 0006881 284.1928 211.3906 14.31819975853766
1 25982U 99065C   16102.87390131 +.00000123 +00000-0 +97499-4 0  9995,2 25982 045.0210 016.9037 0006851 286.8515 151.8678 14.31820286853828
1 25982U 99065C   16103.78489015  .00000123  00000-0  97748-4 0  9993,2 25982  45.0210  12.6292 0006814 290.8395 168.1463 14.31820806853982
1 25982U 99065C   16104.90033943  .00000108  00000-0  92204-4 0  9998,2 25982  45.0211   7.3953 0006750 295.7718 158.4007 14.31821390854144
1 25982U 99065C   16104.97372130 +.00000107 +00000-0 +91612-4 0  9990,2 25982 045.0211 007.0510 0006741 296.1047 176.6832 14.31821414854123
1 25982U 99065C   16106.16915296  .00000085  00000-0  83349-4 0  9992,2 25982  45.0211   1.4419 0006664 301.4520 219.1951 14.31821885854328
1 25982U 99065C   16107.21256550  .00000087  00000-0  84314-4 0  9995,2 25982  45.0210 356.5460 0006601 306.0702 198.0923 14.31822381854473
1 25982U 99065C   16108.52315209  .00000136  00000-0  10257-3 0  9996,2 25982  45.0209 350.3963 0006511 311.8175 114.3558 14.31823237854666
1 25982U 99065C   16108.81279185 +.00000144 +00000-0 +10548-3 0  9992,2 25982 045.0208 349.0372 0006487 313.1625 167.4163 14.31823425854672
1 25982U 99065C   16109.78950345  .00000163  00000-0  11234-3 0  9997,2 25982  45.0207 344.4543 0006379 317.6133 162.3412 14.31823991854841
1 25982U 99065C   16111.11829546  .00000122  00000-0  97146-4 0  9997,2 25982  45.0206 338.2191 0006290 323.5543 172.3477 14.31824385855035
1 25982U 99065C   16112.16826241  .00000071  00000-0  78297-4 0  9991,2 25982  45.0206 333.2922 0006182 328.2518 184.9931 14.31824662855184
1 25982U 99065C   16112.92259175 +.00000044 +00000-0 +68197-4 0  9999,2 25982 045.0205 329.7526 0006109 331.6888 113.5470 14.31824919855260
1 25982U 99065C   16113.82615775  .00000020  00000-0  59435-4 0  9990,2 25982  45.0205 325.5128 0006014 335.8827  91.3368 14.31825239855429
1 25982U 99065C   16113.89887803 +.00000015 +00000-0 +57588-4 0  9991,2 25982 045.0205 325.1716 0006008 336.2436 106.1790 14.31825249855405
1 25982U 99065C   16115.03068296 -.00000006  00000-0  49890-4 0  9994,2 25982  45.0204 319.8608 0005908 341.5654 180.4490 14.31825555855595
1 25982U 99065C   16116.40790987 -.00000005  00000-0  50334-4 0  9999,2 25982  45.0204 313.3984 0005744 348.0286  79.8428 14.31825914855795
1 25982U 99065C   16117.53010605 -.00000009  00000-0  48611-4 0  9995,2 25982  45.0202 308.1325 0005629 353.4495 104.4378 14.31826006855958
1 25982U 99065C   16118.56592512 -.00000009  00000-0  48797-4 0  9996,2 25982  45.0201 303.2720 0005507 358.5034  43.7350 14.31826133856106
1 25982U 99065C   16118.92898369 -.00000004 +00000-0 +50644-4 0  9994,2 25982 045.0200 301.5684 0005472 000.3657 115.0885 14.31826215856128
1 25982U 99065C   16119.91218484 -.00000002  00000-0  51306-4 0  9992,2 25982  45.0199 296.9548 0005382   5.3177 143.0048 14.31826411856291
1 25982U 99065C   16121.49501041 -.00000029  00000-0  41473-4 0  9995,2 25982  45.0199 289.5273 0005213  13.3454  21.6353 14.31826700856521
1 25982U 99065C   16121.86683919 -.00000039 +00000-0 +37437-4 0  9997,2 25982 045.0199 287.7825 0005167 015.3093 138.1385 14.31826755856544
1 25982U 99065C   16122.84604567 -.00000060  00000-0  29727-4 0  9995,2 25982  45.0199 283.1876 0005087  20.4989 145.2089 14.31826931856717
1 25982U 99065C   16124.50964037 -.00000036  00000-0  38873-4 0  9996,2 25982  45.0199 275.3812 0004963  29.3521  79.7504 14.31827563856953
1 25982U 99065C   16125.54331397  .00000007  00000-0  54615-4 0  9997,2 25982  45.0199 270.5308 0004861  35.0094   7.3834 14.31828138857106
1 25982U 99065C   16127.51206103  .00000068  00000-0  77119-4 0  9993,2 25982  45.0195 261.2922 0004682  46.5337  73.7116 14.31829075857380
1 25982U 99065C   16127.79768016 +.00000074 +00000-0 +79528-4 0  9992,2 25982 045.0195 259.9521 0004673 048.0019 105.9102 14.31829208857395
1 25982U 99065C   16128.77462491  .00000086  00000-0  83995-4 0  9995,2 25982  45.0195 255.3680 0004607  53.4128 101.0990 14.31829693857568
1 25982U 99065C   16130.15199883  .00000056  00000-0  72976-4 0  9996,2 25982  45.0195 248.9047 0004532  61.2854 359.8659 14.31830239857768
1 25982U 99065C   16131.20097980  .00000097  00000-0  88175-4 0  9991,2 25982  45.0195 243.9824 0004480  67.3085   6.1240 14.31831136857913
1 25982U 99065C   16132.52516117  .00000061  00000-0  74639-4 0  9996,2 25982  45.0195 237.7688 0004408  75.2845 350.3432 14.31831680858107
1 25982U 99065C   16132.74678523 +.00000052 +00000-0 +71352-4 0  9999,2 25982 045.0196 236.7290 0004383 076.1915 052.9187 14.31831734858108
1 25982U 99065C   16133.57495175  .00000015  00000-0  57680-4 0  9998,2 25982  45.0196 232.8429 0004350  81.2718   0.8150 14.31831890858252
1 25982U 99065C   16134.63365508  .00000013  00000-0  56975-4 0  9996,2 25982  45.0196 227.8752 0004309  87.6439  56.8894 14.31832214858403
1 25982U 99065C   16135.74968699  .00000011  00000-0  56243-4 0  9995,2 25982  45.0194 222.6384 0004281  94.4154  48.3558 14.31832463858560
1 25982U 99065C   16137.06195265  .00000023  00000-0  60677-4 0  9992,2 25982  45.0193 216.4808 0004258 102.3728 331.1191 14.31832823858758
1 25982U 99065C   16138.53852074  .00000061  00000-0  74744-4 0  9995,2 25982  45.0190 209.5521 0004271 111.1942  20.7518 14.31833539858963
1 25982U 99065C   16139.58094079  .00000058  00000-0  73423-4 0  9993,2 25982  45.0188 204.6606 0004290 117.3685 353.0174 14.31833992859114
1 25982U 99065C   16141.17391756  .00000039  00000-0  66473-4 0  9999,2 25982  45.0187 197.1854 0004321 126.9359 282.5290 14.31834647859341
1 25982U 99065C   16142.22005976  .00000043  00000-0  67921-4 0  9996,2 25982  45.0187 192.2764 0004351 133.0909 274.0221 14.31835119859491
1 25982U 99065C   16143.49404310  .00000058  00000-0  73402-4 0  9998,2 25982  45.0186 186.2983 0004419 140.3638 359.9629 14.31835687859676
1 25982U 99065C   16143.56095522 +.00000061 +00000-0 +74671-4 0  9990,2 25982 045.0186 185.9843 0004419 140.7330 344.8319 14.31835732859658
1 25982U 99065C   16145.14957734  .00000057  00000-0  73028-4 0  9998,2 25982  45.0185 178.5296 0004498 149.7945 252.3897 14.31836213859913
1 25982U 99065C   16146.49689751  .00000037  00000-0  65751-4 0  9990,2 25982  45.0182 172.2073 0004561 156.9729 356.8163 14.31836528860103
1 25982U 99065C   16146.56352926 +.00000041 +00000-0 +67248-4 0  9997,2 25982 045.0183 171.8946 0004572 157.3147 340.2664 14.31836584860081
1 25982U 99065C   16147.53986074  .00000037  00000-0  65564-4 0  9996,2 25982  45.0182 167.3131 0004633 162.3921 332.6517 14.31836999860251
1 25982U 99065C   16149.19691411  .00000014  00000-0  57314-4 0  9997,2 25982  45.0181 159.5375 0004719 171.1082 233.6453 14.31838447860499
1 25982U 99065C   16150.46927468  .00000035  00000-0  64943-4 0  9992,2 25982  45.0182 153.5666 0004800 177.3579 312.2529 14.31839057860673
1 25982U 99065C   16152.20031742  .00000132  00000-0  10073-3 0  9999,2 25982  45.0184 145.4431 0004934 186.0713 235.0137 14.31840302860920
1 25982U 99065C   16152.96075672 +.00000168 +00000-0 +11420-3 0  9998,2 25982 045.0185 141.8747 0004968 189.6577 194.9859 14.31840877861006
1 25982U 99065C   16153.47191126  .00000198  00000-0  12541-3 0  9996,2 25982  45.0185 139.4761 0004998 192.0137 309.9817 14.31841361861100
1 25982U 99065C   16153.93711785 +.00000207 +00000-0 +12853-3 0  9993,2 25982 045.0186 137.2930 0005035 194.3132 187.9612 14.31841682861145
1 25982U 99065C   16154.78428140  .00000195  00000-0  12440-3 0  9995,2 25982  45.0187 133.3176 0005077 198.1713 235.1265 14.31842084861291
1 25982U 99065C   16154.91359405 +.00000185 +00000-0 +12068-3 0  9992,2 25982 045.0187 132.7108 0005088 198.7763 181.7231 14.31842110861280
1 25982U 99065C   16156.17968295  .00000164  00000-0  11262-3 0  9997,2 25982  45.0188 126.7696 0005159 204.2861 228.7256 14.31842694861496
1 25982U 99065C   16157.37788464  .00000071  00000-0  78425-4 0  9990,2 25982  45.0189 121.1470 0005212 209.6805 285.5751 14.31842905861668
1 25982U 99065C   16157.98539359 +.00000061 +00000-0 +74632-4 0  9999,2 25982 045.0190 118.2962 0005245 212.3393 177.4219 14.31843189861722
1 25982U 99065C   16158.83407529  .00000014  00000-0  57217-4 0  9995,2 25982  45.0191 114.3137 0005278 216.0124 232.6102 14.31843324861875
1 25982U 99065C   16158.96603591 +.00000010 +00000-0 +55687-4 0  9991,2 25982 045.0191 113.6944 0005290 216.5725 192.9149 14.31843371861869
1 25982U 99065C   16159.86919866  .00000014  00000-0  57081-4 0  9990,2 25982  45.0192 109.4563 0005336 220.5902 168.8600 14.31843729862023
1 25982U 99065C   16159.94255429 +.00000008 +00000-0 +54908-4 0  9995,2 25982 045.0193 109.1120 0005343 220.8616 187.0745 14.31843716862000
1 25982U 99065C   16161.21637321  .00000003  00000-0  53110-4 0  9992,2 25982  45.0195 103.1346 0005397 226.3178 274.0205 14.31843990862214
1 25982U 99065C   16162.26598748  .00000012  00000-0  56474-4 0  9993,2 25982  45.0197  98.2093 0005439 230.7723 285.1620 14.31844221862369
1 25982U 99065C   16163.44803147  .00000029  00000-0  62541-4 0  9996,2 25982  45.0199  92.6626 0005472 235.5979 259.2194 14.31844548862533
1 25982U 99065C   16163.84871251 +.00000022 +00000-0 +59941-4 0  9994,2 25982 045.0199 090.7823 0005490 237.2365 164.9377 14.31844577862569
1 25982U 99065C   16164.82481081  .00000007  00000-0  54655-4 0  9991,2 25982  45.0201  86.2021 0005516 241.2021 157.2578 14.31844762862739
1 25982U 99065C   16164.90854102 +.00000005 +00000-0 +53817-4 0  9995,2 25982 045.0201 085.8092 0005517 241.5134 228.9617 14.31844787862716
1 25982U 99065C   16165.86934988 -.00000013  00000-0  46995-4 0  9991,2 25982  45.0202  81.3007 0005535 245.4365 142.4378 14.31845005862889
1 25982U 99065C   16167.14779461 -.00000028  00000-0  41734-4 0  9999,2 25982  45.0203  75.3018 0005547 250.6436 253.5089 14.31845418863067
1 25982U 99065C   16168.19827795 -.00000023  00000-0  43606-4 0  9994,2 25982  45.0203  70.3725 0005555 254.8478 269.3925 14.31845854863213
1 25982U 99065C   16169.50302951 -.00000009  00000-0  48729-4 0  9997,2 25982  45.0205  64.2501 0005568 260.2942 155.9605 14.31846346863403
1 25982U 99065C   16169.92268498 -.00000002 +00000-0 +51303-4 0  9995,2 25982 045.0205 062.2808 0005568 261.9189 159.5962 14.31846485863435
1 25982U 99065C   16170.84141650  .00000018  00000-0  58619-4 0  9991,2 25982  45.0205  57.9696 0005565 265.5476 216.2686 14.31846782863598
1 25982U 99065C   16172.17087821  .00000016  00000-0  57932-4 0  9993,2 25982  45.0205  51.7312 0005535 270.7686 230.5589 14.31846987863782
1 25982U 99065C   16173.48280862 -.00000013  00000-0  47203-4 0  9996,2 25982  45.0206  45.5750 0005504 275.8874 154.4985 14.31847091863973
1 25982U 99065C   16174.53035463 -.00000040  00000-0  37322-4 0  9999,2 25982  45.0206  40.6595 0005470 280.1089 155.2139 14.31847181864123
1 25982U 99065C   16174.87844462 -.00000047 +00000-0 +34552-4 0  9992,2 25982 045.0206 039.0261 0005454 281.4539 149.8806 14.31847250864140
1 25982U 99065C   16175.78043470 -.00000071  00000-0  25695-4 0  9998,2 25982  45.0206  34.7935 0005421 285.0428 120.2168 14.31847385864302
1 25982U 99065C   16175.92756751 -.00000070 +00000-0 +25954-4 0  9994,2 25982 045.0206 034.1032 0005416 285.6307 158.7782 14.31847424864290
1 25982U 99065C   16176.83120785 -.00000087  00000-0  19922-4 0  9993,2 25982  45.0206  29.8628 0005374 289.0963 137.7530 14.31847580864450
1 25982U 99065C   16176.90397020 -.00000089 +00000-0 +19045-4 0  9997,2 25982 045.0206 029.5214 0005372 289.4272 152.8480 14.31847574864436
1 25982U 99065C   16178.10380036 -.00000112  00000-0  10508-4 0  9992,2 25982  45.0206  23.8912 0005320 294.1339 218.8075 14.31847618864632
1 25982U 99065C   16179.54559421 -.00000107  00000-0  12175-4 0  9993,2 25982  45.0206  17.1254 0005250 299.8225  92.2254 14.31847656864843
1 25982U 99065C   16179.91464970 -.00000104 +00000-0 +13638-4 0  9990,2 25982 045.0206 015.3936 0005228 301.3203 194.9131 14.31847659864869
1 25982U 99065C   16180.89115650 -.00000092  00000-0  17848-4 0  9990,2 25982  45.0206  10.8112 0005175 305.1511 189.4854 14.31847674865038
1 25982U 99065C   16181.94096671 -.00000080  00000-0  22239-4 0  9995,2 25982  45.0206   5.8849 0005107 309.3998 201.8582 14.31847741865187
1 25982U 99065C   16182.98468336 -.00000079  00000-0  22576-4 0  9993,2 25982  45.0206   0.9872 0005037 313.7570 182.6827 14.31847841865332
1 25982U 99065C   16184.49994784 -.00000099  00000-0  15244-4 0  9998,2 25982  45.0207 353.8768 0004927 320.0175  74.6131 14.31848008865554
1 25982U 99065C   16185.54938709 -.00000117  00000-0  85615-5 0  9991,2 25982  45.0207 348.9523 0004828 324.1993  85.1411 14.31848145865708
1 25982U 99065C   16185.84895752 -.00000123 +00000-0 +66033-5 0  9994,2 25982 045.0207 347.5467 0004810 325.5933 189.4168 14.31848147865710
1 25982U 99065C   16186.89682593 -.00000142  00000-0 -69024-6 0  9993,2 25982  45.0207 342.6295 0004720 329.9662 191.6475 14.31848124865892
1 25982U 99065C   16188.47901707 -.00000135  00000-0  18613-5 0  9998,2 25982  45.0220 335.2033 0004660 338.4082  66.7105 14.31848046866121
1 25982U 99065C   16188.56369734 -.00000141 +00000-0 -25584-6 0  9990,2 25982 045.0220 334.8060 0004658 338.7932 143.2434 14.31848010866105
1 25982U 99065C   16189.54036693 -.00000159  00000-0 -70623-5 0  9996,2 25982  45.0220 330.2229 0004582 343.1062 138.1746 14.31847871866273
1 25982U 99065C   16191.47560661 -.00000177  00000-0 -13446-4 0  9997,2 25982  45.0220 321.1418 0004428 351.6807  34.7015 14.31847706866550
1 25982U 99065C   16191.84570509 -.00000163 +00000-0 -84603-5 0  9999,2 25982 045.0219 319.4052 0004407 353.6083 142.3420 14.31847797866575
1 25982U 99065C   16192.75488087 -.00000145  00000-0 -16187-5 0  9991,2 25982  45.0219 315.1389 0004334 357.6791 149.2732 14.31847922866730
1 25982U 99065C   16194.47922381 -.00000133  00000-0  28447-5 0  9990,2 25982  45.0205 307.0492 0004076   4.3352  39.5722 14.31848062866985
1 25982U 99065C   16195.52994699 -.00000138  00000-0  92124-6 0  9997,2 25982  45.0204 302.1187 0003975   9.4726  55.7685 14.31848140867132
1 25982U 99065C   16195.75778541 -.00000140 +00000-0 +33120-6 0  9992,2 25982 045.0204 301.0496 0003955 010.4260 150.3747 14.31848139867135
1 25982U 99065C   16196.73423699 -.00000134  00000-0  23912-5 0  9992,2 25982  45.0203 296.4677 0003870  15.2422 143.6785 14.31848180867303
1 25982U 99065C   16197.77771810 -.00000111  00000-0  10787-4 0  9998,2 25982  45.0202 291.5713 0003787  20.5982 122.2895 14.31848260867456
1 25982U 99065C   16199.50915616 -.00000043  00000-0  36132-4 0  9991,2 25982  45.0199 283.4464 0003649  29.7792  46.6756 14.31848650867707
1 25982U 99065C   16199.73075025 -.00000014 +00000-0 +46897-4 0  9994,2 25982 045.0198 282.4067 0003621 030.7916 109.0067 14.31848891867700
1 25982U 99065C   16200.70696947  .00000030  00000-0  63023-4 0  9993,2 25982  45.0197 277.8258 0003552  35.8393 100.8852 14.31849377867876
1 25982U 99065C   16202.16337182  .00000006  00000-0  54341-4 0  9994,2 25982  45.0195 270.9915 0003452  43.7701  47.4482 14.31849787868082
1 25982U 99065C   16203.19916990 -.00000014  00000-0  46843-4 0  9996,2 25982  45.0194 266.1311 0003386  49.6295 345.9220 14.31850090868239
1 25982U 99065C   16204.46380508 -.00000069  00000-0  26356-4 0  9994,2 25982  45.0192 260.1967 0003317  57.0411  23.5578 14.31850146868412
1 25982U 99065C   16205.52324359 -.00000083  00000-0  21449-4 0  9998,2 25982  45.0191 255.2253 0003266  63.2486  83.6596 14.31850263868561
1 25982U 99065C   16206.57176380 -.00000065  00000-0  28121-4 0  9997,2 25982  45.0189 250.3050 0003221  69.5222  87.3622 14.31850492868719
1 25982U 99065C   16206.63885800 -.00000061 +00000-0 +29444-4 0  9993,2 25982 045.0189 249.9901 0003217 069.9794 073.0863 14.31850525868694
1 25982U 99065C   16207.61536988 -.00000016  00000-0  46169-4 0  9995,2 25982  45.0187 245.4077 0003186  75.8977  65.6093 14.31850889868865
1 25982U 99065C   16209.19799770 -.00000010  00000-0  48232-4 0  9997,2 25982  45.0184 237.9808 0003155  85.5975 301.6864 14.31851138869095
1 25982U 99065C   16210.47718418 -.00000046  00000-0  34843-4 0  9992,2 25982  45.0183 231.9778 0003149  93.5678  53.8481 14.31851161869273
1 25982U 99065C   16210.54447583 -.00000053 +00000-0 +32469-4 0  9992,2 25982 045.0183 231.6621 0003146 093.9009 040.7151 14.31851135869254
1 25982U 99065C   16211.52775876 -.00000084  00000-0  20952-4 0  9998,2 25982  45.0182 227.0478 0003152  99.8452  68.1502 14.31851190869420
1 25982U 99065C   16212.57091166 -.00000098  00000-0  15554-4 0  9994,2 25982  45.0183 222.1525 0003165 106.1589  44.1236 14.31851353869572
1 25982U 99065C   16214.15514397 -.00000094  00000-0  17183-4 0  9992,2 25982  45.0184 214.7181 0003196 115.8401 288.5022 14.31851679869806
1 25982U 99065C   16215.20472117 -.00000060  00000-0  29773-4 0  9993,2 25982  45.0184 209.7927 0003230 122.2987 297.4798 14.31852044869950
1 25982U 99065C   16216.47653553 -.00000027  00000-0  41827-4 0  9995,2 25982  45.0184 203.8246 0003287 129.7225  12.1557 14.31852378870135
1 25982U 99065C   16216.94175797 -.00000010 +00000-0 +48260-4 0  9996,2 25982 045.0183 201.6414 0003305 132.5530 249.7043 14.31852529870179
1 25982U 99065C   16217.85959248 -.00000012  00000-0  47738-4 0  9999,2 25982  45.0184 197.3343 0003356 137.5689 300.3816 14.31852647870339
1 25982U 99065C   16218.89456561 -.00000014  00000-0  46767-4 0  9997,2 25982  45.0184 192.4774 0003425 143.2083 234.8300 14.31852870870485
1 25982U 99065C   16218.96649407 -.00000017 +00000-0 +45830-4 0  9991,2 25982 045.0183 192.1398 0003431 143.4049 245.7581 14.31852868870461
1 25982U 99065C   16220.16060010 -.00000013  00000-0  47290-4 0  9991,2 25982  45.0184 186.5362 0003521 149.9203 280.4009 14.31853272870666
1 25982U 99065C   16221.35958255 -.00000020  00000-0  44417-4 0  9996,2 25982  45.0186 180.9098 0003604 156.1457 340.4946 14.31853626870834
1 25982U 99065C   16222.40921098 -.00000037  00000-0  38331-4 0  9994,2 25982  45.0188 175.9842 0003684 161.4684 350.8787 14.31853854870983
1 25982U 99065C   16222.94699517 -.00000028 +00000-0 +41725-4 0  9992,2 25982 045.0189 173.4605 0003727 164.2643 242.8573 14.31854055871032
1 25982U 99065C   16223.85007178 -.00000015  00000-0  46526-4 0  9999,2 25982  45.0190 169.2227 0003793 168.7679 217.9062 14.31854300871194
1 25982U 99065C   16223.92359924 -.00000014 +00000-0 +46617-4 0  9996,2 25982 045.0190 168.8777 0003801 169.1155 236.9341 14.31854324871178
1 25982U 99065C   16224.90050838 +.00000003 +00000-0 +53113-4 0  9993,2 25982 045.0191 164.2934 0003876 173.8923 232.6606 14.31854601871345
1 25982U 99065C   16225.87650341 +.00000025 +00000-0 +61155-4 0  9994,2 25982 045.0192 159.7135 0003952 178.4972 223.8440 14.31854919871450
1 25982U 99065C   16226.92013284 +.00000034 +00000-0 +64623-4 0  9993,2 25982 045.0192 154.8162 0004033 183.1312 203.9688 14.31855236871601
1 25982U 99065C   16227.89699104 +.00000019 +00000-0 +59154-4 0  9997,2 25982 045.0192 150.2323 0004108 187.4942 199.8502 14.31855472871744
1 25982U 99065C   16228.26672466  .00000017  00000-0  58456-4 0  9993,2 25982  45.0192 148.4974 0004130 189.1827 305.8573 14.31855598871826
1 25982U 99065C   16228.95677381 +.00000005 +00000-0 +53743-4 0  9991,2 25982 045.0192 145.2592 0004184 192.3102 263.1415 14.31855800871892
1 25982U 99065C   16229.85453279 -.00000018  00000-0  45129-4 0  9993,2 25982  45.0192 141.0463 0004251 196.2847 211.2891 14.31855998872056
1 25982U 99065C   16231.20222529 -.00000039  00000-0  37376-4 0  9995,2 25982  45.0193 134.7222 0004343 202.2637 318.9319 14.31856282872244
1 25982U 99065C   16232.24744176 -.00000033  00000-0  39845-4 0  9994,2 25982  45.0194 129.8174 0004420 206.7367 307.4113 14.31856564872395
1 25982U 99065C   16232.92717111 -.00000024 +00000-0 +42921-4 0  9997,2 25982 045.0195 126.6276 0004472 209.6934 211.6214 14.31856734872468
1 25982U 99065C   16233.83033314 -.00000002  00000-0  51290-4 0  9999,2 25982  45.0195 122.3894 0004539 213.4068 187.9104 14.31857003872623
1 25982U 99065C   16233.90387074 +.00000002 +00000-0 +52591-4 0  9996,2 25982 045.0196 122.0443 0004540 213.7093 207.0364 14.31857036872600
1 25982U 99065C   16235.17532007  .00000014  00000-0  57267-4 0  9993,2 25982  45.0196 116.0780 0004617 218.7517 282.2324 14.31857334872813
1 25982U 99065C   16235.93011199 +.00000005 +00000-0 +53666-4 0  9990,2 25982 045.0196 112.5359 0004668 221.6765 213.7734 14.31857451872892
1 25982U 99065C   16236.83299437 -.00000008  00000-0  48957-4 0  9994,2 25982  45.0196 108.2990 0004717 225.4128 188.5995 14.31857636873057
1 25982U 99065C   16236.90644580 -.00000010 +00000-0 +48223-4 0  9994,2 25982 045.0196 107.9544 0004723 225.7097 207.2867 14.31857643873036
1 25982U 99065C   16238.11119067 -.00000038  00000-0  37947-4 0  9997,2 25982  45.0195 102.3009 0004779 230.5562 298.5107 14.31857902873232
1 25982U 99065C   16238.93196150 -.00000054 +00000-0 +31882-4 0  9995,2 25982 045.0195 098.4492 0004820 233.7749 210.1887 14.31858086873321
1 25982U 99065C   16239.83559030 -.00000066  00000-0  27499-4 0  9997,2 25982  45.0195  94.2086 0004865 237.2400 189.1395 14.31858291873480
1 25982U 99065C   16239.90831894 -.00000066 +00000-0 +27521-4 0  9992,2 25982 045.0195 093.8674 0004866 237.5381 204.0962 14.31858305873461
1 25982U 99065C   16241.10818891 -.00000056  00000-0  31114-4 0  9991,2 25982  45.0195  88.2366 0004916 242.3686 270.1854 14.31858610873660
1 25982U 99065C   16242.54891203 -.00000009  00000-0  48466-4 0  9994,2 25982  45.0196  81.4755 0004978 248.0161 138.1785 14.31859040873874
1 25982U 99065C   16242.91984200 +.00000008 +00000-0 +54912-4 0  9996,2 25982 045.0197 079.7348 0004987 249.3570 250.7107 14.31859215873896
1 25982U 99065C   16243.59866334  .00000010  00000-0  55730-4 0  9990,2 25982  45.0197  76.5492 0005013 251.9073 150.6483 14.31859303874028
1 25982U 99065C   16243.96892392 +.00000024 +00000-0 +60927-4 0  9993,2 25982 045.0197 074.8117 0005019 253.3259 259.6491 14.31859453874048
1 25982U 99065C   16244.86479315  .00000034  00000-0  64575-4 0  9993,2 25982  45.0198  70.6077 0005044 256.7458 198.6121 14.31859693874200
1 25982U 99065C   16244.94601251 +.00000034 +00000-0 +64546-4 0  9996,2 25982 045.0198 070.2266 0005044 257.0925 257.3299 14.31859712874187
1 25982U 99065C   16245.98892047  .00000021  00000-0  59883-4 0  9990,2 25982  45.0198  65.3326 0005060 261.1691 234.3077 14.31859956874362
1 25982U 99065C   16247.50425477 -.00000004  00000-0  50407-4 0  9994,2 25982  45.0199  58.2216 0005090 266.8112 127.2837 14.31860411874581
1 25982U 99065C   16248.55383883 -.00000033  00000-0  39574-4 0  9998,2 25982  45.0200  53.2962 0005097 270.8661 138.7321 14.31860621874733
1 25982U 99065C   16248.92386605 -.00000041 +00000-0 +36696-4 0  9995,2 25982 045.0201 051.5598 0005089 272.4662 246.3487 14.31860678874753
1 25982U 99065C   16249.90094273 -.00000051  00000-0  33241-4 0  9995,2 25982  45.0202  46.9747 0005094 276.1861 244.0188 14.31860881874924
1 25982U 99065C   16251.48557133 -.00000042  00000-0  36538-4 0  9992,2 25982  45.0205  39.5384 0005097 282.3008 134.0603 14.31861160875154
1 25982U 99065C   16252.52861874 -.00000024  00000-0  43185-4 0  9994,2 25982  45.0206  34.6437 0005091 286.2720 111.8676 14.31861374875305
1 25982U 99065C   16252.83042350 -.00000014 +00000-0 +46691-4 0  9992,2 25982 045.0206 033.2275 0005077 287.6097 227.7425 14.31861460875312
1 25982U 99065C   16253.80705218 -.00000001  00000-0  51777-4 0  9996,2 25982  45.0207  28.6446 0005057 291.4907 222.9431 14.31861702875483
1 25982U 99065C   16254.84997029 -.00000005  00000-0  50206-4 0  9994,2 25982  45.0207  23.7507 0005038 295.6325 199.9161 14.31861976875639
1 25982U 99065C   16256.50703453 -.00000015  00000-0  46581-4 0  9997,2 25982  45.0209  15.9748 0005001 302.1735 103.2848 14.31862543875877
1 25982U 99065C   16256.73569163 -.00000016 +00000-0 +46011-4 0  9999,2 25982 045.0209 014.9018 0004990 303.0595 202.1948 14.31862611875872
1 25982U 99065C   16257.78596270 -.00000037  00000-0  38188-4 0  9993,2 25982  45.0208   9.9734 0004964 307.1628 217.1479 14.31862866876051
1 25982U 99065C   16259.16294766 -.00000024  00000-0  43171-4 0  9996,2 25982  45.0209   3.5117 0004920 312.5371 116.5691 14.31863330876251
1 25982U 99065C   16260.48659959  .00000010  00000-0  55618-4 0  9995,2 25982  45.0208 357.3003 0004858 317.9149 100.8074 14.31863817876448
1 25982U 99065C   16260.71476671 +.00000022 +00000-0 +60177-4 0  9998,2 25982 045.0208 356.2297 0004853 318.9723 197.0187 14.31863930876444
1 25982U 99065C   16261.75841723  .00000048  00000-0  69638-4 0  9996,2 25982  45.0208 351.3322 0004809 323.3278 177.5643 14.31864306876623
1 25982U 99065C   16263.20005654  .00000051  00000-0  70747-4 0  9990,2 25982  45.0208 344.5672 0004738 329.4942  49.7953 14.31864705876831
1 25982U 99065C   16264.46604868  .00000042  00000-0  67500-4 0  9994,2 25982  45.0207 338.6264 0004655 335.0771  96.3292 14.31865133877013
1 25982U 99065C   16265.51517456  .00000024  00000-0  60710-4 0  9993,2 25982  45.0206 333.7034 0004602 339.6656 104.8985 14.31865487877169
1 25982U 99065C   16265.59655525 +.00000023 +00000-0 +60410-4 0  9997,2 25982 045.0206 333.3215 0004599 340.0446 164.4181 14.31865517877146
1 25982U 99065C   16266.64696914  .00000022  00000-0  60042-4 0  9991,2 25982  45.0205 328.3924 0004532 344.6959 179.5719 14.31865967877325
1 25982U 99065C   16268.44495748  .00000035  00000-0  64958-4 0  9997,2 25982  45.0203 319.9551 0004425 352.7971  88.5273 14.31866686877581
1 25982U 99065C   16268.66828508 +.00000046 +00000-0 +68903-4 0  9991,2 25982 045.0202 318.9070 0004412 353.8477 159.7775 14.31866813877584
1 25982U 99065C   16269.64318744  .00000064  00000-0  75553-4 0  9995,2 25982  45.0201 314.3321 0004345 358.4282 145.3899 14.31867190877758
1 25982U 99065C   16272.13539154  .00000119  00000-0  96135-4 0  9993,2 25982  45.0197 302.6366 0004186  10.4940  32.3295 14.31868310878111
1 25982U 99065C   16273.48121192  .00000135  00000-0  10196-3 0  9991,2 25982  45.0196 296.3210 0004110  17.4079 129.4404 14.31869132878308
1 25982U 99065C   16274.52566939  .00000109  00000-0  92283-4 0  9998,2 25982  45.0195 291.4196 0004054  22.8100 113.1243 14.31869634878452
1 25982U 99065C   16276.18269992  .00000056  00000-0  72814-4 0  9990,2 25982  45.0194 283.6434 0003962  31.5398  14.1758 14.31870297878696
1 25982U 99065C   16277.52933205  .00000050  00000-0  70387-4 0  9991,2 25982  45.0193 277.3239 0003903  38.8399 115.0969 14.31870865878881
1 25982U 99065C   16278.83804068  .00000072  00000-0  78796-4 0  9996,2 25982  45.0193 271.1823 0003850  45.9622  20.5243 14.31871442879070
1 25982U 99065C   16278.96923838 +.00000076 +00000-0 +80240-4 0  9998,2 25982 045.0192 270.5666 0003845 046.7081 336.7199 14.31871494879067
