1 33591U 09005A   15001.51462284  .00000118  00000-0  89470-4 0  9996,2 33591 098.9707 311.1889 0013053 280.6375 206.6864 14.11846270303975
1 33591U 09005A   15001.84390441  .00000262  00000-0  14327-3 0  9995,2 33591 098.9684 311.5179 0013478 280.5294 079.4828 14.11845207304005
1 33591U 09005A   15002.37011653  .00000193  00000-0  13041-3 0  9994,2 33591 098.9710 312.0442 0013033 278.0804 235.0059 14.11846010304098
1 33591U 09005A   15003.55634925  .00000274  00000-0  17447-3 0  9992,2 33591 098.9711 313.2304 0013042 274.4620 144.4861 14.11845998304262
1 33591U 09005A   15004.49281416  .00000333  00000-0  20717-3 0  9999,2 33591 098.9712 314.1668 0013014 271.6627 224.3668 14.11846201304396
1 33591U 09005A   15005.54087108  .00000356  00000-0  21954-3 0  9997,2 33591 098.9713 315.2149 0013042 268.4003 151.5794 14.11847173304543
1 33591U 09005A   15005.88340940  .00000258  00000-0  14140-3 0  9990,2 33591 098.9698 315.5587 0013060 268.8353 091.1798 14.11848011304596
1 33591U 09005A   15006.53320867  .00000275  00000-0  17508-3 0  9999,2 33591 098.9713 316.2073 0013062 265.3369 155.5469 14.11848506304682
1 33591U 09005A   15006.87556611  .00000363  00000-0  19899-3 0  9997,2 33591 098.9688 316.5482 0013398 265.6212 094.3909 14.11849605304716
1 33591U 09005A   15007.18156096  .00000207  00000-0  13826-3 0  9996,2 33591 098.9712 316.8557 0013057 263.3592 211.0436 14.11849627304771
1 33591U 09005A   15008.53114896  .00000161  00000-0  11279-3 0  9997,2 33591 098.9712 318.2053 0013087 259.2449 230.8427 14.11851585304962
1 33591U 09005A   15009.52369837  .00000155  00000-0  10935-3 0  9995,2 33591 098.9712 319.1979 0013084 256.2600 235.8224 14.11852357305107
1 33591U 09005A   15010.51457957  .00000182  00000-0  12443-3 0  9993,2 33591 098.9712 320.1887 0013082 253.2827 232.3270 14.11852218305247
1 33591U 09005A   15011.50835324  .00000214  00000-0  14169-3 0  9994,2 33591 098.9714 321.1824 0013114 250.2909 243.5412 14.11852332305389
1 33591U 09005A   15012.56897196  .00000304  00000-0  19108-3 0  9994,2 33591 098.9717 322.2429 0013164 247.1159 234.5036 14.11852408305535
1 33591U 09005A   15013.54750148  .00000322  00000-0  20099-3 0  9999,2 33591 098.9719 323.2213 0013150 244.1139 168.2910 14.11852745305672
1 33591U 09005A   15014.19709918  .00000327  00000-0  20354-3 0  9999,2 33591 098.9721 323.8708 0013171 242.1326 230.1311 14.11853627305763
1 33591U 09005A   15015.54556132  .00000231  00000-0  15091-3 0  9993,2 33591 098.9725 325.2192 0013230 238.1153 244.1365 14.11855315305950
1 33591U 09005A   15016.52641249  .00000141  00000-0  10200-3 0  9993,2 33591 098.9727 326.2001 0013267 235.1827 189.6506 14.11856727306091
1 33591U 09005A   15017.59982663  .00000064  00000-0  59588-4 0  9996,2 33591 098.9730 327.2736 0013304 232.0036 245.6234 14.11857762306249
1 33591U 09005A   15018.52382345  .00000060  00000-0  57627-4 0  9999,2 33591 098.9731 328.1977 0013319 229.2649 262.1422 14.11857809306370
1 33591U 09005A   15019.44762914  .00000130  00000-0  95820-4 0  9990,2 33591 098.9732 329.1217 0013360 226.5578 277.6624 14.11857511306506
1 33591U 09005A   15020.50860861  .00000179  00000-0  12279-3 0  9998,2 33591 098.9732 330.1829 0013391 223.3696 270.4908 14.11857115306659
1 33591U 09005A   15021.21121241  .00000274  00000-0  17451-3 0  9992,2 33591 098.9732 330.8857 0013407 221.2563 241.7416 14.11856859306755
1 33591U 09005A   15022.49332190  .00000303  00000-0  19034-3 0  9992,2 33591 098.9731 332.1681 0013473 217.4758 278.4709 14.11857561306933
1 33591U 09005A   15023.54002193  .00000264  00000-0  16915-3 0  9997,2 33591 098.9731 333.2151 0013526 214.3779 198.6673 14.11858437307088
1 33591U 09005A   15024.53230043  .00000200  00000-0  13390-3 0  9998,2 33591 098.9732 334.2075 0013582 211.5184 202.1712 14.11859426307226
1 33591U 09005A   15025.52388843  .00000129  00000-0  95067-4 0  9992,2 33591 098.9734 335.1993 0013633 208.6856 202.1421 14.11860814307362
1 33591U 09005A   15026.53177054  .00000037  00000-0  44749-4 0  9993,2 33591 098.9735 336.2073 0013675 205.7334 285.0100 14.11861930307509
1 33591U 09005A   15027.52434501  .00000065  00000-0  60217-4 0  9995,2 33591 098.9738 337.2000 0013722 202.9393 289.9646 14.11862452307643
1 33591U 09005A   15028.51506083  .00000120  00000-0  90258-4 0  9990,2 33591 098.9741 338.1909 0013753 200.0347 285.5929 14.11862437307781
1 33591U 09005A   15029.50883803  .00000262  00000-0  16783-3 0  9995,2 33591 098.9744 339.1848 0013798 197.1633 296.7421 14.11862167307927
1 33591U 09005A   15029.71406448  .00000271  00000-0  17278-3 0  9994,2 33591 098.9745 339.3901 0013813 196.5941 259.8391 14.11862074307959
1 33591U 09005A   15031.13621567  .00000341  00000-0  21130-3 0  9994,2 33591 098.9749 340.8126 0013889 192.5144 288.2878 14.11862539308158
1 33591U 09005A   15031.49355013  .00000343  00000-0  21225-3 0  9990,2 33591 098.9750 341.1701 0013913 191.5594 304.4619 14.11862557308209
1 33591U 09005A   15032.48587792  .00000312  00000-0  19550-3 0  9995,2 33591 098.9752 342.1627 0013975 188.7841 308.1496 14.11863628308349
1 33591U 09005A   15033.18990475  .00000300  00000-0  18870-3 0  9990,2 33591 098.9753 342.8671 0014016 186.7607 286.5489 14.11865021308442
1 33591U 09005A   15034.52409730  .00000147  00000-0  10488-3 0  9994,2 33591 098.9753 344.2019 0014089 183.0348 227.8267 14.11866910308637
1 33591U 09005A   15035.17631833  .00000121  00000-0  90619-4 0  9994,2 33591 098.9753 344.8544 0014117 181.0917 302.9837 14.11867798308721
1 33591U 09005A   15036.52439971  .00000116  00000-0  87829-4 0  9996,2 33591 098.9753 346.2032 0014182 177.3114 314.8851 14.11868731308915
1 33591U 09005A   15037.51525330  .00000180  00000-0  12294-3 0  9995,2 33591 098.9753 347.1946 0014233 174.5495 311.0926 14.11868982309053
1 33591U 09005A   15038.50901251  .00000243  00000-0  15755-3 0  9990,2 33591 098.9753 348.1888 0014283 171.7994 322.0514 14.11869035309197
1 33591U 09005A   15039.50138590  .00000321  00000-0  20024-3 0  9991,2 33591 098.9754 349.1816 0014335 169.1292 325.8917 14.11869202309330
1 33591U 09005A   15040.49371433  .00000338  00000-0  20952-3 0  9994,2 33591 098.9755 350.1744 0014384 166.3410 329.6210 14.11869689309470
1 33591U 09005A   15041.19774556  .00000321  00000-0  20045-3 0  9990,2 33591 098.9756 350.8787 0014428 164.3800 307.9984 14.11870553309575
1 33591U 09005A   15042.25599422  .00000268  00000-0  17110-3 0  9994,2 33591 098.9759 351.9374 0014483 161.4927 286.6952 14.11872025309722
1 33591U 09005A   15043.53970792  .00000119  00000-0  89587-4 0  9992,2 33591 098.9763 353.2216 0014536 157.9967 331.3486 14.11873647309901
1 33591U 09005A   15049.49396870  .00000356  00000-0  21925-3 0  9996,2 33591 098.9774 359.1793 0014769 141.8625 354.7134 14.11874744310741
1 33591U 09005A   15050.55339067  .00000292  00000-0  18413-3 0  9997,2 33591 098.9774 000.2395 0014816 139.0754 339.2912 14.11875641310893
1 33591U 09005A   15050.88448015  .00000187  00000-0  10214-3 0  9991,2 33591 098.9761 000.5722 0014561 137.3546 222.9233 14.11876558310941
1 33591U 09005A   15051.53420082  .00000253  00000-0  16294-3 0  9996,2 33591 098.9773 001.2210 0014852 136.4670 284.3478 14.11876805311034
1 33591U 09005A   15052.54013323  .00000149  00000-0  10614-3 0  9998,2 33591 098.9773 002.2277 0014890 133.7711 357.1125 14.11878475311174
1 33591U 09005A   15053.51911822  .00000095  00000-0  76708-4 0  9994,2 33591 098.9774 003.2074 0014918 131.1806 292.8870 14.11879511311319
1 33591U 09005A   15054.52451814  .00000133  00000-0  97321-4 0  9993,2 33591 098.9775 004.2134 0014960 128.4397 003.0048 14.11879890311453
1 33591U 09005A   15055.51553486  .00000171  00000-0  11833-3 0  9996,2 33591 098.9777 005.2051 0014980 125.7924 359.9679 14.11880086311599
1 33591U 09005A   15056.70826609  .00000210  00000-0  13963-3 0  9998,2 33591 098.9779 006.3985 0014995 122.5432 302.2323 14.11880139311769
1 33591U 09005A   15057.50160947  .00000249  00000-0  16053-3 0  9998,2 33591 098.9781 007.1924 0015006 120.4345 014.4873 14.11879924311872
1 33591U 09005A   15058.53810580  .00000212  00000-0  14031-3 0  9991,2 33591 098.9777 008.2292 0014896 117.0355 243.2338 14.11881028312020
1 33591U 09005A   15059.53024156  .00000223  00000-0  14638-3 0  9993,2 33591 098.9779 009.2221 0014917 114.3717 245.9013 14.11881702312164
1 33591U 09005A   15060.59324353  .00000286  00000-0  18117-3 0  9998,2 33591 098.9781 010.2860 0014944 111.5553 248.7212 14.11882654312311
1 33591U 09005A   15061.51451160  .00000317  00000-0  19773-3 0  9992,2 33591 098.9782 011.2080 0014973 109.1102 251.1691 14.11883282312443
1 33591U 09005A   15061.65624512  .00000315  00000-0  19696-3 0  9992,2 33591 098.9783 011.3498 0014979 108.7283 251.5515 14.11883344312469
1 33591U 09005A   15063.07357981  .00000301  00000-0  18937-3 0  9995,2 33591 098.9785 012.7684 0015034 105.0089 255.2747 14.11883932312663
1 33591U 09005A   15063.56964661  .00000321  00000-0  19999-3 0  9999,2 33591 098.9786 013.2649 0015048 103.6842 256.6005 14.11884323312732
1 33591U 09005A   15064.49091319  .00000292  00000-0  18427-3 0  9995,2 33591 098.9788 014.1870 0015074 101.2618 259.0248 14.11884754312862
1 33591U 09005A   15065.48304581  .00000261  00000-0  16718-3 0  9990,2 33591 098.9790 015.1800 0015084 098.6773 261.6108 14.11885282313009
1 33591U 09005A   15066.47517794  .00000252  00000-0  16263-3 0  9997,2 33591 098.9792 016.1731 0015073 096.0765 264.2124 14.11885954313144
1 33591U 09005A   15067.46730949  .00000243  00000-0  15752-3 0  9998,2 33591 098.9794 017.1662 0015067 093.4645 266.8249 14.11886627313280
1 33591U 09005A   15068.45944067  .00000270  00000-0  17224-3 0  9992,2 33591 098.9795 018.1593 0015078 090.8616 269.4282 14.11887426313426
1 33591U 09005A   15069.45157148  .00000259  00000-0  16593-3 0  9994,2 33591 098.9796 019.1524 0015099 088.2628 272.0272 14.11887917313568
1 33591U 09005A   15070.44370191  .00000273  00000-0  17359-3 0  9997,2 33591 098.9797 020.1455 0015133 085.6529 274.6371 14.11888485313709
1 33591U 09005A   15071.50669812  .00000300  00000-0  18872-3 0  9998,2 33591 098.9797 021.2096 0015146 082.8773 277.4119 14.11889156313859
1 33591U 09005A   15072.49882729  .00000309  00000-0  19333-3 0  9993,2 33591 098.9798 022.2028 0015139 080.2689 280.0191 14.11889761313993
1 33591U 09005A   15073.56182217  .00000278  00000-0  17684-3 0  9999,2 33591 098.9800 023.2669 0015120 077.4754 282.8108 14.11890295314140
1 33591U 09005A   15074.48308396  .00000248  00000-0  16026-3 0  9995,2 33591 098.9801 024.1891 0015105 075.0745 285.2097 14.11890760314270
1 33591U 09005A   15075.47521166  .00000193  00000-0  12991-3 0  9993,2 33591 098.9803 025.1823 0015099 072.4965 287.7854 14.11891147314419
1 33591U 09005A   15076.46733894  .00000171  00000-0  11820-3 0  9992,2 33591 098.9805 026.1755 0015081 069.8693 290.4099 14.11891666314558
1 33591U 09005A   15077.45946498  .00000288  00000-0  18231-3 0  9990,2 33591 098.9807 027.1688 0015074 067.2610 293.0152 14.11893114314693
1 33591U 09005A   15078.45159113  .00000265  00000-0  16923-3 0  9992,2 33591 098.9808 028.1621 0015059 064.6568 295.6160 14.11893618314830
1 33591U 09005A   15079.51458319  .00000199  00000-0  13333-3 0  9998,2 33591 098.9809 029.2263 0015046 061.8613 298.4076 14.11893808314985
1 33591U 09005A   15080.50670863  .00000243  00000-0  15764-3 0  9999,2 33591 098.9811 030.2196 0015046 059.3123 300.9529 14.11894416315128
1 33591U 09005A   15081.49883329  .00000257  00000-0  16498-3 0  9991,2 33591 098.9812 031.2129 0015024 056.7090 303.5518 14.11895044315255
1 33591U 09005A   15082.49095744  .00000260  00000-0  16655-3 0  9997,2 33591 098.9813 032.2062 0015006 054.1439 306.1123 14.11895681315395
1 33591U 09005A   15083.48308102  .00000258  00000-0  16557-3 0  9990,2 33591 098.9814 033.1995 0014972 051.5024 308.7487 14.11896346315539
1 33591U 09005A   15084.47520416  .00000259  00000-0  16605-3 0  9999,2 33591 098.9816 034.1929 0014935 048.8823 311.3635 14.11897025315679
1 33591U 09005A   15085.46732678  .00000278  00000-0  17676-3 0  9994,2 33591 098.9817 035.1863 0014900 046.2367 314.0035 14.11897813315810
1 33591U 09005A   15086.88464385  .00000309  00000-0  19345-3 0  9998,2 33591 098.9818 036.6054 0014841 042.4008 317.8307 14.11898933316013
1 33591U 09005A   15087.09724143  .00000319  00000-0  19885-3 0  9993,2 33591 098.9819 036.8183 0014837 041.8601 318.3702 14.11899080316048
1 33591U 09005A   15088.44369136  .00000346  00000-0  21354-3 0  9994,2 33591 098.9821 038.1666 0014794 038.2563 321.9655 14.11900129316236
1 33591U 09005A   15089.43581206  .00000381  00000-0  23267-3 0  9992,2 33591 098.9822 039.1601 0014776 035.6655 324.5501 14.11900894316373
1 33591U 09005A   15090.49879773  .00000350  00000-0  21603-3 0  9997,2 33591 098.9823 040.2244 0014744 032.8799 327.3287 14.11901435316524
1 33591U 09005A   15091.49091694  .00000339  00000-0  20991-3 0  9992,2 33591 098.9825 041.2179 0014707 030.2212 329.9805 14.11902146316664
1 33591U 09005A   15092.48303540  .00000345  00000-0  21347-3 0  9991,2 33591 098.9827 042.2114 0014653 027.4359 332.7583 14.11902986316809
1 33591U 09005A   15093.47515328  .00000324  00000-0  20187-3 0  9998,2 33591 098.9829 043.2050 0014597 024.6997 335.4870 14.11903762316942
1 33591U 09005A   15094.46727087  .00000268  00000-0  17097-3 0  9998,2 33591 098.9831 044.1985 0014542 021.9981 338.1811 14.11904278317089
1 33591U 09005A   15095.45938793  .00000254  00000-0  16333-3 0  9993,2 33591 098.9832 045.1922 0014482 019.3310 340.8408 14.11904947317223
1 33591U 09005A   15096.45150467  .00000270  00000-0  17240-3 0  9994,2 33591 098.9834 046.1858 0014431 016.6829 343.4814 14.11905634317362
1 33591U 09005A   15097.51448643  .00000279  00000-0  17744-3 0  9996,2 33591 098.9835 047.2503 0014382 013.7921 346.3641 14.11906278317510
1 33591U 09005A   15097.79795709  .00000353  00000-0  19337-3 0  9997,2 33591 098.9824 047.5351 0014694 012.2373 347.9636 14.11906797317565
1 33591U 09005A   15098.50660230  .00000281  00000-0  17824-3 0  9996,2 33591 098.9835 048.2440 0014334 011.1055 349.0430 14.11906816317657
1 33591U 09005A   15098.79007391  .00000264  00000-0  14439-3 0  9990,2 33591 098.9826 048.5289 0014585 009.8355 350.3585 14.11906532317703
1 33591U 09005A   15100.49083227  .00000276  00000-0  17557-3 0  9990,2 33591 098.9837 050.2312 0014235 005.6102 354.5226 14.11908074317934
1 33591U 09005A   15101.48294650  .00000254  00000-0  16332-3 0  9990,2 33591 098.9838 051.2249 0014180 002.8257 357.2992 14.11908696318070
1 33591U 09005A   15102.47506043  .00000227  00000-0  14860-3 0  9996,2 33591 098.9839 052.2186 0014129 000.0753 000.0418 14.11909267318213
1 33591U 09005A   15103.46717385  .00000195  00000-0  13147-3 0  9990,2 33591 098.9840 053.2123 0014073 357.2767 002.8325 14.11909806318358
1 33591U 09005A   15104.45928689  .00000209  00000-0  13903-3 0  9997,2 33591 098.9842 054.2060 0014022 354.4614 005.6400 14.11910518318497
1 33591U 09005A   15105.52226464  .00000292  00000-0  18428-3 0  9997,2 33591 098.9844 055.2707 0013973 351.4573 008.6359 14.11911590318647
1 33591U 09005A   15106.44351149  .00000328  00000-0  20403-3 0  9994,2 33591 098.9845 056.1935 0013915 348.9196 011.1667 14.11912395318778
1 33591U 09005A   15106.79784650  .00000292  00000-0  15983-3 0  9996,2 33591 098.9831 056.5488 0013982 347.6006 012.5286 14.11912052318839
1 33591U 09005A   15107.50648831  .00000323  00000-0  20103-3 0  9991,2 33591 098.9846 057.2583 0013844 346.0047 014.0738 14.11912996318920
1 33591U 09005A   15108.49859946  .00000325  00000-0  20210-3 0  9992,2 33591 098.9847 058.2521 0013795 343.1510 016.9201 14.11913618319066
1 33591U 09005A   15109.49071003  .00000323  00000-0  20145-3 0  9998,2 33591 098.9848 059.2459 0013743 340.3009 019.7630 14.11914331319209
1 33591U 09005A   15110.41195492  .00000337  00000-0  20911-3 0  9997,2 33591 098.9849 060.1687 0013699 337.5875 022.4696 14.11915153319333
1 33591U 09005A   15111.47492914  .00000377  00000-0  23086-3 0  9993,2 33591 098.9850 061.2335 0013646 334.4839 025.5657 14.11916313319481
1 33591U 09005A   15112.53790284  .00000389  00000-0  23756-3 0  9999,2 33591 098.9852 062.2983 0013594 331.4212 028.6213 14.11917338319634
1 33591U 09005A   15113.45914627  .00000364  00000-0  22368-3 0  9991,2 33591 098.9852 063.2212 0013543 328.7384 031.2980 14.11917995319767
1 33591U 09005A   15113.81347891  .00000509  00000-0  27832-3 0  9996,2 33591 098.9846 063.5760 0013606 327.6124 032.4698 14.11919146319827
1 33591U 09005A   15114.45125410  .00000377  00000-0  23059-3 0  9998,2 33591 098.9854 064.2150 0013497 325.8539 034.1762 14.11918819319901
1 33591U 09005A   15115.44336149  .00000344  00000-0  21251-3 0  9997,2 33591 098.9854 065.2090 0013435 322.9649 037.0593 14.11919377320048
1 33591U 09005A   15116.43546837  .00000310  00000-0  19428-3 0  9990,2 33591 098.9855 066.2029 0013383 320.0368 039.9817 14.11919900320188
1 33591U 09005A   15117.49843950  .00000278  00000-0  17683-3 0  9997,2 33591 098.9856 067.2678 0013329 316.8962 043.1165 14.11920503320334
1 33591U 09005A   15118.49054537  .00000253  00000-0  16294-3 0  9993,2 33591 098.9857 068.2617 0013286 313.9406 046.0668 14.11921128320471
1 33591U 09005A   15119.48265090  .00000208  00000-0  13849-3 0  9994,2 33591 098.9858 069.2557 0013256 311.0021 049.0004 14.11921650320618
1 33591U 09005A   15120.47475619  .00000166  00000-0  11521-3 0  9993,2 33591 098.9860 070.2496 0013223 308.0264 051.9713 14.11922134320756
1 33591U 09005A   15121.46686129  .00000136  00000-0  98826-4 0  9994,2 33591 098.9862 071.2435 0013183 305.0546 054.9388 14.11922595320894
1 33591U 09005A   15121.67945521  .00000137  00000-0  99667-4 0  9996,2 33591 098.9862 071.4565 0013173 304.4025 055.5900 14.11922699320920
1 33591U 09005A   15122.45896615  .00000133  00000-0  97457-4 0  9993,2 33591 098.9864 072.2375 0013145 302.0723 057.9171 14.11923090321033
1 33591U 09005A   15123.45107084  .00000156  00000-0  11009-3 0  9992,2 33591 098.9865 073.2315 0013115 299.1012 060.8845 14.11923614321171
1 33591U 09005A   15124.51403997  .00000181  00000-0  12342-3 0  9991,2 33591 098.9865 074.2966 0013067 295.8883 064.0940 14.11924116321326
1 33591U 09005A   15125.50614419  .00000194  00000-0  13061-3 0  9997,2 33591 098.9866 075.2906 0013041 292.8930 067.0864 14.11924527321463
1 33591U 09005A   15126.49824806  .00000232  00000-0  15132-3 0  9993,2 33591 098.9866 076.2846 0013009 289.8915 070.0854 14.11925165321608
1 33591U 09005A   15127.49035146  .00000250  00000-0  16112-3 0  9994,2 33591 098.9867 077.2787 0012994 286.8608 073.1138 14.11925784321743
1 33591U 09005A   15128.48245466  .00000221  00000-0  14558-3 0  9992,2 33591 098.9867 078.2728 0012979 283.8250 076.1476 14.11926222321883
1 33591U 09005A   15129.47455750  .00000206  00000-0  13727-3 0  9991,2 33591 098.9868 079.2669 0012962 280.7567 079.2145 14.11926754322022
1 33591U 09005A   15130.46665995  .00000231  00000-0  15114-3 0  9996,2 33591 098.9869 080.2610 0012958 277.7305 082.2395 14.11927506322164
1 33591U 09005A   15131.52962645  .00000300  00000-0  18856-3 0  9999,2 33591 098.9871 081.3261 0012939 274.4635 085.5058 14.11928515322310
1 33591U 09005A   15132.52172820  .00000341  00000-0  21087-3 0  9993,2 33591 098.9872 082.3203 0012921 271.4294 088.5396 14.11929317322451
1 33591U 09005A   15133.51382948  .00000334  00000-0  20740-3 0  9994,2 33591 098.9872 083.3144 0012904 268.3890 091.5803 14.11929880322591
1 33591U 09005A   15134.50593015  .00000380  00000-0  23221-3 0  9991,2 33591 098.9873 084.3086 0012898 265.3220 094.6478 14.11930753322733
1 33591U 09005A   15135.49803057  .00000334  00000-0  20716-3 0  9995,2 33591 098.9874 085.3028 0012900 262.2852 097.6855 14.11931178322871
1 33591U 09005A   15136.49013038  .00000304  00000-0  19114-3 0  9995,2 33591 098.9875 086.2969 0012917 259.2733 100.6984 14.11931770323011
1 33591U 09005A   15137.48222976  .00000258  00000-0  16581-3 0  9991,2 33591 098.9876 087.2912 0012932 256.2439 103.7293 14.11932314323155
1 33591U 09005A   15138.47432889  .00000224  00000-0  14708-3 0  9999,2 33591 098.9877 088.2854 0012944 253.1796 106.7955 14.11932873323290
1 33591U 09005A   15139.46642763  .00000212  00000-0  14079-3 0  9991,2 33591 098.9878 089.2795 0012954 250.1386 109.8389 14.11933585323431
1 33591U 09005A   15140.52939061  .00000173  00000-0  11913-3 0  9990,2 33591 098.9879 090.3447 0012955 246.8954 113.0852 14.11933925323589
1 33591U 09005A   15141.45062489  .00000186  00000-0  12618-3 0  9991,2 33591 098.9880 091.2679 0012967 244.1072 115.8763 14.11934406323714
1 33591U 09005A   15142.44272313  .00000191  00000-0  12901-3 0  9991,2 33591 098.9880 092.2621 0012973 241.0383 118.9488 14.11934844323859
1 33591U 09005A   15143.50568524  .00000184  00000-0  12527-3 0  9997,2 33591 098.9880 093.3274 0012987 237.7807 122.2105 14.11935205324007
1 33591U 09005A   15144.49778280  .00000177  00000-0  12170-3 0  9994,2 33591 098.9881 094.3216 0013016 234.8072 125.1881 14.11935634324145
1 33591U 09005A   15145.48988006  .00000158  00000-0  11096-3 0  9998,2 33591 098.9881 095.3159 0013054 231.8399 128.1596 14.11936032324287
1 33591U 09005A   15146.48197715  .00000119  00000-0  89629-4 0  9993,2 33591 098.9882 096.3102 0013089 228.8635 131.1407 14.11936354324422
1 33591U 09005A   15147.40321000  .00000107  00000-0  83421-4 0  9993,2 33591 098.9883 097.2334 0013123 226.1029 133.9059 14.11936773324559
1 33591U 09005A   15148.46617082  .00000097  00000-0  77865-4 0  9991,2 33591 098.9884 098.2987 0013168 222.8826 137.1319 14.11937190324708
1 33591U 09005A   15148.82049944  .00000312  00000-0  17072-3 0  9990,2 33591 098.9872 098.6540 0013061 222.7754 137.2876 14.11938522324760
1 33591U 09005A   15149.52913149  .00000117  00000-0  88691-4 0  9994,2 33591 098.9885 099.3641 0013200 219.6290 140.3918 14.11937683324858
1 33591U 09005A   15150.45036396  .00000121  00000-0  90750-4 0  9992,2 33591 098.9886 100.2874 0013232 216.8705 143.1557 14.11937967324983
1 33591U 09005A   15151.44246027  .00000247  00000-0  15940-3 0  9992,2 33591 098.9887 101.2817 0013274 213.8861 146.1463 14.11938872325120
1 33591U 09005A   15240.16301083  .00000137  00000-0  99770-4 0  9996,2 33591 098.9956 190.2359 0013596 331.8274 028.2161 14.11970569337646
1 33591U 09005A   15241.50939272  .00000131  00000-0  96522-4 0  9998,2 33591 098.9958 191.5865 0013533 327.9477 032.0870 14.11970874337836
1 33591U 09005A   15242.50146325  .00000116  00000-0  88056-4 0  9994,2 33591 098.9959 192.5817 0013492 325.0388 034.9896 14.11971100337976
1 33591U 09005A   15243.49353352  .00000114  00000-0  86783-4 0  9996,2 33591 098.9960 193.5769 0013453 322.1060 037.9163 14.11971448338119
1 33591U 09005A   15243.77698210 +.00000111 +00000-0 +85140-4 0  9995,2 33591 098.9961 193.8612 0013444 321.2466 038.7740 14.11971556337894
1 33591U 09005A   15244.48560354  .00000115  00000-0  87270-4 0  9991,2 33591  98.9962 194.5721 0013412 319.1553  40.8612 14.11971865338258
1 33591U 09005A   15245.47767347  .00000093  00000-0  75321-4 0  9991,2 33591  98.9963 195.5673 0013372 316.2130  43.7979 14.11972177338390
1 33591U 09005A   15245.83198408 +.00000096 +00000-0 +77164-4 0  9997,2 33591 098.9964 195.9228 0013360 315.1335 044.8755 14.11972341338187
1 33591U 09005A   15246.89491592 +.00000102 +00000-0 +80210-4 0  9998,2 33591 098.9966 196.9891 0013310 311.9935 048.0102 14.11972759338333
1 33591U 09005A   15247.53267497  .00000113  00000-0  86207-4 0  9999,2 33591  98.9967 197.6290 0013276 310.1400  49.8608 14.11972999338688
1 33591U 09005A   15248.45388247  .00000123  00000-0  91776-4 0  9996,2 33591  98.9968 198.5532 0013224 307.4437  52.5530 14.11973287338811
1 33591U 09005A   15249.44595182  .00000136  00000-0  99269-4 0  9993,2 33591  98.9970 199.5485 0013186 304.4946  55.4979 14.11973600338954
1 33591U 09005A   15250.50888294  .00000145  00000-0  10386-3 0  9993,2 33591  98.9971 200.6150 0013164 301.2835  58.7046 14.11973927339107
1 33591U 09005A   15251.50095170  .00000145  00000-0  10419-3 0  9994,2 33591  98.9972 201.6103 0013139 298.2869  61.6976 14.11974320339249
1 33591U 09005A   15252.49302027  .00000121  00000-0  90813-4 0  9996,2 33591  98.9973 202.6056 0013108 295.2432  64.7380 14.11974606339382
1 33591U 09005A   15253.48508861  .00000111  00000-0  85486-4 0  9999,2 33591  98.9975 203.6009 0013080 292.2493  67.7291 14.11975025339522
1 33591U 09005A   15253.91026078  .00000087  00000-0  72422-4 0  9990,2 33591  98.9975 204.0275 0013067 290.9586  69.0187 14.11975082339583
1 33591U 09005A   15254.47715692  .00000077  00000-0  66891-4 0  9991,2 33591  98.9976 204.5963 0013052 289.2443  70.7316 14.11975259339668
1 33591U 09005A   15254.97319098  .00000083  00000-0  70029-4 0  9991,2 33591  98.9977 205.0939 0013040 287.7222  72.2525 14.11975497339734
1 33591U 09005A   15255.46922509  .00000076  00000-0  66264-4 0  9991,2 33591  98.9978 205.5916 0013024 286.2236  73.7502 14.11975634339808
1 33591U 09005A   15256.53215517  .00000084  00000-0  70897-4 0  9990,2 33591  98.9980 206.6581 0013001 283.0136  76.9583 14.11975982339956
1 33591U 09005A   15257.52422311  .00000111  00000-0  85543-4 0  9997,2 33591  98.9982 207.6535 0012987 280.0040  79.9665 14.11976344340095
1 33591U 09005A   15258.51629088  .00000140  00000-0  10132-3 0  9990,2 33591  98.9984 208.6490 0012964 276.9818  82.9879 14.11976715340239
1 33591U 09005A   15259.50835849  .00000140  00000-0  10120-3 0  9991,2 33591  98.9986 209.6444 0012947 273.9552  86.0139 14.11976975340371
1 33591U 09005A   15260.50042587  .00000138  00000-0  10026-3 0  9994,2 33591  98.9987 210.6399 0012937 270.9131  89.0558 14.11977291340518
1 33591U 09005A   15261.49249305  .00000119  00000-0  89903-4 0  9990,2 33591  98.9989 211.6354 0012938 267.8666  92.1024 14.11977580340650
1 33591U 09005A   15262.48455998  .00000129  00000-0  95087-4 0  9998,2 33591  98.9990 212.6309 0012941 264.8193  95.1501 14.11978048340797
1 33591U 09005A   15263.47662682  .00000117  00000-0  88666-4 0  9990,2 33591  98.9992 213.6264 0012944 261.7593  98.2110 14.11978413340935
1 33591U 09005A   15264.46869341  .00000124  00000-0  92612-4 0  9995,2 33591  98.9994 214.6220 0012951 258.7479 101.2237 14.11978852341075
1 33591U 09005A   15265.46075997  .00000116  00000-0  88094-4 0  9992,2 33591  98.9996 215.6176 0012956 255.7376 104.2356 14.11979143341211
1 33591U 09005A   15266.45282637  .00000130  00000-0  95696-4 0  9995,2 33591  98.9998 216.6131 0012959 252.7310 107.2444 14.11979491341355
1 33591U 09005A   15267.44489252  .00000154  00000-0  10894-3 0  9999,2 33591  99.0000 217.6088 0012961 249.6947 110.2832 14.11979906341498
1 33591U 09005A   15268.50782027  .00000163  00000-0  11351-3 0  9992,2 33591  99.0001 218.6755 0012973 246.4566 113.5243 14.11980287341649
1 33591U 09005A   15269.49988593  .00000149  00000-0  10603-3 0  9990,2 33591  99.0003 219.6711 0012986 243.4080 116.5761 14.11980612341781
1 33591U 09005A   15270.49195131  .00000132  00000-0  96798-4 0  9992,2 33591  99.0004 220.6668 0013014 240.4280 119.5595 14.11980973341921
1 33591U 09005A   15271.48401653  .00000119  00000-0  89737-4 0  9991,2 33591  99.0006 221.6625 0013043 237.4394 122.5518 14.11981354342060
1 33591U 09005A   15272.54694345  .00000105  00000-0  82288-4 0  9990,2 33591  99.0008 222.7293 0013068 234.2212 125.7744 14.11981746342214
1 33591U 09005A   15273.53900839  .00000127  00000-0  93946-4 0  9995,2 33591  99.0010 223.7250 0013095 231.2286 128.7715 14.11982215342357
1 33591U 09005A   15274.46021142  .00000148  00000-0  10540-3 0  9990,2 33591  99.0012 224.6497 0013120 228.4581 131.5465 14.11982614342488
1 33591U 09005A   15275.52313772  .00000198  00000-0  13266-3 0  9994,2 33591  99.0014 225.7166 0013145 225.2540 134.7562 14.11983186342637
1 33591U 09005A   15276.44434037  .00000193  00000-0  13010-3 0  9996,2 33591  99.0016 226.6413 0013170 222.4667 137.5486 14.11983429342761
1 33591U 09005A   15277.43640443  .00000188  00000-0  12752-3 0  9992,2 33591  99.0018 227.6371 0013205 219.4782 140.5428 14.11983746342908
1 33591U 09005A   15278.49932976  .00000171  00000-0  11816-3 0  9996,2 33591  99.0019 228.7040 0013249 216.3290 143.6983 14.11984131343058
1 33591U 09005A   15279.49139321  .00000141  00000-0  10180-3 0  9990,2 33591  99.0021 229.6998 0013290 213.3940 146.6394 14.11984450343196
1 33591U 09005A   15280.34173312  .00000130  00000-0  95616-4 0  9990,2 33591  99.0022 230.5534 0013325 210.8985 149.1404 14.11984841343312
1 33591U 09005A   15281.47551930  .00000115  00000-0  87440-4 0  9990,2 33591  99.0024 231.6915 0013373 207.5884 152.4579 14.11985352343478
1 33591U 09005A   15282.46758213  .00000102  00000-0  80651-4 0  9996,2 33591  99.0026 232.6874 0013417 204.6737 155.3794 14.11985691343612
1 33591U 09005A   15283.53050648  .00000102  00000-0  80301-4 0  9994,2 33591  99.0028 233.7544 0013460 201.5246 158.5361 14.11986007343762
1 33591U 09005A   15284.52256899  .00000124  00000-0  92431-4 0  9991,2 33591  99.0030 234.7503 0013502 198.5903 161.4777 14.11986372343908
1 33591U 09005A   15285.51463128  .00000149  00000-0  10615-3 0  9996,2 33591  99.0032 235.7462 0013548 195.6704 164.4050 14.11986739344042
1 33591U 09005A   15286.50669327  .00000146  00000-0  10450-3 0  9999,2 33591  99.0034 236.7422 0013599 192.7923 167.2905 14.11987042344181
1 33591U 09005A   15287.49875493  .00000158  00000-0  11076-3 0  9999,2 33591  99.0036 237.7381 0013649 189.9280 170.1624 14.11987486344327
1 33591U 09005A   15287.92392414 +.00000147 +00000-0 +10516-3 0  9990,2 33591 099.0037 238.1649 0013669 188.6991 171.3945 14.11987623344127
1 33591U 09005A   15288.77426238  .00000136  00000-0  99177-4 0  9995,2 33591  99.0039 239.0186 0013717 186.3397 173.7603 14.11987935344509
1 33591U 09005A   15289.48287746  .00000136  00000-0  99078-4 0  9993,2 33591  99.0041 239.7300 0013754 184.3392 175.7662 14.11988261344602
1 33591U 09005A   15290.54579989  .00000129  00000-0  94846-4 0  9995,2 33591  99.0043 240.7972 0013809 181.3390 178.7746 14.11988686344750
1 33591U 09005A   15291.46699905  .00000151  00000-0  10696-3 0  9993,2 33591  99.0045 241.7221 0013855 178.7214 181.3995 14.11989186344882
1 33591U 09005A   15292.52992086  .00000192  00000-0  12976-3 0  9995,2 33591  99.0047 242.7893 0013908 175.6533 184.4761 14.11989785345037
1 33591U 09005A   15293.45111952  .00000214  00000-0  14175-3 0  9991,2 33591  99.0048 243.7143 0013955 172.9973 187.1396 14.11990226345167
1 33591U 09005A   15294.51404052  .00000231  00000-0  15080-3 0  9990,2 33591  99.0050 244.7816 0014009 170.0024 190.1429 14.11990732345315
1 33591U 09005A   15294.86834736 +.00000240 +00000-0 +15571-3 0  9999,2 33591 099.0050 245.1373 0014030 169.0267 191.1213 14.11990958345108
1 33591U 09005A   15295.78954505  .00000224  00000-0  14715-3 0  9999,2 33591  99.0052 246.0623 0014073 166.4175 193.7378 14.11991335345496
1 33591U 09005A   15295.86040639  .00000223  00000-0  14657-3 0  9996,2 33591  99.0052 246.1335 0014076 166.2207 193.9351 14.11991371345509
1 33591U 09005A   15296.49815826  .00000234  00000-0  15242-3 0  9997,2 33591  99.0054 246.7739 0014109 164.4722 195.6884 14.11991809345599
1 33591U 09005A   15297.49021650  .00000214  00000-0  14137-3 0  9992,2 33591  99.0056 247.7700 0014159 161.7400 198.4282 14.11992328345734
1 33591U 09005A   15298.48227445  .00000170  00000-0  11743-3 0  9993,2 33591  99.0058 248.7662 0014204 158.9978 201.1779 14.11992711345877
1 33591U 09005A   15299.47433205  .00000140  00000-0  10097-3 0  9994,2 33591  99.0060 249.7624 0014249 156.3065 203.8765 14.11993112346014
1 33591U 09005A   15300.53725065  .00000144  00000-0  10343-3 0  9990,2 33591  99.0062 250.8298 0014304 153.3587 206.8322 14.11993620346166
1 33591U 09005A   15301.52930775  .00000161  00000-0  11270-3 0  9995,2 33591  99.0064 251.8261 0014355 150.6071 209.5910 14.11994073346305
1 33591U 09005A   15302.59222571  .00000189  00000-0  12808-3 0  9999,2 33591  99.0066 252.8936 0014409 147.6828 212.5228 14.11994558346453
1 33591U 09005A   15303.44255975  .00000208  00000-0  13806-3 0  9999,2 33591  99.0068 253.7475 0014446 145.3436 214.8679 14.11994957346575
1 33591U 09005A   15304.50547693  .00000205  00000-0  13628-3 0  9997,2 33591  99.0070 254.8150 0014491 142.4506 217.7680 14.11995357346722
1 33591U 09005A   15305.56839360  .00000224  00000-0  14674-3 0  9992,2 33591  99.0072 255.8825 0014531 139.6002 220.6251 14.11995954346874
1 33591U 09005A   15306.48958767  .00000222  00000-0  14593-3 0  9995,2 33591  99.0074 256.8076 0014569 137.1240 223.1070 14.11996439347005
1 33591U 09005A   15307.55250352  .00000181  00000-0  12339-3 0  9999,2 33591  99.0076 257.8751 0014600 134.2970 225.9401 14.11996804347152
1 33591U 09005A   15308.54455795  .00000169  00000-0  11694-3 0  9996,2 33591  99.0078 258.8715 0014632 131.6082 228.6345 14.11997282347298
1 33591U 09005A   15309.46575119  .00000156  00000-0  10959-3 0  9990,2 33591  99.0079 259.7967 0014680 129.1032 231.1447 14.11997614347424
1 33591U 09005A   15310.52866608  .00000161  00000-0  11260-3 0  9997,2 33591  99.0081 260.8643 0014724 126.2184 234.0350 14.11998019347577
1 33591U 09005A   15311.52071946  .00000201  00000-0  13441-3 0  9999,2 33591  99.0082 261.8608 0014759 123.5832 236.6750 14.11998611347714
1 33591U 09005A   15312.51277249  .00000197  00000-0  13201-3 0  9991,2 33591  99.0083 262.8572 0014797 120.9140 239.3488 14.11998957347857
1 33591U 09005A   15313.50482498  .00000198  00000-0  13275-3 0  9997,2 33591  99.0085 263.8536 0014828 118.3155 241.9514 14.11999439347992
1 33591U 09005A   15314.49687698  .00000190  00000-0  12818-3 0  9999,2 33591  99.0087 264.8501 0014845 115.7012 244.5694 14.11999939348139
1 33591U 09005A   15315.48892869  .00000175  00000-0  11990-3 0  9990,2 33591  99.0089 265.8465 0014879 113.0805 247.1936 14.12000405348274
1 33591U 09005A   15316.55184077  .00000148  00000-0  10536-3 0  9999,2 33591  99.0092 266.9142 0014884 110.3295 249.9477 14.12000854348426
1 33591U 09005A   15316.97700557  .00000128  00000-0  94424-4 0  9999,2 33591  99.0093 267.3413 0014900 109.2012 251.0773 14.12000952348484
1 33591U 09005A   15318.11077790  .00000151  00000-0  10714-3 0  9998,2 33591  99.0096 268.4803 0014929 106.2123 254.0692 14.12001593348646
1 33591U 09005A   15318.53594241  .00000166  00000-0  11534-3 0  9996,2 33591  99.0096 268.9074 0014933 105.0781 255.2043 14.12001843348701
1 33591U 09005A   15319.45713204  .00000165  00000-0  11446-3 0  9991,2 33591  99.0098 269.8328 0014952 102.6392 257.6452 14.12002181348837
1 33591U 09005A   15319.95315707  .00000176  00000-0  12095-3 0  9995,2 33591  99.0099 270.3311 0014965 101.2888 258.9966 14.12002401348903
1 33591U 09005A   15320.09487850  .00000179  00000-0  12249-3 0  9995,2 33591  99.0099 270.4734 0014971 100.9192 259.3665 14.12002449348929
1 33591U 09005A   15320.52004257  .00000212  00000-0  14044-3 0  9992,2 33591  99.0100 270.9006 0014967  99.8061 260.4801 14.12002806348983
1 33591U 09005A   15321.51209198  .00000239  00000-0  15513-3 0  9994,2 33591  99.0101 271.8972 0014992  97.1671 263.1205 14.12003349349120
1 33591U 09005A   15322.36241966  .00000235  00000-0  15275-3 0  9998,2 33591  99.0103 272.7514 0015012  94.9254 265.3632 14.12003752349249
1 33591U 09005A   15323.49618910  .00000220  00000-0  14458-3 0  9996,2 33591  99.0104 273.8904 0015008  91.9245 268.3645 14.12004356349403
1 33591U 09005A   15324.48823702  .00000183  00000-0  12478-3 0  9991,2 33591  99.0106 274.8871 0015008  89.3485 270.9405 14.12004769349542
1 33591U 09005A   15325.55114493  .00000164  00000-0  11391-3 0  9992,2 33591  99.0108 275.9550 0014999  86.5677 273.7209 14.12005326349699
1 33591U 09005A   15326.54319198  .00000158  00000-0  11089-3 0  9998,2 33591  99.0110 276.9517 0015002  83.9577 276.3303 14.12005866349831
1 33591U 09005A   15327.53523866  .00000171  00000-0  11786-3 0  9996,2 33591  99.0112 277.9484 0015000  81.3401 278.9468 14.12006398349979
1 33591U 09005A   15327.81868052 +.00000174 +00000-0 +11946-3 0  9997,2 33591 099.0112 278.2332 0015001 080.6030 279.6836 14.12006536349753
1 33591U 09005A   15329.51933105  .00000191  00000-0  12862-3 0  9995,2 33591  99.0115 279.9420 0015006  76.1352 284.1488 14.12007238350255
1 33591U 09005A   15329.94449356  .00000173  00000-0  11903-3 0  9997,2 33591  99.0116 280.3691 0015010  75.0097 285.2734 14.12007295350317
1 33591U 09005A   15330.51137673  .00000187  00000-0  12678-3 0  9993,2 33591  99.0117 280.9387 0015013  73.5279 286.7541 14.12007571350391
1 33591U 09005A   15331.50342188  .00000187  00000-0  12646-3 0  9997,2 33591  99.0118 281.9355 0014999  70.9078 289.3716 14.12008003350538
1 33591U 09005A   15332.49546659  .00000182  00000-0  12411-3 0  9990,2 33591  99.0121 282.9323 0014974  68.2869 291.9894 14.12008466350673
1 33591U 09005A   15333.48751098  .00000161  00000-0  11250-3 0  9992,2 33591  99.0123 283.9291 0014946  65.6606 294.6124 14.12008862350811
1 33591U 09005A   15334.55041534  .00000155  00000-0  10913-3 0  9996,2 33591  99.0125 284.9972 0014933  62.8505 297.4187 14.12009355350967
1 33591U 09005A   15335.54245911  .00000149  00000-0  10573-3 0  9996,2 33591  99.0127 285.9941 0014922  60.2355 300.0298 14.12009753351102
1 33591U 09005A   15336.53450252  .00000160  00000-0  11223-3 0  9998,2 33591  99.0129 286.9910 0014903  57.6103 302.6508 14.12010182351246
1 33591U 09005A   15336.95966395  .00000158  00000-0  11069-3 0  9999,2 33591  99.0129 287.4182 0014900  56.4965 303.7627 14.12010313351300
1 33591U 09005A   15337.95170694  .00000158  00000-0  11078-3 0  9999,2 33591  99.0130 288.4152 0014875  53.8453 306.4092 14.12010629351445
1 33591U 09005A   15339.15633006  .00000167  00000-0  11595-3 0  9998,2 33591  99.0132 289.6257 0014848  50.6664 309.5820 14.12011071351619
1 33591U 09005A   15339.51063083  .00000184  00000-0  12492-3 0  9996,2 33591  99.0132 289.9818 0014837  49.7181 310.5285 14.12011301351664
1 33591U 09005A   15340.50267270  .00000192  00000-0  12957-3 0  9996,2 33591  99.0133 290.9787 0014810  47.0530 313.1881 14.12011797351808
1 33591U 09005A   15341.49471416  .00000170  00000-0  11736-3 0  9994,2 33591  99.0134 291.9756 0014774  44.4049 315.8304 14.12012213351949
1 33591U 09005A   15342.48675536  .00000147  00000-0  10492-3 0  9995,2 33591  99.0136 292.9726 0014738  41.7873 318.4421 14.12012598352085
1 33591U 09005A   15343.54965636  .00000130  00000-0  95689-4 0  9990,2 33591  99.0139 294.0407 0014704  38.9293 321.2934 14.12013008352239
1 33591U 09005A   15344.47083699  .00000128  00000-0  94448-4 0  9992,2 33591  99.0141 294.9665 0014666  36.4571 323.7596 14.12013383352367
1 33591U 09005A   15345.53373731  .00000155  00000-0  10912-3 0  9992,2 33591  99.0143 296.0348 0014628  33.5934 326.6161 14.12013899352518
1 33591U 09005A   15346.52577736  .00000173  00000-0  11916-3 0  9998,2 33591  99.0145 297.0319 0014594  30.9233 329.2795 14.12014298352655
1 33591U 09005A   15347.58867708  .00000194  00000-0  13041-3 0  9990,2 33591  99.0147 298.1002 0014563  28.0788 332.1165 14.12014712352809
1 33591U 09005A   15348.50985650  .00000190  00000-0  12866-3 0  9990,2 33591  99.0149 299.0261 0014528  25.5950 334.5938 14.12015045352930
1 33591U 09005A   15348.93501598  .00000203  00000-0  13548-3 0  9995,2 33591  99.0149 299.4534 0014505  24.4141 335.7714 14.12015323352992
1 33591U 09005A   15349.50189518  .00000223  00000-0  14631-3 0  9999,2 33591  99.0150 300.0232 0014480  22.8695 337.3118 14.12015716353078
1 33591U 09005A   15350.56479356  .00000182  00000-0  12386-3 0  9998,2 33591  99.0151 301.0916 0014423  19.9842 340.1891 14.12016051353227
1 33591U 09005A   15351.55683167  .00000149  00000-0  10611-3 0  9997,2 33591  99.0153 302.0887 0014378  17.2521 342.9135 14.12016430353368
1 33591U 09005A   15352.54886945  .00000164  00000-0  11402-3 0  9992,2 33591  99.0155 303.0859 0014329  14.5231 345.6349 14.12017036353500
1 33591U 09005A   15353.47004708  .00000180  00000-0  12284-3 0  9991,2 33591  99.0156 304.0118 0014286  11.9977 348.1532 14.12017572353631
1 33591U 09005A   15354.46208424  .00000179  00000-0  12219-3 0  9998,2 33591  99.0158 305.0090 0014244   9.2701 350.8730 14.12018011353776
1 33591U 09005A   15355.52498060  .00000220  00000-0  14487-3 0  9999,2 33591  99.0159 306.0774 0014202   6.3542 353.7807 14.12018736353920
1 33591U 09005A   15356.58787681  .00000196  00000-0  13182-3 0  9999,2 33591  99.0160 307.1459 0014155   3.4254 356.7011 14.12019046354071
1 33591U 09005A   15356.87131577  .00000184  00000-0  12493-3 0  9999,2 33591  99.0161 307.4308 0014145   2.6511 357.4732 14.12019106354114
1 33591U 09005A   15357.36733374  .00000184  00000-0  12523-3 0  9991,2 33591  99.0162 307.9294 0014117   1.2630 358.8574 14.12019340354186
1 33591U 09005A   15358.50108865  .00000190  00000-0  12821-3 0  9997,2 33591  99.0163 309.0691 0014060 358.0669   2.0446 14.12019960354345
1 33591U 09005A   15358.85538701 +.00000173 +00000-0 +11915-3 0  9995,2 33591 099.0164 309.4253 0014040 357.0519 003.0567 14.12020064354134
1 33591U 09005A   15359.49312390  .00000169  00000-0  11721-3 0  9990,2 33591  99.0165 310.0664 0014008 355.2596   4.8440 14.12020401354480
1 33591U 09005A   15360.48515897  .00000135  00000-0  98417-4 0  9999,2 33591  99.0167 311.0637 0013956 352.4661   7.6299 14.12020758354620
1 33591U 09005A   15361.54805337  .00000121  00000-0  90646-4 0  9999,2 33591  99.0169 312.1323 0013905 349.4156  10.6720 14.12021201354778
1 33591U 09005A   15362.46922841  .00000123  00000-0  91734-4 0  9992,2 33591  99.0171 313.0584 0013862 346.8131  13.2676 14.12021557354904
1 33591U 09005A   15363.53212249  .00000152  00000-0  10749-3 0  9993,2 33591  99.0173 314.1270 0013810 343.8467  16.2262 14.12022022355051
1 33591U 09005A   15364.52415673  .00000173  00000-0  11905-3 0  9997,2 33591  99.0175 315.1244 0013763 341.0507  19.0150 14.12022410355190
1 33591U 09005A   15364.87845462  .00000177  00000-0  12123-3 0  9995,2 33591  99.0175 315.4806 0013748 340.0536  20.0096 14.12022543355245
1 33591U 09005A   15365.51619066  .00000193  00000-0  13031-3 0  9993,2 33591  99.0176 316.1218 0013717 338.2265  21.8321 14.12022818355330
1 33591U 09005A   15365.87048841 +.00000190 +00000-0 +12848-3 0  9991,2 33591 099.0176 316.4780 0013703 337.2075 022.8487 14.12022945355122
1 33591U 09005A   16001.50822423  .00000178  00000-0  12191-3 0  9992,2 33591  99.0177 317.1191 0013669 335.3668  24.6848 14.12023135355476
1 33591U 09005A   16002.50025754  .00000146  00000-0  10455-3 0  9991,2 33591  99.0178 318.1166 0013623 332.4870  27.5579 14.12023410355618
1 33591U 09005A   16003.49229060  .00000126  00000-0  93580-4 0  9995,2 33591  99.0179 319.1140 0013575 329.6360  30.4023 14.12023791355754
1 33591U 09005A   16004.48432340  .00000107  00000-0  83157-4 0  9990,2 33591  99.0180 320.1114 0013537 326.7030  33.3289 14.12024173355895
1 33591U 09005A   16005.54721551  .00000101  00000-0  80123-4 0  9997,2 33591  99.0182 321.1802 0013493 323.5739  36.4513 14.12024606356047
1 33591U 09005A   16006.53924793  .00000119  00000-0  89607-4 0  9995,2 33591  99.0184 322.1776 0013452 320.6669  39.3524 14.12025087356188
1 33591U 09005A   16007.46042087  .00000120  00000-0  90442-4 0  9996,2 33591  99.0185 323.1039 0013411 318.0224  41.9918 14.12025380356312
1 33591U 09005A   16008.52331249  .00000137  00000-0  99457-4 0  9998,2 33591  99.0187 324.1727 0013366 314.9318  45.0768 14.12025724356463
1 33591U 09005A   16009.51534447  .00000142  00000-0  10214-3 0  9992,2 33591  99.0189 325.1703 0013323 312.0021  48.0015 14.12026015356601
1 33591U 09005A   16010.50737619  .00000131  00000-0  96229-4 0  9998,2 33591  99.0190 326.1678 0013287 309.0646  50.9342 14.12026289356746
1 33591U 09005A   16010.93253251  .00000131  00000-0  96403-4 0  9994,2 33591  99.0191 326.5953 0013277 307.7778  52.2190 14.12026467356808
1 33591U 09005A   16011.49940762  .00000124  00000-0  92325-4 0  9997,2 33591  99.0192 327.1653 0013256 306.0910  53.9033 14.12026657356883
1 33591U 09005A   16011.85370446 +.00000128 +00000-0 +94502-4 0  9996,2 33591 099.0193 327.5216 0013253 304.9948 054.9978 14.12026837356674
1 33591U 09005A   16012.84573557  .00000146  00000-0  10466-3 0  9990,2 33591  99.0194 328.5192 0013226 302.0268  57.9617 14.12027389357074
1 33591U 09005A   16012.91659496 +.00000134 +00000-0 +97972-4 0  9990,2 33591 099.0195 328.5904 0013224 301.8059 058.1824 14.12027350356822
1 33591U 09005A   16013.97948535  .00000118  00000-0  89312-4 0  9993,2 33591  99.0196 329.6593 0013195 298.6539  61.3305 14.12027729357238
1 33591U 09005A   16014.54636015  .00000117  00000-0  88786-4 0  9997,2 33591  99.0197 330.2294 0013176 296.9786  63.0039 14.12027938357313
1 33591U 09005A   16015.53839088  .00000129  00000-0  95325-4 0  9992,2 33591  99.0199 331.2270 0013144 294.0244  65.9551 14.12028342357458
1 33591U 09005A   16016.53042148  .00000158  00000-0  11078-3 0  9990,2 33591  99.0200 332.2247 0013114 291.0685  68.9083 14.12028777357599
1 33591U 09005A   16017.52245185  .00000178  00000-0  12181-3 0  9994,2 33591  99.0201 333.2223 0013084 288.1031  71.8714 14.12029164357734
1 33591U 09005A   16018.51448194  .00000176  00000-0  12079-3 0  9993,2 33591  99.0202 334.2200 0013063 285.0912  74.8814 14.12029495357878
1 33591U 09005A   16018.58534123  .00000176  00000-0  12075-3 0  9994,2 33591  99.0202 334.2913 0013063 284.8792  75.0932 14.12029517357882
1 33591U 09005A   16019.50651173  .00000167  00000-0  11620-3 0  9997,2 33591  99.0203 335.2177 0013055 282.0708  77.9000 14.12029862358010
1 33591U 09005A   16020.56940052  .00000147  00000-0  10480-3 0  9993,2 33591  99.0205 336.2867 0013052 278.8392  81.1301 14.12030250358168
1 33591U 09005A   16021.49057067  .00000119  00000-0  89604-4 0  9995,2 33591  99.0206 337.2131 0013034 276.0632  83.9053 14.12030575358299
1 33591U 09005A   16022.48259995  .00000098  00000-0  78184-4 0  9996,2 33591  99.0208 338.2109 0013013 273.0567  86.9115 14.12030919358438
1 33591U 09005A   16023.54548835  .00000090  00000-0  74003-4 0  9996,2 33591  99.0210 339.2799 0013006 269.8230  90.1451 14.12031276358582
1 33591U 09005A   16024.53751737  .00000105  00000-0  82178-4 0  9992,2 33591  99.0213 340.2777 0013000 266.7915  93.1769 14.12031638358726
1 33591U 09005A   16025.52954627  .00000129  00000-0  95183-4 0  9991,2 33591  99.0215 341.2755 0012994 263.7772  96.1919 14.12032019358863
1 33591U 09005A   16026.52157508  .00000141  00000-0  10174-3 0  9995,2 33591  99.0217 342.2734 0012985 260.7675  99.2028 14.12032296359001
1 33591U 09005A   16027.51360360  .00000148  00000-0  10577-3 0  9991,2 33591  99.0218 343.2713 0012991 257.7352 102.2364 14.12032620359149
1 33591U 09005A   16028.57649100  .00000145  00000-0  10373-3 0  9991,2 33591  99.0220 344.3404 0013007 254.5133 105.4602 14.12032970359296
1 33591U 09005A   16028.85992762 +.00000139 +00000-0 +10091-3 0  9997,2 33591 099.0220 344.6255 0013011 253.6633 106.3107 14.12033069359079
1 33591U 09005A   16029.85195568  .00000123  00000-0  91732-4 0  9992,2 33591  99.0221 345.6234 0013025 250.6697 109.3066 14.12033393359471
1 33591U 09005A   16030.56054708  .00000110  00000-0  84648-4 0  9996,2 33591  99.0222 346.3362 0013035 248.5437 111.4344 14.12033616359573
1 33591U 09005A   16031.48171577  .00000103  00000-0  81022-4 0  9997,2 33591  99.0223 347.2628 0013044 245.7495 114.2314 14.12033971359709
1 33591U 09005A   16032.54460248  .00000129  00000-0  95417-4 0  9992,2 33591  99.0224 348.3321 0013064 242.5433 117.4410 14.12034510359859
1 33591U 09005A   16033.53663001  .00000140  00000-0  10108-3 0  9990,2 33591  99.0225 349.3300 0013079 239.5582 120.4297 14.12034860359995
1 33591U 09005A   16034.45779829  .00000145  00000-0  10403-3 0  9991,2 33591  99.0226 350.2567 0013088 236.7578 123.2340 14.12035163360120
1 33591U 09005A   16034.95381188  .00000140  00000-0  10113-3 0  9996,2 33591  99.0227 350.7557 0013098 235.2623 124.7316 14.12035257360191
1 33591U 09005A   16035.59154351  .00000154  00000-0  10885-3 0  9998,2 33591  99.0228 351.3973 0013118 233.3422 126.6544 14.12035504360289
1 33591U 09005A   16036.51271131  .00000141  00000-0  10181-3 0  9992,2 33591  99.0229 352.3240 0013146 230.5729 129.4279 14.12035755360417
1 33591U 09005A   16037.50473786  .00000136  00000-0  99202-4 0  9998,2 33591  99.0231 353.3220 0013180 227.6159 132.3898 14.12036141360556
1 33591U 09005A   16038.49676421  .00000125  00000-0  92938-4 0  9995,2 33591  99.0233 354.3200 0013214 224.6540 135.3567 14.12036531360690
1 33591U 09005A   16039.55964930  .00000136  00000-0  98742-4 0  9999,2 33591  99.0235 355.3893 0013250 221.4911 138.5255 14.12037085360849
1 33591U 09005A   16040.55167530  .00000117  00000-0  88864-4 0  9995,2 33591  99.0237 356.3874 0013286 218.5561 141.4662 14.12037426360987
1 33591U 09005A   16040.83511125 +.00000122 +00000-0 +91113-4 0  9996,2 33591 099.0238 356.6725 0013299 217.7128 142.3112 14.12037566360761
1 33591U 09005A   16041.54370107  .00000136  00000-0  99063-4 0  9995,2 33591  99.0239 357.3855 0013322 215.6096 144.4187 14.12037902361122
1 33591U 09005A   16042.53572678  .00000145  00000-0  10401-3 0  9990,2 33591  99.0241 358.3836 0013345 212.6228 147.4119 14.12038246361269
1 33591U 09005A   16043.52775210  .00000185  00000-0  12547-3 0  9994,2 33591  99.0242 359.3817 0013377 209.6547 150.3866 14.12038750361403
1 33591U 09005A   16044.51977722  .00000193  00000-0  12986-3 0  9992,2 33591  99.0243   0.3799 0013407 206.6833 153.3649 14.12039105361547
1 33591U 09005A   16045.51180189  .00000212  00000-0  14057-3 0  9999,2 33591  99.0245   1.3781 0013455 203.8143 156.2406 14.12039621361688
1 33591U 09005A   16046.57468504  .00000188  00000-0  12738-3 0  9992,2 33591  99.0246   2.4475 0013510 200.7590 159.3033 14.12040017361833
1 33591U 09005A   16047.56670897  .00000185  00000-0  12593-3 0  9998,2 33591  99.0247   3.4457 0013563 197.9520 162.1174 14.12040551361979
1 33591U 09005A   16048.55873258  .00000157  00000-0  11058-3 0  9998,2 33591  99.0249   4.4439 0013610 195.1050 164.9716 14.12041009362111
1 33591U 09005A   16049.55075610  .00000139  00000-0  10039-3 0  9993,2 33591  99.0251   5.4421 0013657 192.2355 167.8487 14.12041416362257
1 33591U 09005A   16050.54277935  .00000143  00000-0  10258-3 0  9996,2 33591  99.0252   6.4404 0013704 189.3426 170.7492 14.12041859362394
1 33591U 09005A   16051.53480246  .00000134  00000-0  98123-4 0  9995,2 33591  99.0254   7.4387 0013751 186.4394 173.6602 14.12042142362538
1 33591U 09005A   16052.52682540  .00000136  00000-0  99189-4 0  9991,2 33591  99.0256   8.4370 0013801 183.5543 176.5533 14.12042414362675
1 33591U 09005A   16053.44798930  .00000145  00000-0  10387-3 0  9996,2 33591  99.0258   9.3640 0013845 180.8674 179.2476 14.12042729362800
1 33591U 09005A   16054.51087034  .00000151  00000-0  10707-3 0  9994,2 33591  99.0260  10.4337 0013898 177.8563 182.2670 14.12043103362953
1 33591U 09005A   16055.50289229  .00000149  00000-0  10587-3 0  9997,2 33591  99.0263  11.4321 0013950 175.1155 185.0154 14.12043496363096
1 33591U 09005A   16056.49491410  .00000119  00000-0  89507-4 0  9999,2 33591  99.0265  12.4304 0013995 172.3709 187.7677 14.12043764363236
1 33591U 09005A   16056.84921683  .00000203  00000-0  11103-3 0  9998,2 33591  99.0253  12.7856 0014005 171.9082 188.2799 14.12044081363773
1 33591U 09005A   16057.55779439  .00000097  00000-0  77551-4 0  9998,2 33591  99.0267  13.5001 0014044 169.4404 190.7065 14.12044073363384
1 33591U 09005A   16058.54981578  .00000105  00000-0  82189-4 0  9990,2 33591  99.0268  14.4986 0014096 166.6584 193.4962 14.12044479363524
1 33591U 09005A   16059.54183695  .00000131  00000-0  96293-4 0  9995,2 33591  99.0269  15.4971 0014147 163.8535 196.3090 14.12044914363665
1 33591U 09005A   16060.53385793  .00000141  00000-0  10187-3 0  9997,2 33591  99.0270  16.4955 0014197 161.0838 199.0863 14.12045219363804
1 33591U 09005A   16060.88815105 +.00000142 +00000-0 +10220-3 0  9999,2 33591 099.0270 016.8521 0014217 160.0924 200.0805 14.12045326363599
1 33591U 09005A   16061.52587862  .00000171  00000-0  11786-3 0  9997,2 33591  99.0271  17.4940 0014250 158.3014 201.8764 14.12045624363942
1 33591U 09005A   16062.51789892  .00000177  00000-0  12119-3 0  9991,2 33591  99.0271  18.4925 0014298 155.5576 204.6276 14.12045967364085
1 33591U 09005A   16063.50991889  .00000164  00000-0  11435-3 0  9998,2 33591  99.0273  19.4910 0014348 152.8623 207.3301 14.12046262364225
1 33591U 09005A   16064.50193843  .00000154  00000-0  10895-3 0  9991,2 33591  99.0274  20.4895 0014396 150.1819 210.0176 14.12046671364361
1 33591U 09005A   16065.56481630  .00000134  00000-0  97838-4 0  9993,2 33591  99.0277  21.5594 0014440 147.2721 212.9347 14.12047054364515
1 33591U 09005A   16066.55683534  .00000115  00000-0  87660-4 0  9991,2 33591  99.0278  22.5579 0014487 144.5667 215.6469 14.12047420364657
1 33591U 09005A   16067.54885395  .00000131  00000-0  96122-4 0  9991,2 33591  99.0281  23.5565 0014531 141.8824 218.3377 14.12047953364796
1 33591U 09005A   16068.54087240  .00000130  00000-0  95477-4 0  9996,2 33591  99.0283  24.5551 0014571 139.1823 221.0442 14.12048302364936
1 33591U 09005A   16069.53289067  .00000138  00000-0  10001-3 0  9994,2 33591  99.0285  25.5538 0014613 136.4662 223.7665 14.12048620365077
1 33591U 09005A   16070.59576697  .00000156  00000-0  10999-3 0  9996,2 33591  99.0286  26.6237 0014667 133.6092 226.6299 14.12048997365220
1 33591U 09005A   16071.51692607  .00000177  00000-0  12128-3 0  9998,2 33591  99.0287  27.5511 0014703 131.1304 229.1138 14.12049372365358
1 33591U 09005A   16071.58778442  .00000189  00000-0  12788-3 0  9992,2 33591  99.0287  27.6224 0014702 130.9338 229.3108 14.12049467365368
1 33591U 09005A   16072.50894304  .00000190  00000-0  12811-3 0  9990,2 33591  99.0289  28.5498 0014736 128.4781 231.7714 14.12049876365492
1 33591U 09005A   16073.50095977  .00000160  00000-0  11212-3 0  9991,2 33591  99.0290  29.5485 0014771 125.8611 234.3934 14.12050190365633
1 33591U 09005A   16074.49297617  .00000123  00000-0  91611-4 0  9996,2 33591  99.0291  30.5472 0014806 123.2249 237.0344 14.12050476365777
1 33591U 09005A   16075.48499214  .00000147  00000-0  10498-3 0  9992,2 33591  99.0293  31.5459 0014835 120.5883 239.6753 14.12051103365917
1 33591U 09005A   16076.47700779  .00000158  00000-0  11066-3 0  9997,2 33591  99.0294  32.5447 0014860 117.9628 242.3049 14.12051612366051
1 33591U 09005A   16077.53988147  .00000154  00000-0  10880-3 0  9991,2 33591  99.0296  33.6148 0014893 115.1180 245.1538 14.12051978366208
1 33591U 09005A   16078.53189665  .00000151  00000-0  10690-3 0  9996,2 33591  99.0297  34.6136 0014931 112.4447 247.8307 14.12052262366341
1 33591U 09005A   16079.52391136  .00000155  00000-0  10926-3 0  9990,2 33591  99.0298  35.6125 0014956 109.7988 250.4798 14.12052588366487
1 33591U 09005A   16080.51592572  .00000158  00000-0  11092-3 0  9996,2 33591  99.0300  36.6113 0014976 107.1775 253.1037 14.12052938366628
1 33591U 09005A   16081.43708152  .00000146  00000-0  10420-3 0  9992,2 33591  99.0302  37.5388 0014989 104.7680 255.5153 14.12053260366754
1 33591U 09005A   16082.49995323  .00000120  00000-0  90194-4 0  9996,2 33591  99.0304  38.6090 0014999 102.0005 258.2848 14.12053593366908
1 33591U 09005A   16083.49196660  .00000104  00000-0  81231-4 0  9998,2 33591  99.0306  39.6079 0015015  99.4114 260.8756 14.12053926367041
1 33591U 09005A   16084.48397966  .00000101  00000-0  79924-4 0  9993,2 33591  99.0309  40.6068 0015031  96.8308 263.4574 14.12054327367186
1 33591U 09005A   16085.54685057  .00000096  00000-0  76853-4 0  9993,2 33591  99.0311  41.6771 0015039  94.0400 266.2490 14.12054628367331
1 33591U 09005A   16086.46800514  .00000108  00000-0  83668-4 0  9998,2 33591  99.0312  42.6047 0015048  91.5936 268.6959 14.12054942367464
1 33591U 09005A   16087.46001752  .00000129  00000-0  95068-4 0  9996,2 33591  99.0313  43.6037 0015066  89.0062 271.2835 14.12055255367604
1 33591U 09005A   16088.45202942  .00000163  00000-0  11383-3 0  9995,2 33591  99.0314  44.6028 0015071  86.4118 273.8776 14.12055668367740
1 33591U 09005A   16089.51489889  .00000166  00000-0  11518-3 0  9993,2 33591  99.0315  45.6731 0015062  83.6157 276.6729 14.12056024367897
1 33591U 09005A   16090.50691009  .00000142  00000-0  10232-3 0  9999,2 33591  99.0316  46.6722 0015063  81.0087 279.2788 14.12056297368037
1 33591U 09005A   16091.49892089  .00000126  00000-0  93538-4 0  9992,2 33591  99.0317  47.6712 0015065  78.4329 281.8532 14.12056655368178
1 33591U 09005A   16091.64063668  .00000127  00000-0  93776-4 0  9997,2 33591  99.0317  47.8140 0015061  78.0781 282.2078 14.12056710368193
1 33591U 09005A   16091.78235247  .00000123  00000-0  91985-4 0  9992,2 33591  99.0317  47.9567 0015059  77.7058 282.5798 14.12056769368216
1 33591U 09005A   16092.49093137  .00000113  00000-0  86542-4 0  9993,2 33591  99.0318  48.6703 0015056  75.8338 284.4505 14.12057027368310
1 33591U 09005A   16093.48294147  .00000113  00000-0  86118-4 0  9996,2 33591  99.0320  49.6694 0015040  73.2590 287.0231 14.12057459368457
1 33591U 09005A   16094.47495130  .00000112  00000-0  85712-4 0  9999,2 33591  99.0322  50.6685 0015029  70.6531 289.6263 14.12057860368598
1 33591U 09005A   16095.46696098  .00000118  00000-0  89016-4 0  9992,2 33591  99.0324  51.6676 0015028  68.0649 292.2118 14.12058175368736
1 33591U 09005A   16096.52982818  .00000125  00000-0  92982-4 0  9992,2 33591  99.0325  52.7381 0015021  65.2964 294.9769 14.12058463368881
1 33591U 09005A   16096.67154377  .00000128  00000-0  94512-4 0  9993,2 33591  99.0326  52.8809 0015016  64.9199 295.3529 14.12058508368900
1 33591U 09005A   16097.52183719  .00000136  00000-0  98827-4 0  9992,2 33591  99.0327  53.7373 0015005  62.6832 297.5864 14.12058765369029
1 33591U 09005A   16098.51384583  .00000141  00000-0  10143-3 0  9994,2 33591  99.0328  54.7365 0014977  60.0399 300.2257 14.12059085369168
1 33591U 09005A   16099.50585401  .00000141  00000-0  10154-3 0  9998,2 33591  99.0330  55.7357 0014946  57.4185 302.8427 14.12059503369300
1 33591U 09005A   16100.49786213  .00000108  00000-0  83414-4 0  9996,2 33591  99.0331  56.7348 0014920  54.8013 305.4553 14.12059707369445
1 33591U 09005A   16101.48986991  .00000097  00000-0  77553-4 0  9995,2 33591  99.0333  57.7341 0014893  52.1997 308.0520 14.12060041369583
1 33591U 09005A   16102.48187738  .00000109  00000-0  84443-4 0  9998,2 33591  99.0334  58.7333 0014866  49.5621 310.6844 14.12060479369729
1 33591U 09005A   16103.54474223  .00000145  00000-0  10407-3 0  9992,2 33591  99.0335  59.8039 0014837  46.7370 313.5037 14.12061007369873
1 33591U 09005A   16104.46589150  .00000166  00000-0  11522-3 0  9992,2 33591  99.0336  60.7319 0014816  44.3144 315.9210 14.12061402370001
1 33591U 09005A   16105.52875582  .00000154  00000-0  10855-3 0  9992,2 33591  99.0337  61.8026 0014786  41.5380 318.6912 14.12061607370158
1 33591U 09005A   16106.52076204  .00000157  00000-0  11018-3 0  9992,2 33591  99.0338  62.8020 0014750  38.8942 321.3288 14.12061926370294
1 33591U 09005A   16107.51276796  .00000146  00000-0  10444-3 0  9990,2 33591  99.0339  63.8013 0014714  36.2625 323.9540 14.12062232370434
1 33591U 09005A   16108.57563089  .00000133  00000-0  97072-4 0  9990,2 33591  99.0341  64.8721 0014659  33.3570 326.8522 14.12062652370583
1 33591U 09005A   16109.49677857  .00000113  00000-0  86546-4 0  9993,2 33591  99.0342  65.8000 0014616  30.8925 329.3103 14.12062996370713
1 33591U 09005A   16109.85106605  .00000112  00000-0  86093-4 0  9997,2 33591  99.0342  66.1569 0014598  29.9139 330.2863 14.12063152370766
1 33591U 09005A   16110.48878351  .00000103  00000-0  81197-4 0  9992,2 33591  99.0344  66.7994 0014571  28.1893 332.0064 14.12063390370852
1 33591U 09005A   16111.55164579  .00000080  00000-0  68463-4 0  9996,2 33591  99.0346  67.8701 0014522  25.3361 334.8520 14.12063665371007
1 33591U 09005A   16112.54365040  .00000093  00000-0  75268-4 0  9997,2 33591  99.0348  68.8696 0014483  22.6679 337.5129 14.12064005371140
1 33591U 09005A   16113.53565481  .00000112  00000-0  85687-4 0  9996,2 33591  99.0350  69.8691 0014442  19.9961 340.1773 14.12064314371280
1 33591U 09005A   16114.45680151  .00000136  00000-0  98692-4 0  9996,2 33591  99.0351  70.7972 0014398  17.4901 342.6764 14.12064640371415
1 33591U 09005A   16115.51966283  .00000141  00000-0  10190-3 0  9999,2 33591  99.0352  71.8681 0014344  14.5831 345.5751 14.12064918371568
1 33591U 09005A   16115.87394987 +.00000134 +00000-0 +97825-4 0  9997,2 33591 099.0352 072.2250 0014324 013.6085 346.5469 14.12064985371352
1 33591U 09005A   16116.58252385  .00000129  00000-0  94955-4 0  9996,2 33591  99.0353  72.9390 0014288  11.6506 348.4993 14.12065165371714
1 33591U 09005A   16117.50366978  .00000115  00000-0  87720-4 0  9990,2 33591  99.0354  73.8671 0014234   9.1073 351.0354 14.12065444371844
1 33591U 09005A   16118.49567286  .00000105  00000-0  82053-4 0  9997,2 33591  99.0355  74.8666 0014179   6.3391 353.7957 14.12065794371981
1 33591U 09005A   16119.48767575  .00000099  00000-0  79035-4 0  9998,2 33591  99.0356  75.8661 0014122   3.5822 356.5448 14.12066152372126
1 33591U 09005A   16120.47967845  .00000105  00000-0  82293-4 0  9999,2 33591  99.0357  76.8656 0014072   0.8231 359.2961 14.12066539372264
1 33591U 09005A   16121.61339550  .00000125  00000-0  93024-4 0  9998,2 33591  99.0358  78.0080 0014015 357.6500   2.4603 14.12066976372422
1 33591U 09005A   16122.53454044  .00000137  00000-0  99532-4 0  9999,2 33591  99.0359  78.9362 0013961 355.1124   4.9909 14.12067293372552
1 33591U 09005A   16123.45568511  .00000147  00000-0  10513-3 0  9998,2 33591  99.0360  79.8644 0013906 352.5506   7.5456 14.12067620372685
1 33591U 09005A   16124.51854407  .00000141  00000-0  10193-3 0  9996,2 33591  99.0361  80.9355 0013854 349.5229  10.5651 14.12067922372831
1 33591U 09005A   16125.51054549  .00000116  00000-0  88086-4 0  9995,2 33591  99.0362  81.9351 0013797 346.6871  13.3934 14.12068162372973
1 33591U 09005A   16126.50254668  .00000090  00000-0  73950-4 0  9994,2 33591  99.0364  82.9347 0013748 343.8292  16.2439 14.12068434373114
1 33591U 09005A   16127.49454765  .00000084  00000-0  70811-4 0  9999,2 33591  99.0365  83.9344 0013690 340.9748  19.0910 14.12068811373252
1 33591U 09005A   16128.55740567  .00000083  00000-0  70135-4 0  9993,2 33591  99.0366  85.0054 0013632 337.9325  22.1257 14.12069242373402
1 33591U 09005A   16129.54940634  .00000098  00000-0  78357-4 0  9990,2 33591  99.0367  86.0051 0013583 335.0845  24.9669 14.12069655373542
1 33591U 09005A   16130.47054971  .00000091  00000-0  74253-4 0  9998,2 33591  99.0368  86.9335 0013536 332.4379  27.6073 14.12069862373671
1 33591U 09005A   16130.89569265 +.00000122 +00000-0 +91160-4 0  9992,2 33591 099.0368 087.3619 0013516 331.2014 028.8409 14.12070159373477
1 33591U 09005A   16131.88769295 +.00000133 +00000-0 +97578-4 0  9998,2 33591 099.0369 088.3616 0013467 328.3224 031.7135 14.12070427373614
1 33591U 09005A   16133.51740717  .00000138  00000-0  10004-3 0  9991,2 33591  99.0370  90.0040 0013382 323.5805  36.4454 14.12070896374106
1 33591U 09005A   16134.50940671  .00000132  00000-0  96750-4 0  9999,2 33591  99.0371  91.0038 0013345 320.6250  39.3950 14.12071252374241
1 33591U 09005A   16135.50140608  .00000125  00000-0  92839-4 0  9998,2 33591  99.0371  92.0036 0013304 317.6959  42.3185 14.12071645374382
1 33591U 09005A   16136.49340523  .00000111  00000-0  85487-4 0  9991,2 33591  99.0372  93.0033 0013267 314.7366  45.2724 14.12072038374523
1 33591U 09005A   16137.48540428  .00000098  00000-0  78260-4 0  9992,2 33591  99.0373  94.0031 0013224 311.7989  48.2052 14.12072384374660
1 33591U 09005A   16138.47740318  .00000107  00000-0  83143-4 0  9999,2 33591  99.0375  95.0029 0013183 308.8547  51.1447 14.12072776374803
1 33591U 09005A   16139.46940199  .00000107  00000-0  83279-4 0  9998,2 33591  99.0376  96.0027 0013149 305.9150  54.0800 14.12073042374940
1 33591U 09005A   16140.46140070  .00000116  00000-0  88129-4 0  9999,2 33591  99.0377  97.0025 0013104 302.9641  57.0270 14.12073305375085
1 33591U 09005A   16141.52425623  .00000122  00000-0  91154-4 0  9996,2 33591  99.0378  98.0738 0013067 299.7723  60.2147 14.12073577375237
1 33591U 09005A   16142.51625455  .00000130  00000-0  95743-4 0  9998,2 33591  99.0379  99.0737 0013031 296.8033  63.1804 14.12073889375374
1 33591U 09005A   16142.87053959 +.00000122 +00000-0 +91581-4 0  9998,2 33591 099.0380 099.4308 0013025 295.7193 064.2633 14.12073983375166
1 33591U 09005A   16143.50825262  .00000115  00000-0  87709-4 0  9992,2 33591  99.0380 100.0735 0013011 293.7911  66.1896 14.12074164375513
1 33591U 09005A   16143.86253761 +.00000104 +00000-0 +81489-4 0  9997,2 33591 099.0381 100.4306 0013008 292.7062 067.2734 14.12074254375304
1 33591U 09005A   16144.57110758  .00000091  00000-0  74370-4 0  9990,2 33591  99.0381 101.1448 0012998 290.5697  69.4079 14.12074427375663
1 33591U 09005A   16145.49224848  .00000068  00000-0  61767-4 0  9998,2 33591  99.0382 102.0733 0012975 287.7380  72.2374 14.12074649375793
1 33591U 09005A   16146.48424632  .00000066  00000-0  60633-4 0  9990,2 33591  99.0383 103.0731 0012954 284.7310  75.2426 14.12074953375935
1 33591U 09005A   16147.47624402  .00000088  00000-0  72932-4 0  9996,2 33591  99.0383 104.0730 0012937 281.7168  78.2552 14.12075320376072
1 33591U 09005A   16148.53909863  .00000102  00000-0  80421-4 0  9990,2 33591  99.0384 105.1444 0012918 278.4828  81.4879 14.12075614376223
1 33591U 09005A   16149.46023914  .00000120  00000-0  90119-4 0  9992,2 33591  99.0385 106.0729 0012902 275.6553  84.3147 14.12075900376359
1 33591U 09005A   16150.52309337  .00000130  00000-0  95611-4 0  9990,2 33591  99.0385 107.1443 0012885 272.3800  87.5896 14.12076200376500
1 33591U 09005A   16151.51509036  .00000127  00000-0  94233-4 0  9993,2 33591  99.0386 108.1443 0012888 269.3543  90.6152 14.12076514376648
1 33591U 09005A   16152.50708724  .00000095  00000-0  76841-4 0  9997,2 33591  99.0387 109.1443 0012893 266.3274  93.6423 14.12076721376783
1 33591U 09005A   16152.86137182 +.00000084 +00000-0 +70460-4 0  9999,2 33591 099.0387 109.5014 0012895 265.2326 094.7373 14.12076804376574
1 33591U 09005A   16153.49908395  .00000077  00000-0  67112-4 0  9993,2 33591  99.0388 110.1442 0012900 263.3039  96.6664 14.12077027376926
1 33591U 09005A   16153.85336848 +.00000068 +00000-0 +62172-4 0  9992,2 33591 099.0388 110.5014 0012904 262.2128 097.7578 14.12077127376710
1 33591U 09005A   16154.49108058  .00000063  00000-0  59391-4 0  9997,2 33591  99.0389 111.1442 0012908 260.2782  99.6931 14.12077346377067
1 33591U 09005A   16154.91622197 +.00000056 +00000-0 +55314-4 0  9992,2 33591 099.0389 111.5728 0012912 258.9560 101.0159 14.12077460376865
1 33591U 09005A   16155.62479094  .00000078  00000-0  67299-4 0  9996,2 33591  99.0390 112.2871 0012908 256.7647 103.2085 14.12077769377226
1 33591U 09005A   16155.90821849 +.00000078 +00000-0 +67647-4 0  9993,2 33591 099.0390 112.5728 0012912 255.9100 104.0636 14.12077877377007
1 33591U 09005A   16156.82935809  .00000091  00000-0  74402-4 0  9999,2 33591  99.0391 113.5014 0012914 253.0892 106.8864 14.12078154377390
1 33591U 09005A   16156.90021496  .00000092  00000-0  75295-4 0  9998,2 33591  99.0391 113.5729 0012915 252.8776 107.0981 14.12078183377409
1 33591U 09005A   16157.60878384  .00000107  00000-0  83255-4 0  9994,2 33591  99.0391 114.2872 0012921 250.7084 109.2690 14.12078345377504
1 33591U 09005A   16158.03392510 +.00000116 +00000-0 +87949-4 0  9998,2 33591 099.0392 114.7157 0012924 249.3984 110.5801 14.12078494377304
1 33591U 09005A   16158.45906635  .00000122  00000-0  91335-4 0  9994,2 33591  99.0392 115.1443 0012929 248.1003 111.8793 14.12078598377625
1 33591U 09005A   16159.52191937  .00000117  00000-0  88446-4 0  9997,2 33591  99.0392 116.2158 0012952 244.8708 115.1119 14.12078768377775
1 33591U 09005A   16160.51391533  .00000106  00000-0  82567-4 0  9998,2 33591  99.0393 117.2158 0012971 241.8422 118.1439 14.12078988377916
1 33591U 09005A   16161.50591109  .00000092  00000-0  75191-4 0  9998,2 33591  99.0393 118.2159 0013001 238.8118 121.1779 14.12079251378052
1 33591U 09005A   16162.49790676  .00000075  00000-0  65789-4 0  9990,2 33591  99.0394 119.2159 0013027 235.8211 124.1725 14.12079522378193
1 33591U 09005A   16163.48990228  .00000077  00000-0  66998-4 0  9990,2 33591  99.0394 120.2160 0013054 232.8317 127.1662 14.12079902378332
1 33591U 09005A   16164.48189766  .00000083  00000-0  70209-4 0  9995,2 33591  99.0395 121.2161 0013084 229.8662 130.1363 14.12080253378475
1 33591U 09005A   16165.47389296  .00000094  00000-0  75934-4 0  9997,2 33591  99.0396 122.2162 0013110 226.8585 133.1490 14.12080577378618
1 33591U 09005A   16166.53674500  .00000102  00000-0  80632-4 0  9991,2 33591  99.0396 123.2877 0013138 223.6879 136.3252 14.12080826378767
1 33591U 09005A   16167.52874003  .00000111  00000-0  85337-4 0  9998,2 33591  99.0397 124.2878 0013171 220.6939 139.3249 14.12081082378901
1 33591U 09005A   16168.37902129  .00000118  00000-0  88949-4 0  9992,2 33591  99.0398 125.1451 0013207 218.1405 141.8832 14.12081343379029
1 33591U 09005A   16169.44187267  .00000099  00000-0  78964-4 0  9993,2 33591  99.0398 126.2166 0013250 214.9911 145.0390 14.12081564379174
1 33591U 09005A   16170.50472382  .00000082  00000-0  69723-4 0  9992,2 33591  99.0399 127.2881 0013303 211.8769 148.1598 14.12081853379328
1 33591U 09005A   16171.49671812  .00000064  00000-0  59996-4 0  9991,2 33591  99.0401 128.2883 0013351 208.9844 151.0587 14.12082119379461
1 33591U 09005A   16172.48871238  .00000052  00000-0  53034-4 0  9999,2 33591  99.0402 129.2884 0013394 206.0523 153.9975 14.12082382379604
1 33591U 09005A   16173.55156327  .00000056  00000-0  55290-4 0  9993,2 33591  99.0403 130.3600 0013447 202.9164 157.1408 14.12082660379751
1 33591U 09005A   16174.47270066  .00000076  00000-0  66284-4 0  9999,2 33591  99.0403 131.2887 0013487 200.1794 159.8845 14.12082923379881
1 33591U 09005A   16175.46469458  .00000102  00000-0  80411-4 0  9992,2 33591  99.0404 132.2889 0013530 197.2891 162.7821 14.12083219380022
1 33591U 09005A   16175.46470322  .00000106  00000-0  57708-4 0  9991,2 33591  99.0403 132.2882 0013559 197.4779 162.6407 14.12083132380519
1 33591U 09005A   16176.45668837  .00000113  00000-0  86548-4 0  9993,2 33591  99.0404 133.2891 0013578 194.4059 165.6727 14.12083429380168
1 33591U 09005A   16177.51953856  .00000108  00000-0  83945-4 0  9991,2 33591  99.0405 134.3607 0013636 191.3526 168.7339 14.12083644380315
1 33591U 09005A   16178.51153183  .00000098  00000-0  78477-4 0  9999,2 33591  99.0405 135.3609 0013694 188.5165 171.5776 14.12083894380458
1 33591U 09005A   16178.86581510 +.00000091 +00000-0 +74472-4 0  9990,2 33591 099.0405 135.7181 0013716 187.5099 172.5869 14.12083985380249
1 33591U 09005A   16179.85780813  .00000065  00000-0  60094-4 0  9993,2 33591  99.0406 136.7184 0013776 184.6752 175.4292 14.12084220380643
1 33591U 09005A   16180.49551784  .00000060  00000-0  57311-4 0  9991,2 33591  99.0407 137.3614 0013808 182.8638 177.2456 14.12084416380737
1 33591U 09005A   16181.55836725  .00000052  00000-0  53061-4 0  9999,2 33591  99.0408 138.4331 0013861 179.8628 180.2549 14.12084720380881
1 33591U 09005A   16182.47950329  .00000065  00000-0  60358-4 0  9999,2 33591  99.0409 139.3619 0013908 177.2420 182.8830 14.12085031381018
1 33591U 09005A   16183.54235241  .00000086  00000-0  71852-4 0  9991,2 33591  99.0409 140.4336 0013964 174.2176 185.9158 14.12085350381161
1 33591U 09005A   16184.46348822  .00000093  00000-0  75374-4 0  9994,2 33591  99.0410 141.3624 0014015 171.5944 188.5464 14.12085539381296
1 33591U 09005A   16185.45548040  .00000096  00000-0  77345-4 0  9991,2 33591  99.0410 142.3627 0014074 168.8075 191.3411 14.12085728381439
1 33591U 09005A   16186.51832895  .00000084  00000-0  70413-4 0  9999,2 33591  99.0411 143.4344 0014132 165.8567 194.3003 14.12085879381589
1 33591U 09005A   16187.51032064  .00000076  00000-0  66208-4 0  9998,2 33591  99.0411 144.4347 0014184 163.1345 197.0300 14.12086113381723
1 33591U 09005A   16188.50231220  .00000063  00000-0  59255-4 0  9993,2 33591  99.0412 145.4349 0014229 160.4341 199.7379 14.12086349381864
1 33591U 09005A   16189.49430362  .00000051  00000-0  52544-4 0  9991,2 33591  99.0413 146.4352 0014282 157.7053 202.4741 14.12086601382001
1 33591U 09005A   16190.48629483  .00000056  00000-0  55524-4 0  9992,2 33591  99.0414 147.4356 0014338 154.9706 205.2163 14.12086917382147
1 33591U 09005A   16191.54914238  .00000084  00000-0  70476-4 0  9999,2 33591  99.0415 148.5073 0014392 152.0348 208.1600 14.12087286382291
1 33591U 09005A   16192.47027678  .00000098  00000-0  78027-4 0  9990,2 33591  99.0415 149.4362 0014443 149.4968 210.7045 14.12087529382424
1 33591U 09005A   16193.46226743  .00000116  00000-0  87869-4 0  9999,2 33591  99.0416 150.4365 0014494 146.7723 213.4361 14.12087789382569
1 33591U 09005A   16194.52511420  .00000136  00000-0  99139-4 0  9991,2 33591  99.0416 151.5082 0014544 143.8801 216.3355 14.12088118382717
1 33591U 09005A   16195.51710418  .00000124  00000-0  92273-4 0  9998,2 33591  99.0417 152.5086 0014585 141.2195 219.0026 14.12088352382856
1 33591U 09005A   16196.43823746  .00000111  00000-0  85268-4 0  9991,2 33591  99.0417 153.4374 0014628 138.7582 221.4697 14.12088635382984
1 33591U 09005A   16197.50108333  .00000072  00000-0  64156-4 0  9997,2 33591  99.0418 154.5092 0014669 135.9260 224.3083 14.12088847383135
1 33591U 09005A   16198.49307253  .00000057  00000-0  56051-4 0  9996,2 33591  99.0420 155.5096 0014710 133.2850 226.9550 14.12089148383273
1 33591U 09005A   16198.91821073 +.00000058 +00000-0 +56267-4 0  9994,2 33591 099.0420 155.9383 0014725 132.1639 228.0786 14.12089272383075
1 33591U 09005A   16199.91019971 +.00000064 +00000-0 +59490-4 0  9999,2 33591 099.0421 156.9387 0014765 129.5106 230.7372 14.12089577383219
1 33591U 09005A   16201.46903918  .00000077  00000-0  66539-4 0  9992,2 33591  99.0423 158.5108 0014831 125.3110 234.9450 14.12089933383694
1 33591U 09005A   16202.53188389  .00000117  00000-0  88238-4 0  9993,2 33591  99.0424 159.5827 0014870 122.4707 237.7904 14.12090313383843
1 33591U 09005A   16203.52387201  .00000112  00000-0  85693-4 0  9994,2 33591  99.0425 160.5831 0014901 119.8487 240.4167 14.12090489383982
1 33591U 09005A   16204.58671615  .00000090  00000-0  74035-4 0  9999,2 33591  99.0425 161.6550 0014937 117.0478 243.2219 14.12090659384137
1 33591U 09005A   16205.50784740  .00000075  00000-0  65543-4 0  9993,2 33591  99.0426 162.5840 0014965 114.6356 245.6376 14.12090889384268
1 33591U 09005A   16205.86212860 +.00000078 +00000-0 +67226-4 0  9994,2 33591 099.0426 162.9413 0014973 113.7124 246.5619 14.12091028384053
1 33591U 09005A   16206.57069089  .00000067  00000-0  61137-4 0  9999,2 33591  99.0427 163.6559 0014983 111.8504 248.4262 14.12091196384416
1 33591U 09005A   16207.49182166  .00000083  00000-0  69882-4 0  9996,2 33591  99.0428 164.5849 0015011 109.4452 250.8342 14.12091623384542
1 33591U 09005A   16207.91695886 +.00000083 +00000-0 +70080-4 0  9993,2 33591 099.0428 165.0137 0015015 108.3278 251.9528 14.12091766384340
1 33591U 09005A   16208.55466473  .00000069  00000-0  62322-4 0  9996,2 33591  99.0429 165.6569 0015028 106.6496 253.6326 14.12091831384699
1 33591U 09005A   16209.47579517  .00000084  00000-0  70773-4 0  9998,2 33591  99.0430 166.5859 0015051 104.2172 256.0672 14.12092121384823
1 33591U 09005A   16210.46778161  .00000094  00000-0  76141-4 0  9991,2 33591  99.0431 167.5864 0015076 101.6097 258.6768 14.12092342384969
1 33591U 09005A   16210.82207098  .00000123  00000-0  67176-4 0  9998,2 33591  99.0423 167.9424 0014973 100.5500 259.7836 14.12092472385501
1 33591U 09005A   16211.45976770  .00000109  00000-0  84165-4 0  9999,2 33591  99.0432 168.5869 0015092  99.0085 261.2794 14.12092591385103
1 33591U 09005A   16212.52260957  .00000104  00000-0  81365-4 0  9995,2 33591  99.0433 169.6589 0015101  96.2290 264.0601 14.12092820385252
1 33591U 09005A   16213.51459507  .00000084  00000-0  70552-4 0  9999,2 33591  99.0434 170.6594 0015112  93.6527 266.6372 14.12093015385392
1 33591U 09005A   16214.50658029  .00000062  00000-0  58721-4 0  9999,2 33591  99.0435 171.6599 0015115  91.0790 269.2113 14.12093236385539
1 33591U 09005A   16215.49856527  .00000053  00000-0  53490-4 0  9999,2 33591  99.0436 172.6605 0015116  88.4986 271.7916 14.12093515385671
1 33591U 09005A   16216.49055000  .00000066  00000-0  60702-4 0  9995,2 33591  99.0437 173.6611 0015118  85.9118 274.3781 14.12093894385816
1 33591U 09005A   16217.48253455  .00000072  00000-0  64208-4 0  9991,2 33591  99.0439 174.6617 0015115  83.3175 276.9715 14.12094182385958
1 33591U 09005A   16218.54537501  .00000076  00000-0  66353-4 0  9993,2 33591  99.0440 175.7337 0015121  80.5382 279.7497 14.12094372386104
1 33591U 09005A   16218.89965512 +.00000075 +00000-0 +65529-4 0  9991,2 33591 099.0440 176.0911 0015125 079.6231 280.6644 14.12094433385890
1 33591U 09005A   16219.46650317  .00000091  00000-0  74323-4 0  9999,2 33591  99.0441 176.6629 0015122  78.1508 282.1358 14.12094576386237
1 33591U 09005A   16220.45848705  .00000110  00000-0  84815-4 0  9999,2 33591  99.0441 177.6635 0015120  75.5633 284.7214 14.12094820386379
1 33591U 09005A   16221.52132653  .00000117  00000-0  88761-4 0  9997,2 33591  99.0442 178.7355 0015110  72.7849 287.4975 14.12095103386524
1 33591U 09005A   16222.51330969  .00000101  00000-0  79781-4 0  9992,2 33591  99.0443 179.7361 0015092  70.1917 290.0880 14.12095351386665
1 33591U 09005A   16223.50529254  .00000093  00000-0  75430-4 0  9996,2 33591  99.0444 180.7367 0015070  67.5837 292.6929 14.12095686386800
1 33591U 09005A   16223.85957208 +.00000090 +00000-0 +73684-4 0  9994,2 33591 099.0444 181.0941 0015063 066.6546 293.6208 14.12095809386595
1 33591U 09005A   16224.92241047 +.00000078 +00000-0 +67091-4 0  9991,2 33591 099.0446 182.1662 0015039 063.8708 296.4009 14.12096144386741
1 33591U 09005A   16225.91439276 +.00000083 +00000-0 +70119-4 0  9995,2 33591 099.0447 183.1669 0015023 061.2705 298.9973 14.12096484386881
1 33591U 09005A   16226.90637485 +.00000095 +00000-0 +76496-4 0  9994,2 33591 099.0449 184.1676 0015007 058.6580 301.6058 14.12096794387022
1 33591U 09005A   16227.89835668 +.00000102 +00000-0 +80554-4 0  9995,2 33591 099.0450 185.1683 0014989 056.0413 304.2181 14.12097036387169
1 33591U 09005A   16228.46520334  .00000110  00000-0  84510-4 0  9995,2 33591  99.0451 185.7402 0014979  54.5558 305.7009 14.12097170387509
1 33591U 09005A   16229.45718477  .00000108  00000-0  83534-4 0  9994,2 33591  99.0452 186.7409 0014954  51.9392 308.3125 14.12097363387645
1 33591U 09005A   16230.52002158  .00000106  00000-0  82520-4 0  9998,2 33591  99.0453 187.8131 0014921  49.1181 311.1281 14.12097645387793
1 33591U 09005A   16231.51201264  .00000058  00000-0  31516-4 0  9992,2 33591  99.0445 188.8127 0014844  46.0877 314.1987 14.12097046388424
1 33591U 09005A   16231.72456960  .00000092  00000-0  75035-4 0  9992,2 33591  99.0455 189.0283 0014873  45.8946 314.3446 14.12097976387969
1 33591U 09005A   16232.50398292  .00000070  00000-0  62671-4 0  9990,2 33591  99.0456 189.8146 0014847  43.8209 316.4137 14.12098133388076
1 33591U 09005A   16232.92911738 +.00000060 +00000-0 +57679-4 0  9993,2 33591 099.0457 190.2435 0014828 042.6637 317.5683 14.12098241387870
1 33591U 09005A   16233.56681901  .00000058  00000-0  56286-4 0  9990,2 33591  99.0457 190.8869 0014808  40.9774 319.2507 14.12098432388224
1 33591U 09005A   16234.48794348  .00000063  00000-0  59279-4 0  9993,2 33591  99.0459 191.8162 0014780  38.5312 321.6911 14.12098717388359
1 33591U 09005A   16235.47992348  .00000084  00000-0  70355-4 0  9994,2 33591  99.0460 192.8170 0014749  35.9063 324.3096 14.12099042388491
1 33591U 09005A   16236.54275897  .00000101  00000-0  79798-4 0  9996,2 33591  99.0462 193.8893 0014710  33.0856 327.1233 14.12099326388649
1 33591U 09005A   16237.46388281  .00000119  00000-0  89597-4 0  9997,2 33591  99.0463 194.8187 0014672  30.6336 329.5689 14.12099594388772
1 33591U 09005A   16238.52671771  .00000113  00000-0  86643-4 0  9997,2 33591  99.0464 195.8911 0014623  27.7588 332.4360 14.12099804388921
1 33591U 09005A   16239.51869660  .00000107  00000-0  83073-4 0  9990,2 33591  99.0465 196.8920 0014573  25.0885 335.0991 14.12100072389063
1 33591U 09005A   16240.51067522  .00000096  00000-0  77130-4 0  9993,2 33591  99.0467 197.8929 0014517  22.3998 337.7804 14.12100378389205
1 33591U 09005A   16241.50265364  .00000081  00000-0  69073-4 0  9998,2 33591  99.0468 198.8938 0014464  19.6827 340.4899 14.12100684389348
1 33591U 09005A   16242.49463186  .00000084  00000-0  70620-4 0  9992,2 33591  99.0470 199.8947 0014415  16.9414 343.2235 14.12101063389482
1 33591U 09005A   16243.41575430  .00000085  00000-0  71183-4 0  9997,2 33591  99.0471 200.8242 0014369  14.4202 345.7376 14.12101381389611
1 33591U 09005A   16244.47858773  .00000101  00000-0  79739-4 0  9992,2 33591  99.0473 201.8966 0014317  11.5014 348.6482 14.12101727389769
1 33591U 09005A   16244.54944331  .00000101  00000-0  79669-4 0  9998,2 33591  99.0473 201.9681 0014313  11.3072 348.8418 14.12101723389770
1 33591U 09005A   16244.90372109 +.00000106 +00000-0 +82626-4 0  9998,2 33591 099.0474 202.3256 0014295 010.3529 349.7933 14.12101839389566
1 33591U 09005A   16245.32885438  .00000116  00000-0  87848-4 0  9991,2 33591  99.0475 202.7546 0014274   9.2071 350.9360 14.12101983389882
1 33591U 09005A   16246.46254294  .00000139  00000-0  10076-3 0  9990,2 33591  99.0476 203.8986 0014221   6.0955 354.0387 14.12102329390040
1 33591U 09005A   16246.53339851 +.00000133 +00000-0 +97152-4 0  9996,2 33591 099.0477 203.9701 0014218 005.8928 354.2407 14.12102291389793
1 33591U 09005A   16247.52537572  .00000130  00000-0  95932-4 0  9997,2 33591  99.0478 204.9711 0014164   3.1393 356.9865 14.12102516390196
1 33591U 09005A   16248.51735268  .00000118  00000-0  88978-4 0  9997,2 33591  99.0480 205.9721 0014109   0.3801 359.7378 14.12102763390333
1 33591U 09005A   16249.50932935  .00000105  00000-0  82249-4 0  9998,2 33591  99.0481 206.9731 0014049 357.5966   2.5135 14.12103064390472
1 33591U 09005A   16250.50130585  .00000093  00000-0  75451-4 0  9994,2 33591  99.0483 207.9741 0013996 354.8046   5.2977 14.12103383390619
1 33591U 09005A   16251.49328216  .00000085  00000-0  71330-4 0  9996,2 33591  99.0485 208.9752 0013947 351.9899   8.1048 14.12103712390756
1 33591U 09005A   16252.48525829  .00000101  00000-0  80066-4 0  9990,2 33591  99.0487 209.9763 0013897 349.1892  10.8979 14.12104122390891
1 33591U 09005A   16253.54808969  .00000120  00000-0  90311-4 0  9992,2 33591  99.0488 211.0489 0013843 346.2008  13.8782 14.12104491391041
1 33591U 09005A   16253.83151136 +.00000123 +00000-0 +92045-4 0  9990,2 33591 099.0489 211.3349 0013832 345.3957 014.6813 14.12104586390825
1 33591U 09005A   16254.54006547  .00000137  00000-0  99761-4 0  9991,2 33591  99.0490 212.0500 0013795 343.4010  16.6708 14.12104812391188
1 33591U 09005A   16254.89434250 +.00000130 +00000-0 +95810-4 0  9999,2 33591 099.0490 212.4076 0013777 342.3946 017.6745 14.12104871390979
1 33591U 09005A   16255.53204101  .00000145  00000-0  10370-3 0  9994,2 33591  99.0491 213.0512 0013741 340.5842  19.4804 14.12105091391329
1 33591U 09005A   16255.88631793 +.00000145 +00000-0 +10386-3 0  9990,2 33591 099.0491 213.4088 0013722 339.5652 020.4968 14.12105202391111
1 33591U 09005A   16256.45316091  .00000141  00000-0  10169-3 0  9990,2 33591  99.0492 213.9809 0013692 337.9399  22.1181 14.12105368391450
1 33591U 09005A   16257.44513593  .00000115  00000-0  87752-4 0  9990,2 33591  99.0494 214.9820 0013640 335.0665  24.9846 14.12105606391592
1 33591U 09005A   16258.43711077  .00000091  00000-0  74453-4 0  9994,2 33591  99.0496 215.9832 0013593 332.1800  27.8643 14.12105884391735
1 33591U 09005A   16259.42908541  .00000076  00000-0  66422-4 0  9998,2 33591  99.0498 216.9845 0013551 329.2397  30.7978 14.12106211391878
1 33591U 09005A   16259.57080501  .00000225  00000-0  12265-3 0  9992,2 33591  99.0490 217.1263 0013706 328.5400  31.5420 14.12106804392382
1 33591U 09005A   16260.49191529  .00000072  00000-0  64354-4 0  9995,2 33591  99.0501 218.0572 0013502 326.1590  33.8718 14.12106567392028
1 33591U 09005A   16260.56277060  .00000074  00000-0  65090-4 0  9998,2 33591  99.0501 218.1287 0013501 325.9493  34.0811 14.12106592392036
1 33591U 09005A   16260.91704720 +.00000075 +00000-0 +65946-4 0  9996,2 33591 099.0501 218.4863 0013481 324.9097 035.1184 14.12106718391826
1 33591U 09005A   16261.62560039  .00000081  00000-0  68971-4 0  9996,2 33591  99.0503 219.2015 0013450 322.8560  37.1679 14.12106917392186
1 33591U 09005A   16261.90902166 +.00000082 +00000-0 +69546-4 0  9998,2 33591 099.0503 219.4876 0013437 322.0386 037.9836 14.12107001391969
1 33591U 09005A   16262.47586414  .00000097  00000-0  78034-4 0  9993,2 33591  99.0504 220.0598 0013411 320.3881  39.6309 14.12107178392300
1 33591U 09005A   16263.53869359  .00000134  00000-0  98076-4 0  9993,2 33591  99.0506 221.1326 0013371 317.2694  42.7436 14.12107567392459
1 33591U 09005A   16263.89297001 +.00000149 +00000-0 +10593-3 0  9994,2 33591 099.0507 221.4902 0013357 316.2218 043.7893 14.12107735392240
1 33591U 09005A   16264.60152277  .00000160  00000-0  11205-3 0  9993,2 33591  99.0508 222.2055 0013328 314.1354  45.8720 14.12107965392602
1 33591U 09005A   16264.88494388 +.00000145 +00000-0 +10417-3 0  9992,2 33591 099.0508 222.4916 0013315 313.3084 046.6975 14.12107986392386
1 33591U 09005A   16265.52264130  .00000140  00000-0  10121-3 0  9991,2 33591  99.0510 223.1353 0013286 311.4152  48.5877 14.12108138392735
1 33591U 09005A   16266.44375959  .00000126  00000-0  93334-4 0  9997,2 33591  99.0511 224.0651 0013248 308.6663  51.3322 14.12108400392863
1 33591U 09005A   16266.86889995  .00000421  00000-0  22957-3 0  9993,2 33591  99.0492 224.4928 0013231 307.0114  53.0331 14.12109910393416
1 33591U 09005A   16268.00257482  .00000100  00000-0  79506-4 0  9998,2 33591  99.0514 225.6387 0013202 303.9787  56.0129 14.12108862393088
1 33591U 09005A   16268.49856141  .00000094  00000-0  76293-4 0  9990,2 33591  99.0515 226.1394 0013185 302.5031  57.4865 14.12109039393157
1 33591U 09005A   16269.49053444  .00000104  00000-0  81414-4 0  9999,2 33591  99.0517 227.1408 0013156 299.5177  60.4682 14.12109457393290
1 33591U 09005A   16269.91566570 +.00000106 +00000-0 +82590-4 0  9993,2 33591 099.0518 227.5699 0013142 298.2435 061.7409 14.12109618393093
1 33591U 09005A   16270.48250733  .00000121  00000-0  90833-4 0  9994,2 33591  99.0519 228.1422 0013120 296.5479  63.4346 14.12109876393433
1 33591U 09005A   16270.83679115  .00000262  00000-0  14291-3 0  9991,2 33591  99.0506 228.4984 0013238 295.6014  64.4264 14.12110925393976
1 33591U 09005A   16272.04132171  .00000133  00000-0  97172-4 0  9999,2 33591  99.0521 229.7159 0013067 291.8952  68.0830 14.12110346393651
1 33591U 09005A   16272.53730802  .00000134  00000-0  98120-4 0  9993,2 33591  99.0522 230.2167 0013057 290.4062  69.5706 14.12110466393723
1 33591U 09005A   16272.67902799  .00000085  00000-0  46103-4 0  9993,2 33591  99.0511 230.3583 0013136 289.7339  70.2886 14.12109779394230
1 33591U 09005A   16272.74988318  .00000084  00000-0  45544-4 0  9999,2 33591  99.0511 230.4299 0013138 289.5356  70.4866 14.12109788394245
1 33591U 09005A   16273.45842529  .00000136  00000-0  98858-4 0  9995,2 33591  99.0524 231.1467 0013033 287.6063  72.3685 14.12110734393851
1 33591U 09005A   16274.52125267  .00000127  00000-0  94286-4 0  9998,2 33591  99.0526 232.2197 0013010 284.3993  75.5733 14.12111026394008
1 33591U 09005A   16274.87552841 +.00000123 +00000-0 +91953-4 0  9992,2 33591 099.0526 232.5773 0013006 283.3137 076.6583 14.12111139393790
1 33591U 09005A   16275.51322469  .00000110  00000-0  84867-4 0  9997,2 33591  99.0528 233.2212 0012994 281.3667  78.6044 14.12111319394143
1 33591U 09005A   16276.50519657  .00000092  00000-0  75104-4 0  9997,2 33591  99.0530 234.2227 0012988 278.3241  81.6458 14.12111618394280
1 33591U 09005A   16277.49716832  .00000083  00000-0  70019-4 0  9990,2 33591  99.0533 235.2242 0012984 275.3182  84.6508 14.12111969394422
1 33591U 09005A   16278.48914004  .00000084  00000-0  70531-4 0  9991,2 33591  99.0535 236.2258 0012971 272.3018  87.6668 14.12112296394562
1 33591U 09005A   16279.48111155  .00000113  00000-0  86628-4 0  9995,2 33591  99.0537 237.2273 0012966 269.2907  90.6778 14.12112727394709
