1 40086U 14040A   15001.44012863  .00000979  00000-0  27646-3 0  9995,2 40086 047.0074 321.9233 0014821 105.2098 255.0445 14.52650555 24971
1 40086U 14040A   15001.85281986  .00001181  00000-0  28476-3 0  9992,2 40086 047.0047 319.9993 0014597 107.3946 252.9019 14.52651767 25033
1 40086U 14040A   15002.88450549  .00000696  00000-0  20799-3 0  9999,2 40086 047.0073 315.1599 0014854 112.2101 248.0351 14.52651989 25183
1 40086U 14040A   15003.98498211  .00000583  00000-0  18073-3 0  9996,2 40086 047.0076 310.0086 0014941 117.2846 242.9548 14.52653290 25345
1 40086U 14040A   15005.22301587  .00000537  00000-0  16957-3 0  9992,2 40086 047.0083 304.2142 0015018 122.9184 237.3083 14.52654906 25522
1 40086U 14040A   15007.83663496  .00000928  00000-0  26389-3 0  9995,2 40086 047.0088 291.9817 0015047 135.0946 225.1149 14.52661860 25908
1 40086U 14040A   15009.00588144  .00001031  00000-0  28886-3 0  9992,2 40086 047.0076 286.5087 0015050 140.3737 219.8265 14.52665073 26073
1 40086U 14040A   15010.17512470  .00001129  00000-0  31246-3 0  9993,2 40086 047.0082 281.0358 0014994 145.5136 214.6718 14.52668353 26246
1 40086U 14040A   15011.20680946  .00000957  00000-0  27091-3 0  9993,2 40086 047.0078 276.2058 0014927 149.5192 210.6552 14.52669875 26394
1 40086U 14040A   15012.71994345  .00000752  00000-0  22140-3 0  9994,2 40086 047.0082 269.1217 0015109 157.0029 203.1530 14.52672033 26611
1 40086U 14040A   15014.16429745  .00000600  00000-0  18473-3 0  9998,2 40086 047.0087 262.3594 0015108 163.2906 196.8478 14.52673609 26823
1 40086U 14040A   15015.67742641  .00000637  00000-0  19367-3 0  9991,2 40086 047.0084 255.2761 0015339 170.6125 189.5063 14.52676258 27045
1 40086U 14040A   15016.84666069  .00000508  00000-0  16245-3 0  9999,2 40086 047.0083 249.8036 0015467 176.0814 184.0147 14.52677179 27210
1 40086U 14040A   15018.08467459  .00000441  00000-0  14637-3 0  9998,2 40086 047.0075 244.0079 0015371 181.3644 178.7195 14.52678311 27390
1 40086U 14040A   15019.11635043  .00000500  00000-0  16063-3 0  9990,2 40086 047.0071 239.1787 0015475 186.2780 173.7917 14.52679861 27542
1 40086U 14040A   15020.14802538  .00000491  00000-0  15849-3 0  9990,2 40086 047.0071 234.3481 0015595 190.9263 169.1291 14.52681083 27690
1 40086U 14040A   15021.59236986  .00000404  00000-0  13741-3 0  9991,2 40086 047.0062 227.5850 0015500 197.3880 162.6490 14.52682335 27900
1 40086U 14040A   15022.69282009  .00000469  00000-0  15313-3 0  9998,2 40086 047.0049 222.4341 0015628 202.4337 157.5851 14.52684002 28065
1 40086U 14040A   15023.72449125  .00000478  00000-0  15530-3 0  9998,2 40086 047.0046 217.6036 0015578 207.1172 152.8820 14.52685266 28216
1 40086U 14040A   15024.75616366  .00000296  00000-0  11130-3 0  9995,2 40086 047.0050 212.7736 0015804 211.5976 148.3914 14.52685528 28368
1 40086U 14040A   15025.99416906  .00000535  00000-0  16885-3 0  9998,2 40086 047.0050 206.9782 0015982 216.8259 143.1577 14.52688177 28544
1 40086U 14040A   15027.02583830  .00000504  00000-0  16141-3 0  9996,2 40086 047.0063 202.1475 0015974 221.0856 138.8826 14.52689382 28690
1 40086U 14040A   15028.47017305  .00000726  00000-0  21509-3 0  9995,2 40086 047.0062 195.3870 0016071 227.1624 132.7928 14.52692863 28908
1 40086U 14040A   15029.63939492  .00000627  00000-0  19105-3 0  9993,2 40086 047.0067 189.9133 0016022 232.4734 127.4648 14.52694172 29075
1 40086U 14040A   15030.94617088  .00000821  00000-0  23779-3 0  9991,2 40086 047.0070 183.7968 0016070 238.1764 121.7548 14.52697613 29266
1 40086U 14040A   15032.39049890  .00001003  00000-0  28163-3 0  9997,2 40086 047.0067 177.0345 0016247 244.3757 115.5476 14.52701335 29475
1 40086U 14040A   15033.83482528  .00000818  00000-0  23714-3 0  9996,2 40086 047.0073 170.2723 0016167 250.6296 109.2834 14.52703219 29680
1 40086U 14040A   15034.93526198  .00001000  00000-0  28109-3 0  9997,2 40086 047.0076 165.1203 0016195 255.3998 104.5094 14.52706343 29846
1 40086U 14040A   15035.96692044  .00000937  00000-0  26588-3 0  9992,2 40086 047.0082 160.2900 0016201 260.3153 099.5900 14.52708298 29996
1 40086U 14040A   15037.34246277  .00000980  00000-0  27615-3 0  9999,2 40086 047.0089 153.8503 0016226 266.5779 093.3273 14.52711704 30194
1 40086U 14040A   15038.51166979  .00001111  00000-0  30780-3 0  9993,2 40086 047.0084 148.3765 0016208 271.7773 088.1241 14.52715240 30365
1 40086U 14040A   15039.74965253  .00001253  00000-0  34195-3 0  9992,2 40086 047.0075 142.5808 0016169 277.9274 081.9772 14.52719100 30548
1 40086U 14040A   15041.40029037  .00001352  00000-0  36575-3 0  9993,2 40086 047.0068 134.8544 0016144 284.8515 075.0579 14.52724507 30781
1 40086U 14040A   15042.43193529  .00001451  00000-0  38959-3 0  9993,2 40086 047.0065 130.0234 0016090 289.6020 070.3079 14.52728178 30934
1 40086U 14040A   15042.77582637  .00001552  00000-0  37333-3 0  9999,2 40086 047.0034 128.4211 0016330 290.2680 069.6927 14.52728707 30989
1 40086U 14040A   15043.73868369  .00001434  00000-0  38534-3 0  9998,2 40086 047.0074 123.9071 0016078 294.3199 065.5998 14.52732498 31128
1 40086U 14040A   15049.58464429  .00000621  00000-0  18954-3 0  9997,2 40086 047.0089 096.5355 0016186 321.8850 038.0889 14.52741197 31977
1 40086U 14040A   15050.40995911  .00000925  00000-0  22255-3 0  9991,2 40086 047.0034 092.6788 0016053 323.8308 036.1984 14.52742909 32098
1 40086U 14040A   15051.09771876  .00000935  00000-0  22487-3 0  9997,2 40086 047.0033 089.4584 0016024 326.8737 033.1635 14.52743940 32199
1 40086U 14040A   15051.30403549  .00000800  00000-0  23261-3 0  9992,2 40086 047.0086 088.4866 0016043 328.9349 031.0544 14.52745010 32222
1 40086U 14040A   15052.33567133  .00000637  00000-0  19349-3 0  9996,2 40086 047.0077 083.6564 0016135 334.1452 025.8606 14.52745865 32374
1 40086U 14040A   15053.43608034  .00000564  00000-0  17573-3 0  9990,2 40086 047.0070 078.5045 0015925 338.5093 021.5123 14.52747177 32532
1 40086U 14040A   15054.46771313  .00000582  00000-0  18007-3 0  9998,2 40086 047.0064 073.6734 0015917 343.2676 016.7696 14.52748654 32685
1 40086U 14040A   15055.49934490  .00000557  00000-0  17401-3 0  9998,2 40086 047.0056 068.8429 0015803 348.0080 012.0439 14.52749837 32834
1 40086U 14040A   15057.01240235  .00000621  00000-0  18944-3 0  9990,2 40086 047.0051 061.7576 0015845 355.1112 004.9626 14.52752470 33055
1 40086U 14040A   15058.04403067  .00000599  00000-0  18422-3 0  9993,2 40086 047.0053 056.9279 0015797 359.7663 000.3180 14.52753860 33206
1 40086U 14040A   15059.35076027  .00000513  00000-0  16351-3 0  9995,2 40086 047.0046 050.8096 0015856 005.8611 354.2452 14.52755258 33392
1 40086U 14040A   15060.38238677  .00000529  00000-0  16725-3 0  9993,2 40086 047.0050 045.9792 0015781 010.3982 349.7228 14.52756840 33549
1 40086U 14040A   15061.96421164  .00000723  00000-0  21420-3 0  9997,2 40086 047.0039 038.5730 0015801 017.6054 342.5390 14.52760138 33770
1 40086U 14040A   15063.13338301  .00000934  00000-0  26489-3 0  9992,2 40086 047.0041 033.0995 0015670 023.1341 337.0258 14.52763519 33948
1 40086U 14040A   15064.37132732  .00000870  00000-0  24958-3 0  9997,2 40086 047.0059 027.3041 0015720 028.7822 331.3910 14.52765938 34126
1 40086U 14040A   15065.81559359  .00000801  00000-0  23287-3 0  9993,2 40086 047.0064 020.5405 0015775 035.4130 324.7800 14.52768602 34336
1 40086U 14040A   15066.84721037  .00000777  00000-0  22707-3 0  9999,2 40086 047.0068 015.7089 0015768 040.0555 320.1502 14.52770488 34489
1 40086U 14040A   15068.01637350  .00000946  00000-0  26772-3 0  9998,2 40086 047.0061 010.2362 0015417 045.6841 314.5355 14.52773541 34651
1 40086U 14040A   15069.04798460  .00000950  00000-0  26860-3 0  9995,2 40086 047.0060 005.4063 0015300 050.5691 309.6533 14.52775862 34801
1 40086U 14040A   15070.21714316  .00000987  00000-0  27758-3 0  9991,2 40086 047.0055 359.9351 0015140 056.4516 303.7805 14.52778655 34973
1 40086U 14040A   15071.79895178  .00000928  00000-0  22315-3 0  9990,2 40086 047.0051 352.5359 0015087 062.8111 297.4799 14.52780871 35209
1 40086U 14040A   15072.96809823  .00000637  00000-0  19340-3 0  9993,2 40086 047.0063 347.0543 0015186 069.3156 290.9325 14.52782323 35372
1 40086U 14040A   15073.99970299  .00000753  00000-0  22127-3 0  9999,2 40086 047.0061 342.2236 0015396 073.3414 286.9078 14.52784662 35526
1 40086U 14040A   15075.23762924  .00000703  00000-0  20928-3 0  9994,2 40086 047.0062 336.4279 0015402 078.9428 281.3189 14.52786621 35702
1 40086U 14040A   15076.68187233  .00000577  00000-0  17887-3 0  9997,2 40086 047.0059 329.6646 0015464 085.6448 274.6199 14.52788387 35915
1 40086U 14040A   15077.71347290  .00000675  00000-0  20230-3 0  9998,2 40086 047.0063 324.8341 0015434 090.3978 269.8701 14.52790522 36063
1 40086U 14040A   15079.08893416  .00001070  00000-0  29752-3 0  9994,2 40086 047.0074 318.3958 0015446 097.2610 263.0029 14.52795611 36264
1 40086U 14040A   15080.12053024  .00000780  00000-0  22771-3 0  9995,2 40086 047.0077 313.5644 0015537 102.0503 258.2123 14.52796496 36413
1 40086U 14040A   15081.83985426  .00000445  00000-0  14695-3 0  9998,2 40086 047.0079 305.5147 0015483 110.0794 250.1748 14.52797711 36667
1 40086U 14040A   15083.07776630  .00000435  00000-0  14466-3 0  9996,2 40086 047.0076 299.7194 0015557 116.0311 244.2172 14.52798953 36847
1 40086U 14040A   15084.59076753  .00000352  00000-0  12457-3 0  9999,2 40086 047.0063 292.6350 0015544 123.0604 237.1784 14.52800361 37060
1 40086U 14040A   15085.69112973  .00000496  00000-0  15929-3 0  9992,2 40086 047.0065 287.4814 0015529 128.2323 231.9962 14.52802284 37221
1 40086U 14040A   15086.58517406 -.00002608  00000-0 -58827-3 0  9994,2 40086 047.0052 283.2946 0016064 130.3298 229.7825 14.52782897 37351
1 40086U 14040A   15087.54802935 -.00004877  00000-0 -11357-2 0  9991,2 40086 047.0051 278.7840 0015663 135.6401 224.5413 14.52765574 37494
1 40086U 14040A   15087.96068583 -.00006361  00000-0 -14941-2 0  9992,2 40086 047.0058 276.8537 0015749 137.9181 222.2849 14.52754118 37555
1 40086U 14040A   15088.99230821 -.00004057  00000-0 -93825-3 0  9991,2 40086 047.0046 272.0237 0015671 143.9836 216.2343 14.52753743 37707
1 40086U 14040A   15089.88636680 -.00001937  00000-0 -42698-3 0  9999,2 40086 047.0028 267.8357 0014848 149.6589 210.5176 14.52759331 37839
1 40086U 14040A   15089.95514104  .00000490  00000-0  15792-3 0  9999,2 40086 047.0057 267.5171 0015429 147.8787 212.3185 14.52768970 37848
1 40086U 14040A   15091.53694049  .00000799  00000-0  23232-3 0  9993,2 40086 047.0044 260.1097 0015562 156.1139 204.0511 14.52773029 38070
1 40086U 14040A   15092.63732129  .00000779  00000-0  22737-3 0  9994,2 40086 047.0034 254.9579 0015540 161.0973 199.0421 14.52774833 38237
1 40086U 14040A   15093.94402491  .00000826  00000-0  23886-3 0  9994,2 40086 047.0040 248.8402 0015538 166.6830 193.4476 14.52777723 38421
1 40086U 14040A   15095.38827180  .00000692  00000-0  20641-3 0  9997,2 40086 047.0040 242.0777 0015605 173.2609 186.8479 14.52779778 38639
1 40086U 14040A   15096.41987612  .00000807  00000-0  23413-3 0  9997,2 40086 047.0042 237.2460 0015606 177.8848 182.2141 14.52781935 38782
1 40086U 14040A   15098.34554174  .00000929  00000-0  22320-3 0  9995,2 40086 047.0028 228.2383 0015994 188.0163 172.0959 14.52785685 39066
1 40086U 14040A   15098.68940954  .00000994  00000-0  23894-3 0  9996,2 40086 047.0029 226.6283 0016023 189.5012 170.6062 14.52786240 39114
1 40086U 14040A   15099.51467874  .00000583  00000-0  18019-3 0  9991,2 40086 047.0070 222.7574 0015975 191.9946 168.0545 14.52786421 39239
1 40086U 14040A   15100.54627795  .00000588  00000-0  18151-3 0  9999,2 40086 047.0069 217.9269 0016034 196.8637 163.1723 14.52788033 39383
1 40086U 14040A   15101.71542081  .00000862  00000-0  24738-3 0  9996,2 40086 047.0064 212.4519 0016056 202.1570 157.8630 14.52791372 39553
1 40086U 14040A   15102.74701588  .00000964  00000-0  27196-3 0  9993,2 40086 047.0056 207.6214 0016012 206.7468 153.2597 14.52794040 39704
1 40086U 14040A   15104.12247227  .00001161  00000-0  31925-3 0  9997,2 40086 047.0054 201.1811 0016142 212.7030 147.2861 14.52798383 39903
1 40086U 14040A   15105.36038245  .00000850  00000-0  24441-3 0  9991,2 40086 047.0055 195.3860 0016175 217.9662 142.0046 14.52799509 40086
1 40086U 14040A   15106.46074619  .00000731  00000-0  21582-3 0  9999,2 40086 047.0064 190.2341 0016215 223.1719 136.7883 14.52801162 40247
1 40086U 14040A   15107.69865196  .00001103  00000-0  30523-3 0  9992,2 40086 047.0073 184.4378 0016297 228.6438 131.3054 14.52805360 40425
1 40086U 14040A   15109.21164415  .00001120  00000-0  30925-3 0  9993,2 40086 047.0071 177.3521 0016296 235.5254 124.4090 14.52809280 40648
1 40086U 14040A   15110.38077344  .00000850  00000-0  24429-3 0  9998,2 40086 047.0065 171.8769 0016299 241.1308 118.7914 14.52810499 40814
1 40086U 14040A   15111.61867468  .00000827  00000-0  23875-3 0  9997,2 40086 047.0048 166.0842 0016204 246.9535 112.9631 14.52812662 40999
1 40086U 14040A   15112.99411686  .00000891  00000-0  25426-3 0  9991,2 40086 047.0049 159.6434 0016182 253.4997 106.4104 14.52815780 41195
1 40086U 14040A   15114.09446795  .00001015  00000-0  28391-3 0  9996,2 40086 047.0047 154.4900 0016272 257.9349 101.9727 14.52818864 41359
1 40086U 14040A   15115.33236153 -.00000334  00000-0 -40472-4 0  9999,2 40086 047.0048 148.6951 0016460 261.5001 098.3671 14.52813222 41536
1 40086U 14040A   15116.02009382 -.00001580  00000-0 -34046-3 0  9991,2 40086 047.0043 145.4752 0017112 264.5093 095.3771 14.52805526 41631
1 40086U 14040A   15116.50150697 -.00005778  00000-0 -13523-2 0  9999,2 40086 047.0043 143.2218 0016731 268.3252 091.5017 14.52782726 41704
1 40086U 14040A   15117.53312804 -.00005972  00000-0 -13996-2 0  9993,2 40086 047.0045 138.3886 0016603 273.4315 086.4667 14.52771456 41855
1 40086U 14040A   15118.49596004 -.00002718  00000-0 -61479-3 0  9990,2 40086 047.0052 133.8823 0016480 279.4705 080.4457 14.52778054 41993
1 40086U 14040A   15119.18369730 -.00000334  00000-0 -40565-4 0  9997,2 40086 047.0042 130.6590 0016618 280.9988 078.9471 14.52785745 42096
1 40086U 14040A   15120.42160748  .00000553  00000-0  17303-3 0  9998,2 40086 047.0063 124.8629 0016389 285.8722 074.0363 14.52791259 42276
1 40086U 14040A   15120.55917050 -.00001045  00000-0  00000+0 0  9998,2 40086 047.0029 124.2248 0016399 285.5472 074.4101 14.52777665 42290
1 40086U 14040A   15121.45320669  .00000526  00000-0  16643-3 0  9998,2 40086 047.0064 120.0324 0016389 290.6312 069.2807 14.52792645 42422
1 40086U 14040A   15122.48480560  .00000446  00000-0  14722-3 0  9996,2 40086 047.0061 115.2018 0016415 295.0423 064.8756 14.52793582 42578
1 40086U 14040A   15124.06658970  .00000355  00000-0  12532-3 0  9990,2 40086 047.0067 107.7923 0016393 301.9974 057.9324 14.52794896 42807
1 40086U 14040A   15125.16696036  .00000268  00000-0  10441-3 0  9997,2 40086 047.0058 102.6420 0016429 306.4182 053.5178 14.52795510 42964
1 40086U 14040A   15126.33610215  .00000490  00000-0  15790-3 0  9991,2 40086 047.0051 097.1696 0016352 310.8458 049.0991 14.52797898 43134
1 40086U 14040A   15127.71156451  .00000319  00000-0  11663-3 0  9996,2 40086 047.0039 090.7293 0016275 316.9503 043.0102 14.52798426 43332
1 40086U 14040A   15128.88070508  .00000482  00000-0  15575-3 0  9990,2 40086 047.0034 085.2551 0016179 321.8404 038.1351 14.52800698 43506
1 40086U 14040A   15129.98107079  .00000494  00000-0  15884-3 0  9992,2 40086 047.0040 080.1014 0016052 326.7811 033.2035 14.52802332 43666
1 40086U 14040A   15131.28775478  .00000583  00000-0  18008-3 0  9992,2 40086 047.0060 073.9846 0016007 332.6835 027.3191 14.52804882 43853
1 40086U 14040A   15132.86952617  .00000735  00000-0  21671-3 0  9998,2 40086 047.0059 066.5774 0016030 340.4137 019.6072 14.52808306 44080
1 40086U 14040A   15134.10743276  .00001019  00000-0  28508-3 0  9998,2 40086 047.0053 060.7800 0016272 347.2955 012.7493 14.52812422 44266
1 40086U 14040A   15135.20779121  .00001141  00000-0  31433-3 0  9995,2 40086 047.0070 055.6276 0016121 352.0219 008.0443 14.52815817 44427
1 40086U 14040A   15136.30814637  .00001076  00000-0  29868-3 0  9995,2 40086 047.0067 050.4743 0016010 356.8683 003.2109 14.52818292 44582
1 40086U 14040A   15138.16499169  .00001055  00000-0  29374-3 0  9999,2 40086 047.0063 041.7825 0015922 004.9262 355.1770 14.52822827 44859
1 40086U 14040A   15139.19657094  .00000906  00000-0  25784-3 0  9991,2 40086 047.0072 036.9515 0015851 009.8718 350.2476 14.52824595 45003
1 40086U 14040A   15140.77832251  .00000718  00000-0  21257-3 0  9999,2 40086 047.0076 029.5434 0015878 017.1496 342.9900 14.52826996 45231
1 40086U 14040A   15141.80989624  .00000941  00000-0  26624-3 0  9992,2 40086 047.0091 024.7123 0015675 021.9007 338.2552 14.52830598 45386
1 40086U 14040A   15143.04778553  .00000872  00000-0  24971-3 0  9993,2 40086 047.0088 018.9164 0016044 027.6689 332.5035 14.52832606 45567
1 40086U 14040A   15144.07935944  .00000400  00000-0  13612-3 0  9993,2 40086 047.0081 014.0894 0015662 032.5562 327.6284 14.52831692 45719
1 40086U 14040A   15145.17970351  .00000363  00000-0  12733-3 0  9997,2 40086 047.0087 008.9369 0015657 037.6117 322.5866 14.52832726 45876
1 40086U 14040A   15147.03653234  .00000230  00000-0  95301-4 0  9998,2 40086 047.0080 000.2427 0015562 046.3888 313.8293 14.52833704 46141
1 40086U 14040A   15148.06810158  .00000303  00000-0  11288-3 0  9994,2 40086 047.0079 355.4112 0015510 051.1021 309.1231 14.52834925 46293
1 40086U 14040A   15149.58107113  .00000234  00000-0  96084-4 0  9993,2 40086 047.0052 348.3324 0015238 057.6982 302.5375 14.52835628 46516
1 40086U 14040A   15150.81895367  .00000207  00000-0  89581-4 0  9990,2 40086 047.0052 342.5360 0015201 063.6675 296.5767 14.52836322 46696
1 40086U 14040A   15151.98806394  .00000198  00000-0  87474-4 0  9999,2 40086 047.0052 337.0616 0015182 069.1605 291.0903 14.52837097 46862
1 40086U 14040A   15240.15079393  .00000050  00000-0  51824-4 0  9995,2 40086 047.0041 284.2139 0014340 111.6388 248.6025 14.52922390 59687
1 40086U 14040A   15241.18229819  .00000059  00000-0  53855-4 0  9994,2 40086 047.0040 279.3829 0014357 116.5593 243.6763 14.52922940 59839
1 40086U 14040A   15242.48886956  .00000032  00000-0  47478-4 0  9994,2 40086 047.0038 273.2639 0014383 122.7374 237.4898 14.52923446 60028
1 40086U 14040A   15243.52037276  .00000024  00000-0  45571-4 0  9996,2 40086  47.0036 268.4330 0014415 127.6151 232.6043 14.52923880 60170
1 40086U 14040A   15244.55187547  .00000012  00000-0  42660-4 0  9990,2 40086  47.0035 263.6020 0014452 132.4967 227.7140 14.52924276 60322
1 40086U 14040A   15245.51461103 -.00000016 +00000-0 +35887-4 0  9998,2 40086 047.0033 259.0931 0014487 137.0266 223.1752 14.52924500060465
1 40086U 14040A   15246.88994702 -.00000026 +00000-0 +33458-4 0  9998,2 40086 047.0032 252.6517 0014538 143.4857 216.7020 14.52924872060667
1 40086U 14040A   15247.16501410 -.00000020  00000-0  34952-4 0  9994,2 40086  47.0032 251.3633 0014556 144.7768 215.4080 14.52925000 60708
1 40086U 14040A   15248.33404885  .00000014  00000-0  43230-4 0  9993,2 40086  47.0031 245.8883 0014606 150.1985 209.9733 14.52925583 60877
1 40086U 14040A   15249.50308311  .00000033  00000-0  47765-4 0  9998,2 40086  47.0032 240.4131 0014648 155.5630 204.5951 14.52926119 61046
1 40086U 14040A   15251.15348346  .00000062  00000-0  54707-4 0  9990,2 40086  47.0034 232.6835 0014730 163.1516 196.9860 14.52926972 61288
1 40086U 14040A   15252.39128297  .00000054  00000-0  52626-4 0  9997,2 40086  47.0035 226.8866 0014789 168.7940 191.3275 14.52927537 61461
1 40086U 14040A   15253.42278195  .00000072  00000-0  57059-4 0  9990,2 40086  47.0035 222.0557 0014844 173.5146 186.5932 14.52928189 61617
1 40086U 14040A   15253.69784832 +.00000054 +00000-0 +52830-4 0  9991,2 40086 047.0035 220.7675 0014862 174.8058 185.2982 14.52928231061652
1 40086U 14040A   15254.72934684  .00000052  00000-0  52335-4 0  9996,2 40086  47.0036 215.9367 0014928 179.4989 180.5912 14.52928766 61805
1 40086U 14040A   15254.93564650 +.00000046 +00000-0 +50747-4 0  9999,2 40086 047.0036 214.9704 0014944 180.4303 179.6569 14.52928836061837
1 40086U 14040A   15255.89837821  .00000028  00000-0  46546-4 0  9990,2 40086  47.0036 210.4617 0014993 184.7725 175.3017 14.52929197 61977
1 40086U 14040A   15257.20494244  .00000021  00000-0  44752-4 0  9995,2 40086  47.0037 204.3427 0015058 190.5898 169.4670 14.52929694 62161
1 40086U 14040A   15258.30520659  .00000031  00000-0  47203-4 0  9992,2 40086  47.0037 199.1899 0015115 195.5212 164.5210 14.52930215 62329
1 40086U 14040A   15258.85533852 +.00000032 +00000-0 +47343-4 0  9997,2 40086 047.0038 196.6133 0015151 198.0105 162.0243 14.52930435062404
1 40086U 14040A   15260.16190168  .00000040  00000-0  49443-4 0  9995,2 40086  47.0039 190.4944 0015214 203.7811 156.2371 14.52931004 62595
1 40086U 14040A   15261.19339851  .00000066  00000-0  55654-4 0  9992,2 40086  47.0040 185.6636 0015263 208.3377 151.6677 14.52931622 62744
1 40086U 14040A   15262.22489492  .00000124  00000-0  69501-4 0  9995,2 40086  47.0041 180.8330 0015298 212.8829 147.1103 14.52932483 62899
1 40086U 14040A   15262.91255894 +.00000126 +00000-0 +69990-4 0  9992,2 40086 047.0042 177.6124 0015334 215.9159 144.0694 14.52932903062995
1 40086U 14040A   15263.80652174  .00000188  00000-0  84732-4 0  9992,2 40086  47.0042 173.4257 0015367 219.7674 140.2084 14.52933842 63126
1 40086U 14040A   15263.87528812 +.00000164 +00000-0 +78986-4 0  9998,2 40086 047.0042 173.1037 0015370 220.0597 139.9154 14.52933763063138
1 40086U 14040A   15264.83801706  .00000153  00000-0  76388-4 0  9993,2 40086  47.0041 168.5950 0015403 224.2637 135.7015 14.52934378 63275
1 40086U 14040A   15264.90678340 +.00000152 +00000-0 +76308-4 0  9998,2 40086 047.0041 168.2729 0015407 224.5623 135.4022 14.52934425063287
1 40086U 14040A   15266.14457736  .00000154  00000-0  76691-4 0  9997,2 40086  47.0040 162.4761 0015445 229.9880 129.9648 14.52935267 63461
1 40086U 14040A   15267.17607184  .00000170  00000-0  80546-4 0  9997,2 40086  47.0039 157.6452 0015488 234.4831 125.4609 14.52936076 63610
1 40086U 14040A   15267.86373472 +.00000157 +00000-0 +77453-4 0  9991,2 40086 047.0038 154.4246 0015499 237.4512 122.4875 14.52936483063711
1 40086U 14040A   15268.82646240  .00000197  00000-0  86901-4 0  9996,2 40086  47.0038 149.9158 0015523 241.6215 118.3104 14.52937352 63857
1 40086U 14040A   15268.89522868 +.00000195 +00000-0 +86405-4 0  9999,2 40086 047.0038 149.5937 0015525 241.9083 118.0231 14.52937379063864
1 40086U 14040A   15269.85795616  .00000176  00000-0  82038-4 0  9996,2 40086  47.0037 145.0848 0015545 246.0545 113.8711 14.52937920 64001
1 40086U 14040A   15271.09574845  .00000166  00000-0  79580-4 0  9991,2 40086  47.0037 139.2878 0015567 251.4339 108.4854 14.52938616 64184
1 40086U 14040A   15271.85217688 +.00000170 +00000-0 +80547-4 0  9994,2 40086 047.0037 135.7451 0015579 254.6697 105.2465 14.52939093064292
1 40086U 14040A   15272.81490374  .00000146  00000-0  74875-4 0  9996,2 40086  47.0037 131.2362 0015587 258.7911 101.1220 14.52939570 64437
1 40086U 14040A   15272.88366998 +.00000144 +00000-0 +74281-4 0  9996,2 40086 047.0037 130.9142 0015588 259.0961 100.8168 14.52939584064442
1 40086U 14040A   15273.84639664  .00000149  00000-0  75412-4 0  9998,2 40086  47.0037 126.4053 0015593 263.2348  96.6761 14.52940212 64581
1 40086U 14040A   15275.01542149  .00000173  00000-0  81211-4 0  9991,2 40086  47.0036 120.9303 0015593 268.2663  91.6435 14.52941089 64757
1 40086U 14040A   15276.04691367  .00000178  00000-0  82418-4 0  9997,2 40086  47.0036 116.0992 0015589 272.6773  87.2326 14.52941798 64907
1 40086U 14040A   15276.94087335 +.00000178 +00000-0 +82546-4 0  9992,2 40086 047.0035 111.9123 0015582 276.5032 083.4078 14.52942392065038
1 40086U 14040A   15277.55976835  .00000171  00000-0  80732-4 0  9990,2 40086  47.0035 109.0136 0015579 279.1595  80.7526 14.52942769 65125
1 40086U 14040A   15277.90359894 +.00000152 +00000-0 +76214-4 0  9998,2 40086 047.0035 107.4033 0015573 280.6500 079.2629 14.52942875065170
1 40086U 14040A   15278.86632432  .00000133  00000-0  71562-4 0  9996,2 40086  47.0035 102.8943 0015554 284.7809  75.1350 14.52943398 65318
1 40086U 14040A   15278.93509039 +.00000133 +00000-0 +71722-4 0  9998,2 40086 047.0035 102.5722 0015554 285.0772 074.8390 14.52943450065323
1 40086U 14040A   15279.96658162  .00000110  00000-0  66106-4 0  9999,2 40086  47.0035  97.7411 0015530 289.4848  70.4358 14.52943996 65476
1 40086U 14040A   15280.99807232  .00000151  00000-0  75988-4 0  9991,2 40086  47.0037  92.9101 0015507 293.9583  65.9676 14.52944956 65627
1 40086U 14040A   15281.89203066 +.00000156 +00000-0 +77240-4 0  9994,2 40086 047.0038 088.7232 0015482 297.8058 062.1256 14.52945635065750
1 40086U 14040A   15282.51092485  .00000128  00000-0  70518-4 0  9995,2 40086  47.0038  85.8245 0015465 300.4578  59.4778 14.52945912 65847
1 40086U 14040A   15282.85475498 +.00000113 +00000-0 +66811-4 0  9996,2 40086 047.0039 084.2143 0015451 301.9673 057.9708 14.52946055065895
1 40086U 14040A   15283.81747909  .00000090  00000-0  61265-4 0  9994,2 40086  47.0041  79.7054 0015420 306.1328  53.8128 14.52946553 66039
1 40086U 14040A   15283.88624508 +.00000093 +00000-0 +62149-4 0  9995,2 40086 047.0041 079.3834 0015419 306.4375 053.5087 14.52946622066043
1 40086U 14040A   15284.84896889  .00000100  00000-0  63650-4 0  9992,2 40086  47.0042  74.8745 0015382 310.6108  49.3436 14.52947267 66187
1 40086U 14040A   15285.88045842  .00000099  00000-0  63523-4 0  9998,2 40086  47.0043  70.0436 0015344 315.1052  44.8589 14.52947920 66331
1 40086U 14040A   15286.91194779  .00000099  00000-0  63613-4 0  9997,2 40086  47.0045  65.2127 0015301 319.6720  40.3027 14.52948530 66482
1 40086U 14040A   15288.14973443  .00000150  00000-0  75758-4 0  9998,2 40086  47.0047  59.4155 0015250 325.1328  34.8555 14.52949555 66661
1 40086U 14040A   15289.52505246  .00000198  00000-0  87153-4 0  9997,2 40086  47.0048  52.9742 0015181 331.1603  28.8440 14.52950616 66866
1 40086U 14040A   15289.80011599 +.00000193 +00000-0 +86193-4 0  9999,2 40086 047.0048 051.6861 0015166 332.3630 027.6446 14.52950761066909
1 40086U 14040A   15290.76283800  .00000207  00000-0  89394-4 0  9994,2 40086  47.0050  47.1772 0015122 336.5982  23.4212 14.52951460 67049
1 40086U 14040A   15291.79432507  .00000257  00000-0  10151-3 0  9997,2 40086  47.0052  42.3464 0015074 341.1792  18.8532 14.52952576 67191
1 40086U 14040A   15293.16964005  .00000344  00000-0  12231-3 0  9991,2 40086  47.0054  35.9054 0015004 347.2688  12.7814 14.52954273 67394
1 40086U 14040A   15294.40742213  .00000399  00000-0  13542-3 0  9990,2 40086  47.0055  30.1084 0014934 352.7784   7.2883 14.52955879 67572
1 40086U 14040A   15294.68248467 +.00000400 +00000-0 +13572-3 0  9998,2 40086 047.0054 028.8203 0014923 354.0452 006.0252 14.52956194067616
1 40086U 14040A   15295.71396821  .00000443  00000-0  14600-3 0  9991,2 40086  47.0055  23.9895 0014865 358.6871   1.3971 14.52957728 67766
1 40086U 14040A   15297.22680879  .00000574  00000-0  17742-3 0  9993,2 40086  47.0054  16.9041 0014777   5.5419 354.5626 14.52960463 67982
1 40086U 14040A   15298.32705505  .00000527  00000-0  16629-3 0  9990,2 40086  47.0054  11.7512 0014706  10.5828 349.5362 14.52961794 68148
1 40086U 14040A   15299.42730035  .00000431  00000-0  14317-3 0  9994,2 40086  47.0054   6.5981 0014642  15.5910 344.5421 14.52962753 68301
1 40086U 14040A   15300.52754458  .00000399  00000-0  13543-3 0  9996,2 40086  47.0053   1.4452 0014587  20.6176 339.5293 14.52964008 68469
1 40086U 14040A   15301.55902266  .00000364  00000-0  12717-3 0  9996,2 40086  47.0054 356.6143 0014537  25.3521 334.8073 14.52965098 68614
1 40086U 14040A   15302.59050002  .00000350  00000-0  12385-3 0  9999,2 40086  47.0054 351.7835 0014493  30.0632 330.1081 14.52966163 68763
1 40086U 14040A   15304.17209684  .00000346  00000-0  12275-3 0  9990,2 40086  47.0053 344.3761 0014415  37.3752 322.8132 14.52967815 68990
1 40086U 14040A   15305.47863254  .00000372  00000-0  12903-3 0  9990,2 40086  47.0052 338.2571 0014370  43.4458 316.7556 14.52969063 69182
1 40086U 14040A   15306.51010703  .00000385  00000-0  13222-3 0  9998,2 40086  47.0050 333.4261 0014327  48.2896 311.9211 14.52970007 69336
1 40086U 14040A   15307.54158077  .00000313  00000-0  11484-3 0  9998,2 40086  47.0049 328.5952 0014297  53.0828 307.1363 14.52970494 69482
1 40086U 14040A   15309.19193717  .00000274  00000-0  10549-3 0  9998,2 40086  47.0048 320.8653 0014247  60.8722 299.3586 14.52971623 69729
1 40086U 14040A   15310.42970342  .00000222  00000-0  92963-4 0  9997,2 40086  47.0047 315.0680 0014229  66.7072 293.5307 14.52972272 69905
1 40086U 14040A   15310.91105662 +.00000205 +00000-0 +88914-4 0  9998,2 40086 047.0047 312.8135 0014217 068.9482 291.2920 14.52972549069971
1 40086U 14040A   15311.80499747  .00000248  00000-0  99352-4 0  9992,2 40086  47.0048 308.6266 0014203  73.1865 287.0575 14.52973589 70109
1 40086U 14040A   15311.87376214 +.00000238 +00000-0 +96904-4 0  9991,2 40086 047.0047 308.3045 0014201 073.5104 286.7338 14.52973584070117
1 40086U 14040A   15312.83646706  .00000221  00000-0  92820-4 0  9999,2 40086  47.0047 303.7955 0014188  78.1230 282.1244 14.52974331 70253
1 40086U 14040A   15312.90523159 +.00000224 +00000-0 +93506-4 0  9998,2 40086 047.0047 303.4734 0014186 078.4611 281.7865 14.52974426070269
1 40086U 14040A   15314.34928708  .00000289  00000-0  10911-3 0  9996,2 40086  47.0047 296.7100 0014180  85.3822 274.8681 14.52976185 70471
1 40086U 14040A   15315.38075430  .00000311  00000-0  11440-3 0  9990,2 40086  47.0047 291.8790 0014185  90.2421 270.0088 14.52977273 70622
1 40086U 14040A   15315.93086982 +.00000288 +00000-0 +10879-3 0  9993,2 40086 047.0046 289.3024 0014183 092.8511 267.3995 14.52977650070703
1 40086U 14040A   15316.82480706  .00000280  00000-0  10698-3 0  9995,2 40086  47.0046 285.1156 0014196  97.0363 263.2136 14.52978442 70835
1 40086U 14040A   15316.96233581 +.00000222 +00000-0 +92942-4 0  9996,2 40086 047.0046 284.4714 0014202 097.6951 262.5546 14.52978253070853
1 40086U 14040A   15318.13132928  .00000263  00000-0  10287-3 0  9996,2 40086  47.0046 278.9963 0014218 103.2584 256.9886 14.52979603 71024
1 40086U 14040A   15319.16279315  .00000254  00000-0  10063-3 0  9994,2 40086  47.0045 274.1652 0014237 108.1684 252.0750 14.52980516 71170
1 40086U 14040A   15320.33178402  .00000345  00000-0  12244-3 0  9994,2 40086  47.0045 268.6901 0014270 113.6416 246.5966 14.52982264 71344
1 40086U 14040A   15320.67560465 +.00000339 +00000-0 +12096-3 0  9993,2 40086 047.0046 267.0797 0014271 115.2812 244.9552 14.52982591071391
1 40086U 14040A   15322.05088567  .00000413  00000-0  13872-3 0  9991,2 40086  47.0046 260.6383 0014318 121.7926 238.4354 14.52984580 71591
1 40086U 14040A   15323.15110886  .00000426  00000-0  14195-3 0  9996,2 40086  47.0046 255.4853 0014363 126.9433 233.2768 14.52986086 71758
1 40086U 14040A   15324.18256705  .00000375  00000-0  12972-3 0  9995,2 40086  47.0045 250.6544 0014407 131.7500 228.4618 14.52987158 71907
1 40086U 14040A   15325.21402405  .00000363  00000-0  12675-3 0  9997,2 40086  47.0044 245.8234 0014450 136.5688 223.6337 14.52988468 72053
1 40086U 14040A   15326.24547993  .00000403  00000-0  13639-3 0  9999,2 40086  47.0042 240.9924 0014499 141.4208 218.7714 14.52990042 72201
1 40086U 14040A   15326.86435307 +.00000382 +00000-0 +13131-3 0  9995,2 40086 047.0041 238.0937 0014530 144.2834 215.9024 14.52990700072297
1 40086U 14040A   15327.82704406 +.00000369 +00000-0 +12819-3 0  9998,2 40086 047.0040 233.5847 0014581 148.7739 211.4014 14.52991728072432
1 40086U 14040A   15328.78973439 +.00000341 +00000-0 +12146-3 0  9991,2 40086 047.0038 229.0756 0014633 153.2731 206.8909 14.52992586072578
1 40086U 14040A   15330.16500550  .00000225  00000-0  93644-4 0  9990,2 40086  47.0037 222.6343 0014713 159.5666 200.5808 14.52993220 72770
1 40086U 14040A   15331.19645808  .00000217  00000-0  91689-4 0  9998,2 40086  47.0036 217.8032 0014774 164.3042 195.8302 14.52994013 72922
1 40086U 14040A   15331.88409277 +.00000174 +00000-0 +81356-4 0  9994,2 40086 047.0036 214.5823 0014823 167.4572 192.6683 14.52994318073028
1 40086U 14040A   15332.84678103  .00000153  00000-0  76414-4 0  9993,2 40086  47.0035 210.0734 0014877 171.8308 188.2820 14.52994915 73166
1 40086U 14040A   15332.91554447 +.00000150 +00000-0 +75625-4 0  9995,2 40086 047.0035 209.7513 0014883 172.1470 187.9649 14.52994940073171
1 40086U 14040A   15334.15328594  .00000121  00000-0  68658-4 0  9991,2 40086  47.0034 203.9541 0014958 177.7292 182.3662 14.52995590 73359
1 40086U 14040A   15334.70339284 +.00000167 +00000-0 +79747-4 0  9991,2 40086 047.0033 201.3774 0014997 180.2413 179.8465 14.52996226073433
1 40086U 14040A   15335.80360669  .00000121  00000-0  68625-4 0  9997,2 40086  47.0031 196.2243 0015065 185.1787 174.8943 14.52996652 73595
1 40086U 14040A   15335.87237004 +.00000121 +00000-0 +68777-4 0  9998,2 40086 047.0031 195.9023 0015068 185.4953 174.5767 14.52996690073603
1 40086U 14040A   15336.83505663  .00000103  00000-0  64395-4 0  9996,2 40086  47.0029 191.3932 0015131 189.8235 170.2354 14.52997169 73743
1 40086U 14040A   15336.90381996 +.00000103 +00000-0 +64325-4 0  9998,2 40086 047.0029 191.0711 0015134 190.1288 169.9292 14.52997200073754
1 40086U 14040A   15338.00403278  .00000094  00000-0  62334-4 0  9996,2 40086  47.0028 185.9179 0015193 195.0301 165.0132 14.52997802 73914
1 40086U 14040A   15339.03548183  .00000102  00000-0  64173-4 0  9998,2 40086  47.0027 181.0866 0015251 199.6529 160.3769 14.52998449 74069
1 40086U 14040A   15340.54827284  .00000205  00000-0  88785-4 0  9997,2 40086  47.0026 174.0007 0015335 206.4215 153.5887 14.52999944 74289
1 40086U 14040A   15340.96085181 +.00000254 +00000-0 +10058-3 0  9996,2 40086 047.0026 172.0682 0015354 208.2312 151.7740 14.53000563074341
1 40086U 14040A   15341.78600979  .00000275  00000-0  10566-3 0  9992,2 40086  47.0027 168.2031 0015408 211.8977 148.0974 14.53001299 74462
1 40086U 14040A   15341.92353604 +.00000281 +00000-0 +10704-3 0  9999,2 40086 047.0027 167.5590 0015412 212.4960 147.4975 14.53001459074482
1 40086U 14040A   15342.81745671  .00000297  00000-0  11088-3 0  9990,2 40086  47.0028 163.3719 0015466 216.4477 143.5354 14.53002275 74616
1 40086U 14040A   15342.88621983 +.00000243 +00000-0 +97855-4 0  9994,2 40086 047.0028 163.0498 0015468 216.7414 143.2410 14.53002050074625
1 40086U 14040A   15343.84890307  .00000320  00000-0  11629-3 0  9999,2 40086  47.0028 158.5406 0015527 220.9700 139.0018 14.53003306 74761
1 40086U 14040A   15343.91766613 +.00000257 +00000-0 +10137-3 0  9991,2 40086 047.0028 158.2185 0015527 221.2695 138.7016 14.53003044074773
1 40086U 14040A   15344.94911173  .00000279  00000-0  10649-3 0  9990,2 40086  47.0029 153.3873 0015577 225.8111 134.1493 14.53004182 74922
1 40086U 14040A   15346.46189723  .00000374  00000-0  12940-3 0  9999,2 40086  47.0030 146.3013 0015633 232.4624 127.4839 14.53006320 75148
1 40086U 14040A   15347.49334112  .00000354  00000-0  12444-3 0  9994,2 40086  47.0031 141.4701 0015686 236.9594 122.9783 14.53007356 75296
1 40086U 14040A   15347.83715573 +.00000357 +00000-0 +12528-3 0  9992,2 40086 047.0031 139.8598 0015709 238.4504 121.4846 14.53007715075344
1 40086U 14040A   15348.79983621  .00000384  00000-0  13167-3 0  9999,2 40086  47.0033 135.3505 0015735 242.6622 117.2660 14.53008848 75482
1 40086U 14040A   15348.86859885 +.00000419 +00000-0 +14011-3 0  9999,2 40086 047.0033 135.0285 0015736 242.9685 116.9593 14.53009184075493
1 40086U 14040A   15349.83127838  .00000447  00000-0  14676-3 0  9991,2 40086  47.0034 130.5192 0015768 247.1691 112.7527 14.53010444 75638
1 40086U 14040A   15350.86272044  .00000335  00000-0  11992-3 0  9990,2 40086  47.0035 125.6880 0015806 251.6812 108.2352 14.53010976 75788
1 40086U 14040A   15352.16921284  .00000315  00000-0  11505-3 0  9990,2 40086  47.0039 119.5685 0015843 257.3834 102.5278 14.53012282 75972
1 40086U 14040A   15353.47570450  .00000369  00000-0  12821-3 0  9991,2 40086  47.0041 113.4491 0015851 263.0449  96.8631 14.53013938 76167
1 40086U 14040A   15354.50714452  .00000318  00000-0  11587-3 0  9990,2 40086  47.0042 108.6180 0015871 267.5249  92.3818 14.53014793 76313
1 40086U 14040A   15354.64466980 +.00000298 +00000-0 +11109-3 0  9992,2 40086 047.0043 107.9740 0015872 268.1322 091.7744 14.53014841076335
1 40086U 14040A   15355.67610850  .00000401  00000-0  13566-3 0  9998,2 40086  47.0044 103.1429 0015875 272.5995  87.3071 14.53016709 76481
1 40086U 14040A   15356.70754693  .00000364  00000-0  12695-3 0  9997,2 40086  47.0045  98.3118 0015889 277.0501  82.8575 14.53017720 76630
1 40086U 14040A   15357.73898487  .00000327  00000-0  11799-3 0  9994,2 40086  47.0046  93.4807 0015893 281.5313  78.3786 14.53018717 76785
1 40086U 14040A   15359.45804623  .00000367  00000-0  12766-3 0  9993,2 40086  47.0047  85.4286 0015891 288.9802  70.9359 14.53021040 77036
1 40086U 14040A   15360.48948243  .00000320  00000-0  11637-3 0  9990,2 40086  47.0048  80.5975 0015878 293.4754  66.4460 14.53021992 77185
1 40086U 14040A   15360.69576962 +.00000297 +00000-0 +11079-3 0  9991,2 40086 047.0048 079.6314 0015867 294.3792 065.5435 14.53022102077211
1 40086U 14040A   15361.65844278  .00000294  00000-0  11021-3 0  9990,2 40086  47.0050  75.1223 0015849 298.5665  61.3623 14.53023136 77355
1 40086U 14040A   15362.68987793  .00000257  00000-0  10128-3 0  9990,2 40086  47.0051  70.2912 0015834 303.0687  56.8676 14.53023959 77504
1 40086U 14040A   15364.20264876  .00000200  00000-0  87562-4 0  9995,2 40086  47.0052  63.2056 0015805 309.6866  50.2623 14.53025065 77729
1 40086U 14040A   15365.50913196  .00000281  00000-0  10714-3 0  9998,2 40086  47.0053  57.0863 0015763 315.4414  44.5201 14.53026631 77913
1 40086U 14040A   15365.57789421 +.00000284 +00000-0 +10784-3 0  9997,2 40086 047.0052 056.7643 0015758 315.7480 044.2143 14.53026709077923
1 40086U 14040A   16001.60932758  .00000237  00000-0  96383-4 0  9990,2 40086  47.0052  51.9331 0015726 320.2943  39.6789 14.53027390 78072
1 40086U 14040A   16003.12209594  .00000179  00000-0  82647-4 0  9997,2 40086  47.0052  44.8473 0015680 326.9809  33.0094 14.53028315 78292
1 40086U 14040A   16004.15352832  .00000169  00000-0  80243-4 0  9994,2 40086  47.0052  40.0161 0015633 331.5610  28.4419 14.53029105 78448
1 40086U 14040A   16005.18496039  .00000163  00000-0  78780-4 0  9993,2 40086  47.0052  35.1848 0015593 336.1576  23.8583 14.53029859 78595
1 40086U 14040A   16006.21639227  .00000123  00000-0  69132-4 0  9993,2 40086  47.0052  30.3535 0015549 340.7637  19.2658 14.53030318 78746
1 40086U 14040A   16007.38534784  .00000131  00000-0  71043-4 0  9997,2 40086  47.0052  24.8781 0015483 346.0140  14.0313 14.53031119 78912
1 40086U 14040A   16007.52287206 +.00000123 +00000-0 +69217-4 0  9998,2 40086 047.0052 024.2340 0015499 346.6526 013.3945 14.53031151078939
1 40086U 14040A   16008.82935123  .00000105  00000-0  64947-4 0  9995,2 40086  47.0053  18.1144 0015440 352.5252   7.5400 14.53031820 79128
1 40086U 14040A   16010.06706764  .00000101  00000-0  63939-4 0  9997,2 40086  47.0053  12.3169 0015369 358.1343   1.9481 14.53032535 79305
1 40086U 14040A   16011.16725940  .00000106  00000-0  65093-4 0  9994,2 40086  47.0054   7.1636 0015315   3.1587 356.9390 14.53033268 79468
1 40086U 14040A   16012.47373621  .00000214  00000-0  91109-4 0  9991,2 40086  47.0053   1.0440 0015253   9.1508 350.9651 14.53034740 79654
1 40086U 14040A   16012.95506973 +.00000175 +00000-0 +81629-4 0  9994,2 40086 047.0053 358.7893 0015231 011.3424 348.7800 14.53034796079726
1 40086U 14040A   16014.12402147  .00000179  00000-0  82669-4 0  9992,2 40086  47.0053 353.3138 0015152  16.7337 343.4044 14.53035711 79891
1 40086U 14040A   16015.15544891  .00000171  00000-0  80727-4 0  9994,2 40086  47.0054 348.4826 0015102  21.5074 338.6441 14.53036418 80049
1 40086U 14040A   16015.43049613 +.00000176 +00000-0 +81952-4 0  9993,2 40086 047.0053 347.1943 0015095 022.7912 337.3639 14.53036651080087
1 40086U 14040A   16016.39316112  .00000176  00000-0  82003-4 0  9998,2 40086  47.0054 342.6851 0015057  27.2625 332.9046 14.53037331 80220
1 40086U 14040A   16017.83715745  .00000196  00000-0  86816-4 0  9991,2 40086  47.0054 335.9213 0014992  33.9721 326.2120 14.53038494 80438
1 40086U 14040A   16017.90591915 +.00000160 +00000-0 +78162-4 0  9996,2 40086 047.0054 335.5992 0014985 034.2994 325.8854 14.53038357080444
1 40086U 14040A   16018.86858277  .00000183  00000-0  83570-4 0  9993,2 40086  47.0054 331.0901 0014956  38.8084 321.3871 14.53039126 80583
1 40086U 14040A   16018.93734437 +.00000158 +00000-0 +77665-4 0  9992,2 40086 047.0054 330.7680 0014952 039.1403 321.0560 14.53039068080596
1 40086U 14040A   16020.17504334  .00000150  00000-0  75663-4 0  9990,2 40086  47.0053 324.9706 0014811  44.8372 315.3705 14.53064504 80771
1 40086U 14040A   16021.20644938  .00000158  00000-0  77610-4 0  9992,2 40086  47.0053 320.1394 0014785  49.6914 310.5259 14.53065597 80928
1 40086U 14040A   16021.82531407  .00002841  00000-0  67899-3 0  9994,2 40086  47.0042 317.2416 0014458  54.9403 305.3316 14.53054069 81016
1 40086U 14040A   16022.23785432  .00000258  00000-0  10144-3 0  9990,2 40086  47.0052 315.3081 0014752  54.5737 305.6522 14.53066671 81077
1 40086U 14040A   16022.85669696 +.00000258 +00000-0 +10157-3 0  9995,2 40086 047.0051 312.4092 0014730 057.4888 302.7417 14.53067223081166
1 40086U 14040A   16024.16314177  .00000240  00000-0  97302-4 0  9991,2 40086  47.0050 306.2896 0014715  63.7226 296.5167 14.53068215 81352
1 40086U 14040A   16025.19454466  .00000219  00000-0  92067-4 0  9990,2 40086  47.0048 301.4583 0014701  68.6293 291.6158 14.53068978 81501
1 40086U 14040A   16025.88214619 +.00000150 +00000-0 +75766-4 0  9991,2 40086 047.0048 298.2372 0014692 071.9155 288.3328 14.53069185081607
1 40086U 14040A   16026.84478781  .00000157  00000-0  77299-4 0  9990,2 40086  47.0047 293.7279 0014691  76.5049 283.7470 14.53069971 81749
1 40086U 14040A   16026.91354797 +.00000134 +00000-0 +71750-4 0  9999,2 40086 047.0047 293.4059 0014690 076.8353 283.4169 14.53069876081759
1 40086U 14040A   16028.15122942  .00000083  00000-0  59550-4 0  9999,2 40086  47.0045 287.6084 0014693  82.7765 277.4788 14.53070372 81939
1 40086U 14040A   16028.90758983 +.00000078 +00000-0 +58398-4 0  9995,2 40086 047.0044 284.0653 0014687 086.3658 273.8905 14.53070781082043
1 40086U 14040A   16029.80146994  .00000075  00000-0  57747-4 0  9992,2 40086  47.0042 279.8781 0014697  90.6343 269.6224 14.53071256 82174
1 40086U 14040A   16029.87022999 +.00000065 +00000-0 +55321-4 0  9992,2 40086 047.0042 279.5561 0014697 090.9639 269.2929 14.53071218082185
1 40086U 14040A   16030.83286970  .00000066  00000-0  55578-4 0  9996,2 40086  47.0040 275.0468 0014715  95.5767 264.6795 14.53071678 82320
1 40086U 14040A   16030.90162966 +.00000056 +00000-0 +53070-4 0  9996,2 40086 047.0040 274.7248 0014714 095.9014 264.3547 14.53071649082331
1 40086U 14040A   16032.13930843  .00000083  00000-0  59593-4 0  9996,2 40086  47.0037 268.9271 0014736 101.8261 258.4276 14.53072369 82516
1 40086U 14040A   16032.89566721 +.00000084 +00000-0 +59744-4 0  9998,2 40086 047.0036 265.3840 0014749 105.4478 254.8035 14.53072739082628
1 40086U 14040A   16033.78954542  .00000102  00000-0  64059-4 0  9995,2 40086  47.0034 261.1966 0014770 109.7004 250.5474 14.53073249 82756
1 40086U 14040A   16034.82094267  .00000111  00000-0  66190-4 0  9998,2 40086  47.0033 256.3650 0014798 114.6141 245.6286 14.53073812 82907
1 40086U 14040A   16034.88970253 +.00000087 +00000-0 +60502-4 0  9995,2 40086 047.0033 256.0429 0014801 114.9386 245.3037 14.53073699082912
1 40086U 14040A   16036.05861852  .00000109  00000-0  65773-4 0  9990,2 40086  47.0031 250.5671 0014845 120.4730 239.7621 14.53074485 83080
1 40086U 14040A   16037.57133177  .00000159  00000-0  77890-4 0  9998,2 40086  47.0030 243.4806 0014891 127.6511 232.5726 14.53075733 83306
1 40086U 14040A   16037.91512989 +.00000163 +00000-0 +78825-4 0  9992,2 40086 047.0030 241.8701 0014904 129.2789 230.9418 14.53076035083353
1 40086U 14040A   16038.67148548  .00000222  00000-0  92782-4 0  9996,2 40086  47.0030 238.3268 0014937 132.8893 227.3247 14.53076976 83460
1 40086U 14040A   16039.90915720  .00000258  00000-0  10139-3 0  9991,2 40086  47.0029 232.5290 0014987 138.6866 221.5153 14.53078281 83641
1 40086U 14040A   16040.94054937  .00000309  00000-0  11361-3 0  9996,2 40086  47.0028 227.6973 0015038 143.5462 216.6448 14.53079526 83799
1 40086U 14040A   16041.97194057  .00000273  00000-0  10497-3 0  9997,2 40086  47.0027 222.8656 0015096 148.4233 211.7559 14.53080365 83946
1 40086U 14040A   16043.48464559  .00000399  00000-0  13519-3 0  9999,2 40086  47.0027 215.7791 0015164 155.5220 204.6387 14.53082714 84163
1 40086U 14040A   16044.51606199  .00000383  00000-0  13141-3 0  9996,2 40086  47.0028 210.9474 0014965 160.5817 199.5639 14.53018732 84313
1 40086U 14040A   16044.85987343 +.00000372 +00000-0 +12884-3 0  9997,2 40086 047.0028 209.3370 0014966 162.2777 197.8631 14.53019006084368
1 40086U 14040A   16045.82254502  .00000365  00000-0  12722-3 0  9992,2 40086  47.0029 204.8277 0015018 166.6809 193.4473 14.53020409 84509
1 40086U 14040A   16045.89130723 +.00000336 +00000-0 +12016-3 0  9991,2 40086 047.0030 204.5057 0015018 166.9827 193.1447 14.53020367084519
1 40086U 14040A   16046.85397802  .00000386  00000-0  13221-3 0  9995,2 40086  47.0031 199.9963 0015080 171.4231 188.6912 14.53021416 84659
1 40086U 14040A   16047.88540971  .00000468  00000-0  15173-3 0  9995,2 40086  47.0033 195.1650 0015144 176.2441 183.8559 14.53023215 84809
1 40086U 14040A   16049.39817545  .00000400  00000-0  13543-3 0  9992,2 40086  47.0035 188.0791 0015221 183.0839 176.9953 14.53024511 85027
1 40086U 14040A   16049.60448534 -.00004965  00000-0  00000+0 0  9995,2 40086  47.0055 187.1167 0015678 185.2641 174.8570 14.52996664 85058
1 40086U 14040A   16050.49836783  .00000325  00000-0  11748-3 0  9991,2 40086  47.0036 182.9259 0015295 188.1291 171.9347 14.53025242 85180
1 40086U 14040A   16051.80484541  .00000204  00000-0  88520-4 0  9997,2 40086  47.0037 176.8064 0015373 194.0415 166.0042 14.53025850 85371
1 40086U 14040A   16053.11132216  .00000136  00000-0  72250-4 0  9999,2 40086  47.0038 170.6869 0015458 199.9601 160.0679 14.53026603 85560
1 40086U 14040A   16054.14275067  .00000132  00000-0  71357-4 0  9998,2 40086  47.0038 165.8557 0015512 204.6176 155.3968 14.53027388 85718
1 40086U 14040A   16055.44922610  .00000183  00000-0  83537-4 0  9994,2 40086  47.0039 159.7361 0015602 210.4862 149.5115 14.53028597 85904
1 40086U 14040A   16055.58674993 +.00000168 +00000-0 +79882-4 0  9998,2 40086 047.0039 159.0920 0015605 211.0760 148.9201 14.53028571085928
1 40086U 14040A   16056.61817743  .00000202  00000-0  87981-4 0  9993,2 40086  47.0040 154.2608 0015663 215.6530 144.3308 14.53029462 86074
1 40086U 14040A   16057.64960462  .00000176  00000-0  81773-4 0  9997,2 40086  47.0040 149.4296 0015720 220.2349 139.7371 14.53030032 86227
1 40086U 14040A   16058.68103130  .00000209  00000-0  89723-4 0  9993,2 40086  47.0041 144.5985 0015769 224.8232 135.1378 14.53030970 86377
1 40086U 14040A   16060.19378976  .00000155  00000-0  76894-4 0  9999,2 40086  47.0041 137.5127 0015843 231.5163 128.4300 14.53031813 86599
1 40086U 14040A   16060.60636029 +.00000164 +00000-0 +78876-4 0  9993,2 40086 047.0041 135.5804 0015857 233.3168 126.6259 14.53032123086654
1 40086U 14040A   16061.22521568  .00000141  00000-0  73448-4 0  9998,2 40086  47.0041 132.6815 0015885 236.0517 123.8857 14.53032474 86745
1 40086U 14040A   16062.46292632  .00000203  00000-0  88335-4 0  9992,2 40086  47.0040 126.8841 0015930 241.4688 118.4592 14.53033666 86928
1 40086U 14040A   16062.60044986 +.00000179 +00000-0 +82613-4 0  9990,2 40086 047.0040 126.2400 0015932 242.0969 117.8301 14.53033589086941
1 40086U 14040A   16063.63187506  .00000163  00000-0  78819-4 0  9996,2 40086  47.0039 121.4087 0015966 246.6420 113.2784 14.53034202 87091
1 40086U 14040A   16065.14463176  .00000184  00000-0  83730-4 0  9995,2 40086  47.0039 114.3226 0016006 253.2673 106.6454 14.53035216 87318
1 40086U 14040A   16066.17605658  .00000148  00000-0  75145-4 0  9993,2 40086  47.0038 109.4912 0016020 257.7546 102.1543 14.53035637 87461
1 40086U 14040A   16067.48252737  .00000200  00000-0  87583-4 0  9992,2 40086  47.0039 103.3715 0016031 263.4881  96.4178 14.53036788 87652
1 40086U 14040A   16067.55128902 +.00000197 +00000-0 +86833-4 0  9998,2 40086 047.0039 103.0494 0016031 263.7903 096.1154 14.53036806087664
1 40086U 14040A   16069.13280564  .00000144  00000-0  74288-4 0  9990,2 40086  47.0040  95.6412 0016043 270.6807  89.2238 14.53037614 87894
1 40086U 14040A   16070.43927540  .00000146  00000-0  74599-4 0  9994,2 40086  47.0040  89.5215 0016031 276.3640  83.5418 14.53038564 88086
1 40086U 14040A   16071.47069856  .00000148  00000-0  75065-4 0  9997,2 40086  47.0040  84.6901 0016024 280.8892  79.0189 14.53039315 88232
1 40086U 14040A   16072.50212122  .00000171  00000-0  80620-4 0  9997,2 40086  47.0040  79.8586 0016010 285.3804  74.5310 14.53040249 88385
1 40086U 14040A   16074.15239739  .00000110  00000-0  66125-4 0  9990,2 40086  47.0042  72.1282 0015979 292.6004  67.3189 14.53041015 88625
1 40086U 14040A   16075.18381956  .00000189  00000-0  84917-4 0  9998,2 40086  47.0043  67.2967 0015955 297.1314  62.7942 14.53042096 88771
1 40086U 14040A   16076.42152580  .00000207  00000-0  89257-4 0  9998,2 40086  47.0044  61.4991 0015916 302.5803  57.3543 14.53043018 88958
1 40086U 14040A   16076.76533309 +.00000185 +00000-0 +83948-4 0  9993,2 40086 047.0045 059.8886 0015911 304.0624 055.8749 14.53043102089008
1 40086U 14040A   16078.20932315  .00000167  00000-0  79698-4 0  9991,2 40086  47.0048  53.1247 0015855 310.3980  49.5519 14.53043932 89210
1 40086U 14040A   16079.37826705  .00000144  00000-0  74311-4 0  9997,2 40086  47.0050  47.6492 0015808 315.5606  44.4008 14.53044586 89384
1 40086U 14040A   16080.40968791  .00000129  00000-0  70653-4 0  9993,2 40086  47.0051  42.8180 0015765 320.1560  39.8165 14.53045156 89532
1 40086U 14040A   16081.92243796 +.00000098 +00000-0 +63198-4 0  9993,2 40086 047.0053 035.7321 0015687 326.9256 033.0645 14.53045928089751
1 40086U 14040A   16082.88509689  .00000065  00000-0  55283-4 0  9995,2 40086  47.0053  31.2229 0015637 331.3082  28.6940 14.53046290 89897
1 40086U 14040A   16084.19156198  .00000102  00000-0  64127-4 0  9993,2 40086  47.0055  25.1034 0015564 337.1009  22.9179 14.53047205 90088
1 40086U 14040A   16085.29174286  .00000072  00000-0  56984-4 0  9991,2 40086  47.0055  19.9501 0015501 342.0913  17.9422 14.53047621 90243
1 40086U 14040A   16085.91059436 +.00000063 +00000-0 +54772-4 0  9992,2 40086 047.0056 017.0513 0015462 344.8151 015.2267 14.53047903090337
1 40086U 14040A   16086.80449081  .00000080  00000-0  58985-4 0  9999,2 40086  47.0056  12.8643 0015414 348.8332  11.2207 14.53048446 90463
1 40086U 14040A   16087.83590938  .00000092  00000-0  61890-4 0  9993,2 40086  47.0056   8.0331 0015348 353.5129   6.5553 14.53049089 90619
1 40086U 14040A   16087.90467059 +.00000092 +00000-0 +61781-4 0  9997,2 40086 047.0056 007.7110 0015341 353.8335 006.2357 14.53049134090626
1 40086U 14040A   16089.14237210  .00000132  00000-0  71370-4 0  9999,2 40086  47.0057   1.9137 0015269 359.5414   0.5453 14.53050125 90808
1 40086U 14040A   16090.17378943  .00000151  00000-0  75803-4 0  9999,2 40086  47.0056 357.0826 0015208   4.2864 355.8147 14.53050906 90952
1 40086U 14040A   16090.86140066 +.00000157 +00000-0 +77317-4 0  9996,2 40086 047.0056 353.8617 0015159 007.4503 352.6603 14.53051418091057
1 40086U 14040A   16091.82405600  .00000169  00000-0  80187-4 0  9993,2 40086  47.0055 349.3526 0015098  11.8973 348.2265 14.53052149 91199
1 40086U 14040A   16093.13051636  .00000158  00000-0  77663-4 0  9998,2 40086  47.0053 343.2331 0015022  17.9506 342.1905 14.53052888 91385
1 40086U 14040A   16094.16193167  .00000162  00000-0  78433-4 0  9999,2 40086  47.0051 338.4017 0014959  22.7769 337.3775 14.53053579 91539
1 40086U 14040A   16094.84954172 +.00000129 +00000-0 +70715-4 0  9993,2 40086 047.0051 335.1808 0014915 026.0104 334.1527 14.53053804091635
1 40086U 14040A   16095.74343435  .00000126  00000-0  70002-4 0  9993,2 40086  47.0050 330.9936 0014862  30.2068 329.9670 14.53054299 91760
1 40086U 14040A   16095.88095624 +.00000131 +00000-0 +71218-4 0  9998,2 40086 047.0050 330.3494 0014855 030.8678 329.3076 14.53054407091785
1 40086U 14040A   16096.77484843  .00000122  00000-0  68977-4 0  9990,2 40086  47.0048 326.1621 0014809  35.0834 325.1022 14.53054852 91911
1 40086U 14040A   16097.80626210  .00000101  00000-0  63937-4 0  9999,2 40086  47.0047 321.3307 0014775  39.9643 320.2325 14.53055303 92062
1 40086U 14040A   16097.87502296 +.00000103 +00000-0 +64425-4 0  9998,2 40086 047.0047 321.0087 0014774 040.2923 319.9052 14.53055359092073
1 40086U 14040A   16099.04395762  .00000103  00000-0  64530-4 0  9994,2 40086  47.0046 315.5332 0014728  45.8095 314.3997 14.53056007 92240
1 40086U 14040A   16100.07536993  .00000097  00000-0  62863-4 0  9992,2 40086  47.0045 310.7017 0014693  50.6752 309.5431 14.53056546 92394
1 40086U 14040A   16101.45058558  .00000071  00000-0  56825-4 0  9994,2 40086  47.0043 304.2598 0014637  57.2129 303.0162 14.53057117 92590
1 40086U 14040A   16101.93191082 +.00000074 +00000-0 +57568-4 0  9995,2 40086 047.0042 302.0051 0014630 059.5158 300.7168 14.53057381092660
1 40086U 14040A   16102.00067155 +.00000075 +00000-0 +57824-4 0  9993,2 40086 047.0042 301.6830 0014629 059.8410 300.3921 14.53057424092674
1 40086U 14040A   16104.06349240  .00000140  00000-0  73165-4 0  9998,2 40086  47.0039 292.0198 0014579  69.6300 290.6148 14.53058800 92975
1 40086U 14040A   16105.09490164  .00000164  00000-0  78898-4 0  9998,2 40086  47.0039 287.1883 0014543  74.6713 285.5777 14.53059534 93120
1 40086U 14040A   16106.53887364  .00000121  00000-0  68651-4 0  9999,2 40086  47.0039 280.4240 0014506  81.6468 278.6059 14.53060114 93332
1 40086U 14040A   16107.84532365  .00000125  00000-0  69756-4 0  9993,2 40086  47.0040 274.3041 0014497  87.9328 272.3215 14.53060856 93527
1 40086U 14040A   16109.49557438  .00000119  00000-0  68213-4 0  9994,2 40086  47.0040 266.5737 0014484  95.8882 264.3653 14.53061877 93768
1 40086U 14040A   16110.52698047  .00000084  00000-0  59922-4 0  9990,2 40086  47.0040 261.7422 0014494 100.8377 259.4138 14.53062276 93917
1 40086U 14040A   16110.93954275 +.00000078 +00000-0 +58403-4 0  9999,2 40086 047.0041 259.8098 0014498 102.7745 257.4759 14.53062467093974
1 40086U 14040A   16111.83342740  .00000052  00000-0  52082-4 0  9996,2 40086  47.0040 255.6226 0014504 107.0826 253.1647 14.53062770 94108
1 40086U 14040A   16111.90218772 +.00000053 +00000-0 +52410-4 0  9997,2 40086 047.0040 255.3004 0014506 107.4087 252.8384 14.53062816094110
1 40086U 14040A   16112.93359252  .00000045  00000-0  50611-4 0  9992,2 40086  47.0040 250.4690 0014519 112.3465 247.8958 14.53063276 94264
1 40086U 14040A   16113.96499684  .00000033  00000-0  47605-4 0  9996,2 40086  47.0040 245.6376 0014533 117.2683 242.9682 14.53063671 94419
1 40086U 14040A   16115.13392112  .00000054  00000-0  52601-4 0  9990,2 40086  47.0040 240.1620 0014559 122.8746 237.3540 14.53064253 94587
1 40086U 14040A   16116.16532436  .00000056  00000-0  53123-4 0  9991,2 40086  47.0041 235.3306 0014592 127.7771 232.4436 14.53064688 94733
1 40086U 14040A   16117.47176763  .00000061  00000-0  54197-4 0  9991,2 40086  47.0041 229.2108 0014643 134.0282 226.1810 14.53065292 94929
1 40086U 14040A   16118.50316951  .00000077  00000-0  58039-4 0  9997,2 40086  47.0041 224.3795 0014683 138.9235 221.2757 14.53065893 95072
1 40086U 14040A   16118.84697001 +.00000084 +00000-0 +59704-4 0  9990,2 40086 047.0041 222.7690 0014693 140.5174 219.6783 14.53066122095122
1 40086U 14040A   16119.60333090  .00000097  00000-0  62925-4 0  9993,2 40086  47.0041 219.2261 0014728 144.0990 216.0886 14.53066599 95236
1 40086U 14040A   16119.87837115 +.00000096 +00000-0 +62655-4 0  9998,2 40086 047.0041 217.9378 0014736 145.3753 214.8093 14.53066757095276
1 40086U 14040A   16120.77225171  .00000102  00000-0  64049-4 0  9999,2 40086  47.0040 213.7506 0014777 149.6113 210.5630 14.53067263 95402
1 40086U 14040A   16122.21621180  .00000104  00000-0  64697-4 0  9991,2 40086  47.0038 206.9866 0014838 156.3833 203.7735 14.53068065 95618
1 40086U 14040A   16123.45389105  .00000105  00000-0  64856-4 0  9994,2 40086  47.0036 201.1889 0014918 162.1431 197.9979 14.53068757 95797
1 40086U 14040A   16123.52265100 +.00000104 +00000-0 +64565-4 0  9996,2 40086 047.0036 200.8668 0014920 162.4588 197.6813 14.53068783095802
1 40086U 14040A   16124.48529006  .00000106  00000-0  64970-4 0  9992,2 40086  47.0035 196.3575 0014972 166.8832 193.2444 14.53069270 95943
1 40086U 14040A   16125.51668855  .00000080  00000-0  58861-4 0  9996,2 40086  47.0034 191.5261 0015030 171.6858 188.4277 14.53069666 96095
1 40086U 14040A   16126.54808679  .00000056  00000-0  53188-4 0  9990,2 40086  47.0033 186.6947 0015075 176.4207 183.6787 14.53070029 96245
1 40086U 14040A   16127.78576412  .00000033  00000-0  47644-4 0  9999,2 40086  47.0033 180.8969 0015135 182.1236 177.9586 14.53070489 96421
1 40086U 14040A   16129.16096065  .00000017  00000-0  43758-4 0  9998,2 40086  47.0032 174.4549 0015214 188.3733 171.6899 14.53071026 96629
1 40086U 14040A   16130.46739680 -.00000001  00000-0  39401-4 0  9994,2 40086  47.0031 168.3351 0015284 194.2667 165.7786 14.53071522 96811
1 40086U 14040A   16130.67367607 +.00000002 +00000-0 +40110-4 0  9992,2 40086 047.0031 167.3688 0015294 195.1882 164.8544 14.53071663096844
1 40086U 14040A   16131.49879329 +.00000027 +00000-0 +46149-4 0  9997,2 40086 047.0030 163.5035 0015344 198.8824 161.1492 14.53072176096964
1 40086U 14040A   16132.53018977 +.00000006 +00000-0 +41091-4 0  9995,2 40086 047.0029 158.6720 0015394 203.5055 156.5127 14.53072496097119
1 40086U 14040A   16133.63034576 -.00000015  00000-0  35987-4 0  9998,2 40086  47.0028 153.5182 0015449 208.4457 151.5585 14.53072812 97277
1 40086U 14040A   16134.66174193 -.00000018  00000-0  35355-4 0  9994,2 40086  47.0028 148.6866 0015496 213.0379 146.9537 14.53073162 97429
1 40086U 14040A   16136.17445620 -.00000000  00000-0  39552-4 0  9992,2 40086  47.0028 141.6002 0015566 219.7382 140.2362 14.53073700 97644
1 40086U 14040A   16137.20585216 -.00000006  00000-0  38134-4 0  9994,2 40086  47.0029 136.7687 0015616 224.2684 135.6951 14.53073963 97790
1 40086U 14040A   16138.51228680  .00000024  00000-0  45410-4 0  9992,2 40086  47.0030 130.6487 0015666 230.0064 129.9445 14.53074574 97989
1 40086U 14040A   16138.85608537 +.00000016 +00000-0 +43551-4 0  9997,2 40086 047.0031 129.0382 0015686 231.5266 128.4211 14.53074636098039
1 40086U 14040A   16139.74996164  .00000013  00000-0  42725-4 0  9991,2 40086  47.0032 124.8510 0015708 235.4529 124.4872 14.53074946 98163
1 40086U 14040A   16139.95624076 +.00000013 +00000-0 +42754-4 0  9996,2 40086 047.0032 123.8846 0015718 236.3468 123.5916 14.53075013098195
1 40086U 14040A   16141.12515013 -.00000004  00000-0  38587-4 0  9998,2 40086  47.0041 118.4098 0015629 242.1000 117.8301 14.53105559 98364
1 40086U 14040A   16142.15652465 -.00000009  00000-0  37525-4 0  9991,2 40086  47.0035 113.5776 0015618 246.0126 113.9123 14.53105089 98510
1 40086U 14040A   16143.46293258 -.00000022  00000-0  34367-4 0  9993,2 40086  47.0036 107.4573 0015637 251.6689 108.2494 14.53105444 98709
1 40086U 14040A   16143.94424074 -.00000040 +00000-0 +29960-4 0  9991,2 40086 047.0036 105.2025 0015652 253.7458 106.1703 14.53105542098777
1 40086U 14040A   16145.18189064 -.00000065  00000-0  24049-4 0  9996,2 40086  47.0038  99.4046 0015654 259.1178 100.7944 14.53105704 98954
1 40086U 14040A   16146.41954065 -.00000071  00000-0  22609-4 0  9991,2 40086  47.0040  93.6067 0015648 264.5030  95.4069 14.53105921 99136
1 40086U 14040A   16146.90084360  .00001724  00000-0  41126-3 0  9996,2 40086  47.0032  91.3528 0016095 266.2128  93.7406 14.53123223 99207
1 40086U 14040A   16146.90084898 -.00000067 +00000-0 +23521-4 0  9992,2 40086 047.0041 091.3519 0015651 266.5726 093.3367 14.53106038099208
1 40086U 14040A   16147.79470741 -.00000070  00000-0  23015-4 0  9998,2 40086  47.0043  87.1645 0015649 270.4559  89.4532 14.53106196 99337
1 40086U 14040A   16147.93222408 -.00000072 +00000-0 +22325-4 0  9994,2 40086 047.0043 086.5203 0015647 271.0253 088.8837 14.53106221099358
1 40086U 14040A   16148.82608257 -.00000070  00000-0  22908-4 0  9998,2 40086  47.0045  82.3330 0015643 274.9203  84.9894 14.53106399 99488
1 40086U 14040A   16148.89484091 -.00000071 +00000-0 +22754-4 0  9993,2 40086 047.0045 082.0109 0015639 275.2089 084.7010 14.53106419099492
1 40086U 14040A   16149.85745778 -.00000067  00000-0  23723-4 0  9994,2 40086  47.0047  77.5015 0015620 279.3938  80.5180 14.53106649 99630
1 40086U 14040A   16151.16386629 -.00000044  00000-0  29237-4 0  9998,2 40086  47.0050  71.3819 0015582 285.1017  74.8142 14.53107148 99828
1 40086U 14040A   16152.19524114 -.00000017  00000-0  35475-4 0  9996,2 40086  47.0050  66.5503 0015561 289.5662  70.3541 14.53107649 99971
1 40086U 14040A   16152.88282434 -.00000007 +00000-0 +37932-4 0  9997,2 40086 047.0051 063.3293 0015545 292.5071 067.4167 14.53107967100071
1 40086U 14040A   16153.84544063 +.00000018 +00000-0 +43871-4 0  9993,2 40086 047.0051 058.8200 0015511 296.6886 063.2410 14.53108528100215
1 40086U 14040A   16155.15184830  .00000050  00000-0  51635-4 0  9994,2 40086  47.0051  52.7001 0015458 302.4221  57.5167 14.53109287100405
1 40086U 14040A   16156.18322262  .00000101  00000-0  63887-4 0  9990,2 40086  47.0052  47.8686 0015404 306.9159  53.0313 14.53110026100553
1 40086U 14040A   16156.87080527 +.00000100 +00000-0 +63651-4 0  9999,2 40086 047.0052 044.6474 0015367 309.8833 050.0698 14.53110378100656
1 40086U 14040A   16157.83342101  .00000112  00000-0  66499-4 0  9991,2 40086  47.0053  40.1381 0015333 314.1495  45.8127 14.53110899100793
1 40086U 14040A   16157.97093749 +.00000121 +00000-0 +68497-4 0  9997,2 40086 047.0053 039.4938 0015312 314.7313 045.2323 14.53111011100816
1 40086U 14040A   16159.00231117  .00000087  00000-0  60505-4 0  9999,2 40086  47.0053  34.6624 0015252 319.2507  40.7235 14.53111348100964
1 40086U 14040A   16160.03368471  .00000083  00000-0  59415-4 0  9992,2 40086  47.0054  29.8309 0015202 323.8190  36.1665 14.53111831101116
1 40086U 14040A   16160.85878334 +.00000063 +00000-0 +54707-4 0  9993,2 40086 047.0054 025.9657 0015149 327.4549 032.5400 14.53112132101232
1 40086U 14040A   16161.82139829  .00000046  00000-0  50764-4 0  9990,2 40086  47.0054  21.4563 0015097 331.7281  28.2782 14.53112493101372
1 40086U 14040A   16161.89015650 +.00000045 +00000-0 +50489-4 0  9995,2 40086 047.0054 021.1342 0015095 332.0347 027.9725 14.53112511101384
1 40086U 14040A   16163.19656213  .00000048  00000-0  51100-4 0  9990,2 40086  47.0053  15.0143 0015010 337.8461  22.1773 14.53113137101577
1 40086U 14040A   16163.88414392 +.00000037 +00000-0 +48530-4 0  9997,2 40086 047.0053 011.7932 0014957 340.8973 019.1348 14.53113356101675
1 40086U 14040A   16164.77800008  .00000026  00000-0  45971-4 0  9993,2 40086  47.0052   7.6058 0014881 344.8820  15.1617 14.53113659101804
1 40086U 14040A   16164.91551644 +.00000024 +00000-0 +45316-4 0  9999,2 40086 047.0052 006.9616 0014871 345.5065 014.5391 14.53113687101829
1 40086U 14040A   16165.80937237  .00000019  00000-0  44206-4 0  9995,2 40086  47.0052   2.7741 0014803 349.5273  10.5301 14.53114023101958
1 40086U 14040A   16165.87813056 +.00000020 +00000-0 +44506-4 0  9999,2 40086 047.0052 002.4520 0014801 349.8400 010.2182 14.53114039101965
1 40086U 14040A   16166.84074448  .00000028  00000-0  46294-4 0  9995,2 40086  47.0052 357.9424 0014721 354.1785   5.8925 14.53114431102100
1 40086U 14040A   16166.97826076 +.00000027 +00000-0 +46244-4 0  9995,2 40086 047.0052 357.2983 0014722 354.8063 005.2666 14.53114477102128
1 40086U 14040A   16168.00963245  .00000035  00000-0  48172-4 0  9992,2 40086  47.0052 352.4666 0014652 359.4865   0.6001 14.53114917102273
1 40086U 14040A   16169.52231050  .00000014  00000-0  42950-4 0  9997,2 40086  47.0052 345.3802 0014559   6.3590 353.7476 14.53115384102496
1 40086U 14040A   16169.86610090 +.00000010 +00000-0 +42068-4 0  9995,2 40086 047.0053 343.7697 0014533 007.9493 352.1618 14.53115490102547
1 40086U 14040A   16170.55368151  .00000012  00000-0  42586-4 0  9998,2 40086  47.0052 340.5487 0014475  11.0819 349.0381 14.53115766102640
1 40086U 14040A   16171.86008445 -.00000007  00000-0  38083-4 0  9992,2 40086  47.0052 334.4287 0014390  17.1105 343.0261 14.53116125102833
1 40086U 14040A   16172.89145491 -.00000016  00000-0  35865-4 0  9994,2 40086  47.0052 329.5972 0014344  21.8804 338.2690 14.53116414102985
1 40086U 14040A   16174.47288898 -.00000035  00000-0  31426-4 0  9999,2 40086  47.0051 322.1886 0014235  29.2190 330.9487 14.53116761103211
1 40086U 14040A   16174.88543689 -.00000034 +00000-0 +31523-4 0  9993,2 40086 047.0050 320.2560 0014217 031.1507 329.0217 14.53116874103273
1 40086U 14040A   16175.77929054 -.00000038  00000-0  30609-4 0  9994,2 40086  47.0050 316.0686 0014169  35.3234 324.8586 14.53117088103409
1 40086U 14040A   16175.84804850 -.00000035 +00000-0 +31341-4 0  9999,2 40086 047.0050 315.7465 0014167 035.6476 324.5351 14.53117127103411
1 40086U 14040A   16176.81065979 -.00000029  00000-0  32653-4 0  9998,2 40086  47.0050 311.2370 0014116  40.1497 320.0427 14.53117398103555
1 40086U 14040A   16177.84202862 -.00000037  00000-0  30959-4 0  9992,2 40086  47.0050 306.4053 0014055  45.0080 315.1940 14.53117660103707
1 40086U 14040A   16179.14842865 -.00000040  00000-0  30068-4 0  9995,2 40086  47.0050 300.2853 0013987  51.1352 309.0777 14.53118014103894
1 40086U 14040A   16180.45482810 -.00000040  00000-0  30149-4 0  9991,2 40086  47.0049 294.1653 0013935  57.3446 302.8780 14.53118382104081
1 40086U 14040A   16180.72985954 -.00000044 +00000-0 +29216-4 0  9995,2 40086 047.0048 292.8770 0013932 058.6488 301.5757 14.53118429104129
1 40086U 14040A   16181.69246914 -.00000044  00000-0  29122-4 0  9994,2 40086  47.0048 288.3676 0013886  63.2221 297.0081 14.53118716104262
1 40086U 14040A   16183.13638301 -.00000042  00000-0  29670-4 0  9996,2 40086  47.0046 281.6034 0013840  70.0873 290.1501 14.53119082104474
1 40086U 14040A   16184.23650745 -.00000040  00000-0  30185-4 0  9995,2 40086  47.0044 276.4496 0013808  75.3474 284.8939 14.53119329104632
1 40086U 14040A   16185.40538916 -.00000042  00000-0  29756-4 0  9994,2 40086  47.0042 270.9738 0013782  80.9474 279.2968 14.53119574104802
1 40086U 14040A   16186.50551276 -.00000050  00000-0  27723-4 0  9991,2 40086  47.0041 265.8200 0013762  86.2219 274.0238 14.53119716104960
1 40086U 14040A   16187.53687825 -.00000060  00000-0  25306-4 0  9991,2 40086  47.0039 260.9884 0013749  91.1548 269.0910 14.53119864105119
1 40086U 14040A   16187.60563594 -.00000060 +00000-0 +25445-4 0  9999,2 40086 047.0039 260.6663 0013750 091.4781 268.7678 14.53119881105122
1 40086U 14040A   16189.11830474 -.00000073  00000-0  22272-4 0  9990,2 40086  47.0038 253.5798 0013741  98.6989 261.5452 14.53120071105348
1 40086U 14040A   16190.21842700 -.00000080  00000-0  20642-4 0  9995,2 40086  47.0036 248.4260 0013752 103.9614 256.2799 14.53120258105500
1 40086U 14040A   16191.52482173 -.00000081  00000-0  20278-4 0  9990,2 40086  47.0034 242.3061 0013769 110.1896 250.0470 14.53120484105699
1 40086U 14040A   16192.55618564 -.00000083  00000-0  19847-4 0  9991,2 40086  47.0032 237.4744 0013795 115.1122 245.1195 14.53120637105842
1 40086U 14040A   16193.72506429 -.00000089  00000-0  18348-4 0  9998,2 40086  47.0030 231.9984 0013822 120.6981 239.5266 14.53120800106018
1 40086U 14040A   16195.10021520 -.00000077  00000-0  21160-4 0  9999,2 40086  47.0028 225.5560 0013841 127.2353 232.9795 14.53121035106218
1 40086U 14040A   16196.13157802 -.00000074  00000-0  21851-4 0  9990,2 40086  47.0028 220.7242 0013873 132.1062 228.1003 14.53121219106368
1 40086U 14040A   16197.16294055 -.00000066  00000-0  23776-4 0  9995,2 40086  47.0027 215.8924 0013909 136.9343 223.2631 14.53121444106513
1 40086U 14040A   16197.50672800 -.00000057 +00000-0 +26018-4 0  9993,2 40086 047.0027 214.2819 0013922 138.5219 221.6724 14.53121547106568
1 40086U 14040A   16198.53809011 -.00000063 +00000-0 +24625-4 0  9992,2 40086 047.0027 209.4501 0013955 143.3405 216.8436 14.53121710106714
1 40086U 14040A   16199.50069456 -.00000083 +00000-0 +19774-4 0  9992,2 40086 047.0028 204.9404 0014009 147.8759 212.2981 14.53121788106854
1 40086U 14040A   16200.46329876 -.00000092 +00000-0 +17657-4 0  9993,2 40086 047.0028 200.4309 0014059 152.3697 207.7936 14.53121941106991
1 40086U 14040A   16202.18223442 -.00000116  00000-0  11898-4 0  9994,2 40086  47.0029 192.3779 0014154 160.3712 199.7718 14.53122103107243
1 40086U 14040A   16203.41986783 -.00000121  00000-0  10733-4 0  9998,2 40086  47.0028 186.5799 0014219 166.0554 194.0724 14.53122265107422
1 40086U 14040A   16204.51998616 -.00000106  00000-0  14284-4 0  9996,2 40086  47.0029 181.4260 0014276 171.1019 189.0120 14.53122500107589
1 40086U 14040A   16205.89513394 -.00000097  00000-0  16456-4 0  9996,2 40086  47.0030 174.9835 0014351 177.3187 182.7776 14.53122706107781
1 40086U 14040A   16205.96389131 -.00000098 +00000-0 +16265-4 0  9993,2 40086 047.0030 174.6614 0014357 177.6273 182.4681 14.53122719107795
1 40086U 14040A   16207.13276673 -.00000075  00000-0  21720-4 0  9997,2 40086  47.0032 169.1854 0014421 182.8340 177.2464 14.53123003107964
1 40086U 14040A   16208.16412735 -.00000096  00000-0  16663-4 0  9995,2 40086  47.0034 164.3537 0014482 187.4861 172.5808 14.53123010108113
1 40086U 14040A   16209.33300258 -.00000101  00000-0  15515-4 0  9993,2 40086  47.0036 158.8778 0014540 192.7320 167.3198 14.53123167108289
1 40086U 14040A   16210.43312046 -.00000114  00000-0  12322-4 0  9991,2 40086  47.0038 153.7241 0014598 197.6528 162.3850 14.53123235108441
1 40086U 14040A   16211.87702503 -.00000126  00000-0  96060-5 0  9996,2 40086  47.0040 146.9597 0014679 204.0919 155.9279 14.53123371108656
1 40086U 14040A   16213.18341487 -.00000118  00000-0  11451-4 0  9993,2 40086  47.0040 140.8398 0014736 209.8374 150.1671 14.53123600108849
1 40086U 14040A   16214.21477528 -.00000107  00000-0  14046-4 0  9995,2 40086  47.0041 136.0082 0014779 214.3494 145.6434 14.53123787108996
1 40086U 14040A   16215.24613559 -.00000084  00000-0  19485-4 0  9991,2 40086  47.0041 131.1766 0014820 218.8474 141.1345 14.53124070109141
1 40086U 14040A   16215.86495179 -.00000069 +00000-0 +23029-4 0  9997,2 40086 047.0042 128.2775 0014848 221.5553 138.4202 14.53124248109236
1 40086U 14040A   16217.17134132 -.00000019  00000-0  34977-4 0  9991,2 40086  47.0042 122.1575 0014888 227.2524 132.7107 14.53124787109422
1 40086U 14040A   16218.20270121  .00000011  00000-0  42118-4 0  9992,2 40086  47.0043 117.3259 0014927 231.7519 128.2022 14.53125257109571
1 40086U 14040A   16218.89027444 +.00000014 +00000-0 +42971-4 0  9995,2 40086 047.0044 114.1048 0014950 234.7216 125.2269 14.53125515109674
1 40086U 14040A   16219.78411010  .00000033  00000-0  47418-4 0  9992,2 40086  46.9687 109.8826 0013758 206.3017 153.7169 14.53099154109808
1 40086U 14040A   16220.12790085  .00000024  00000-0  45238-4 0  9992,2 40086  47.0044 108.3069 0014979 240.2224 119.7170 14.53134390109854
1 40086U 14040A   16221.15925508  .00000034  00000-0  47808-4 0  9992,2 40086  47.0044 103.4753 0014991 244.5247 115.4086 14.53134128110003
1 40086U 14040A   16221.91558140 +.00000031 +00000-0 +46996-4 0  9994,2 40086 047.0045 099.9321 0015000 247.8066 112.1226 14.53134422110110
1 40086U 14040A   16222.74066468  .00000003  00000-0  40355-4 0  9995,2 40086  47.0044  96.0668 0015006 251.2905 108.6350 14.53134680110235
1 40086U 14040A   16222.87817845 +.00000025 +00000-0 +45600-4 0  9994,2 40086 047.0045 095.4226 0015012 251.8932 108.0316 14.53134838110255
1 40086U 14040A   16223.84077540  .00000040  00000-0  49060-4 0  9993,2 40086  47.0044  90.9130 0015025 255.9817 103.9396 14.53135293110392
1 40086U 14040A   16223.90953234 +.00000037 +00000-0 +48360-4 0  9991,2 40086 047.0044 090.5909 0015025 256.2801 103.6410 14.53135299110401
1 40086U 14040A   16224.87212923 +.00000027 +00000-0 +46176-4 0  9993,2 40086 047.0044 086.0812 0015032 260.4012 099.5173 14.53135627110542
1 40086U 14040A   16225.90348300 +.00000036 +00000-0 +48240-4 0  9991,2 40086 047.0044 081.2494 0015035 264.8041 095.1127 14.53136033110697
1 40086U 14040A   16226.93483679 +.00000040 +00000-0 +49229-4 0  9997,2 40086 047.0044 076.4176 0015032 269.2188 090.6974 14.53136398110849
1 40086U 14040A   16227.82867663 +.00000024 +00000-0 +45237-4 0  9992,2 40086 047.0044 072.2300 0015029 273.0489 086.8675 14.53136640110974
1 40086U 14040A   16228.92878721  .00000021  00000-0  44661-4 0  9998,2 40086  47.0045  67.0762 0015020 277.7724  82.1454 14.53137002111139
1 40086U 14040A   16230.02889768  .00000020  00000-0  44417-4 0  9993,2 40086  47.0046  61.9223 0014997 282.5004  77.4202 14.53137404111293
1 40086U 14040A   16231.74782022 -.00000006  00000-0  38145-4 0  9994,2 40086  47.0048  53.8694 0014965 289.8972  70.0299 14.53137880111547
1 40086U 14040A   16231.95409097 -.00000007 +00000-0 +37908-4 0  9992,2 40086 047.0048 052.9031 0014958 290.8072 069.1209 14.53137932111578
1 40086U 14040A   16232.84793066 -.00000014  00000-0  36206-4 0  9991,2 40086  47.0048  48.7156 0014935 294.6377  65.2951 14.53138188111704
1 40086U 14040A   16232.91668757 -.00000016 +00000-0 +35881-4 0  9997,2 40086 047.0049 048.3934 0014932 294.9548 064.9783 14.53138207111717
1 40086U 14040A   16233.94804103 -.00000024  00000-0  33860-4 0  9992,2 40086  47.0049  43.5617 0014898 299.3960  60.5436 14.53138504111863
1 40086U 14040A   16234.97939445 -.00000027  00000-0  33286-4 0  9999,2 40086  47.0049  38.7298 0014865 303.8529  56.0939 14.53138806112011
1 40086U 14040A   16236.49204607 -.00000033  00000-0  31702-4 0  9991,2 40086  47.0051  31.6430 0014806 310.3365  49.6225 14.53139201112230
1 40086U 14040A   16236.90458738 -.00000028 +00000-0 +32957-4 0  9990,2 40086 047.0050 029.7103 0014784 312.1146 047.8481 14.53139344112294
1 40086U 14040A   16237.79842695 -.00000028  00000-0  33004-4 0  9991,2 40086  47.0052  25.5228 0014754 316.0483  43.9227 14.53139591112426
1 40086U 14040A   16237.86718381 -.00000027 +00000-0 +33222-4 0  9994,2 40086 047.0052 025.2007 0014752 316.3514 043.6202 14.53139624112432
1 40086U 14040A   16238.82978014 -.00000025  00000-0  33568-4 0  9993,2 40086  47.0053  20.6910 0014707 320.5303  39.4508 14.53139901112573
1 40086U 14040A   16238.89853701 -.00000025 +00000-0 +33683-4 0  9993,2 40086 047.0053 020.3688 0014703 320.8467 039.1352 14.53139927112585
1 40086U 14040A   16239.79237641 -.00000030 +00000-0 +32358-4 0  9996,2 40086 047.0054 016.1814 0014658 324.7454 035.2459 14.53140160112719
1 40086U 14040A   16240.41118825 -.00000026  00000-0  33343-4 0  9999,2 40086  47.0055  13.2823 0014632 327.4543  32.5437 14.53140368112805
1 40086U 14040A   16241.44254128 -.00000020  00000-0  34896-4 0  9998,2 40086  47.0056   8.4508 0014584 331.9949  28.0149 14.53140701112955
1 40086U 14040A   16242.47389417  .00000002  00000-0  40115-4 0  9992,2 40086  47.0056   3.6192 0014532 336.5712  23.4508 14.53141125113100
1 40086U 14040A   16242.74892160 +.00000007 +00000-0 +41353-4 0  9996,2 40086 047.0056 002.3308 0014521 337.8155 022.2098 14.53141228113147
1 40086U 14040A   16243.57400361  .00000000  00000-0  39735-4 0  9990,2 40086  47.0056 358.4654 0014473 341.4301  18.6053 14.53141482113261
1 40086U 14040A   16243.78027412 +.00000004 +00000-0 +40681-4 0  9991,2 40086 047.0056 357.4992 0014465 342.3439 017.6940 14.53141572113295
1 40086U 14040A   16244.74286964  .00000025  00000-0  45710-4 0  9998,2 40086  47.0055 352.9897 0014411 346.5604  13.4894 14.53141994113435
1 40086U 14040A   16245.77422159  .00000067  00000-0  55549-4 0  9997,2 40086  47.0055 348.1581 0014350 351.2135   8.8495 14.53142628113582
1 40086U 14040A   16247.49314068  .00000112  00000-0  66513-4 0  9991,2 40086  47.0055 340.1053 0014256 358.9180   1.1671 14.53143668113832
1 40086U 14040A   16247.69941089 +.00000120 +00000-0 +68311-4 0  9999,2 40086 047.0054 339.1391 0014246 359.8852 000.2026 14.53143818113863
1 40086U 14040A   16248.73076161  .00000127  00000-0  70126-4 0  9999,2 40086  47.0054 334.3074 0014186   4.5601 355.5410 14.53144424114012
1 40086U 14040A   16250.17465191  .00000106  00000-0  65052-4 0  9994,2 40086  47.0053 327.5431 0014108  11.1084 349.0109 14.53145147114224
1 40086U 14040A   16251.54978485  .00000062  00000-0  54580-4 0  9996,2 40086  47.0051 321.1011 0014021  17.3775 342.7586 14.53145658114423
1 40086U 14040A   16251.61854148 +.00000060 +00000-0 +53949-4 0  9999,2 40086 047.0051 320.7790 0014018 017.6924 342.4445 14.53145681114435
1 40086U 14040A   16252.99367365  .00000047  00000-0  50901-4 0  9991,2 40086  47.0050 314.3368 0013951  23.9923 336.1608 14.53146309114639
1 40086U 14040A   16254.50631858  .00000033  00000-0  47441-4 0  9991,2 40086  47.0046 307.2503 0013871  30.9974 329.1726 14.53146772114852
1 40086U 14040A   16254.57507516 +.00000028 +00000-0 +46381-4 0  9997,2 40086 047.0046 306.9281 0013870 031.3082 328.8624 14.53146770114867
1 40086U 14040A   16255.60642350  .00000005  00000-0  40789-4 0  9999,2 40086  47.0044 302.0963 0013824  36.0562 324.1251 14.53146980115019
1 40086U 14040A   16256.50025848 +.00000004 +00000-0 +40636-4 0  9996,2 40086 047.0042 297.9087 0013783 040.2258 319.9643 14.53147227115145
1 40086U 14040A   16257.46284967 -.00000011  00000-0  36979-4 0  9995,2 40086  47.0041 293.3988 0013738  44.7325 315.4664 14.53147409115289
1 40086U 14040A   16258.49419701 -.00000024  00000-0  34024-4 0  9998,2 40086  47.0040 288.5669 0013695  49.5490 310.6586 14.53147638115439
1 40086U 14040A   16259.52554399 -.00000024  00000-0  33875-4 0  9999,2 40086  47.0039 283.7349 0013660  54.3851 305.8304 14.53147930115581
1 40086U 14040A   16261.17569837 -.00000036  00000-0  30986-4 0  9999,2 40086  47.0037 276.0038 0013607  62.2425 297.9837 14.53148350115821
1 40086U 14040A   16262.41331358 -.00000045  00000-0  28875-4 0  9996,2 40086  47.0036 270.2055 0013579  68.1329 292.0997 14.53148631116007
1 40086U 14040A   16263.44465922 -.00000045  00000-0  28858-4 0  9996,2 40086  47.0034 265.3736 0013563  72.9926 287.2443 14.53148874116152
1 40086U 14040A   16264.47600431 -.00000019  00000-0  35113-4 0  9999,2 40086  47.0033 260.5416 0013549  77.9319 282.3082 14.53149307116302
1 40086U 14040A   16266.12615568 -.00000025  00000-0  33669-4 0  9991,2 40086  47.0033 252.8103 0013529  85.8784 274.3645 14.53149708116548
1 40086U 14040A   16266.95123101 -.00000015 +00000-0 +36000-4 0  9990,2 40086 047.0033 248.9447 0013529 089.7771 270.4663 14.53149957116660
1 40086U 14040A   16267.91381858 -.00000022  00000-0  34479-4 0  9998,2 40086  47.0034 244.4349 0013536  94.3379 265.9051 14.53150192116806
1 40086U 14040A   16269.15143066 -.00000006  00000-0  38333-4 0  9998,2 40086  47.0035 238.6367 0013561 100.1573 260.0840 14.53150632116982
1 40086U 14040A   16270.18277347 -.00000007  00000-0  37994-4 0  9996,2 40086  47.0036 233.8048 0013585 105.0556 255.1832 14.53150962117137
1 40086U 14040A   16271.97043317  .00000012  00000-0  42418-4 0  9994,2 40086  47.0037 225.4297 0013627 113.5267 246.7050 14.53151717117396
1 40086U 14040A   16273.13928668  .00000033  00000-0  47612-4 0  9999,2 40086  47.0038 219.9537 0013654 119.1157 241.1095 14.53152302117560
1 40086U 14040A   16274.17062751  .00000044  00000-0  50169-4 0  9999,2 40086  47.0038 215.1219 0013688 124.0047 236.2138 14.53152795117711
1 40086U 14040A   16275.20196796  .00000045  00000-0  50401-4 0  9991,2 40086  47.0038 210.2901 0013727 128.8614 231.3496 14.53153205117867
1 40086U 14040A   16275.88952791 +.00000046 +00000-0 +50692-4 0  9993,2 40086 047.0038 207.0687 0013760 132.0801 228.1255 14.53153505117965
1 40086U 14040A   16276.30206378  .00000053  00000-0  52236-4 0  9998,2 40086  47.0038 205.1361 0013782 133.9852 226.2170 14.53153726118021
1 40086U 14040A   16276.92086738 +.00000047 +00000-0 +50851-4 0  9996,2 40086 047.0038 202.2369 0013808 136.9308 223.2658 14.53153987118112
1 40086U 14040A   16278.15847408  .00000060  00000-0  53879-4 0  9990,2 40086  47.0039 196.4388 0013864 142.7062 217.4786 14.53154632118296
1 40086U 14040A   16279.18981217  .00000112  00000-0  66292-4 0  9992,2 40086  47.0039 191.6071 0013929 147.4086 212.7660 14.53155501118444
