1 40091U 14040F   15001.90789961  .00000900  00000-0  25724-3 0  9991,2 40091 047.0092 320.3625 0013387 103.4382 256.8000 14.52650498 25026
1 40091U 14040F   15003.07715757  .00000678  00000-0  20370-3 0  9997,2 40091 047.0099 314.8900 0013409 109.0347 251.1945 14.52651580 25192
1 40091U 14040F   15004.10885534  .00000567  00000-0  17697-3 0  9998,2 40091 047.0100 310.0606 0013453 114.0963 246.1307 14.52652745 25342
1 40091U 14040F   15005.27811017  .00000708  00000-0  21088-3 0  9998,2 40091 047.0100 304.5877 0013512 120.1020 240.1207 14.52655320 25512
1 40091U 14040F   15007.82295097  .00000930  00000-0  26438-3 0  9996,2 40091 047.0106 292.6747 0013577 132.2160 227.9903 14.52661365 25883
1 40091U 14040F   15008.99219709  .00001042  00000-0  29150-3 0  9990,2 40091 047.0098 287.2009 0013595 137.5355 222.6564 14.52664490 26055
1 40091U 14040F   15010.02388291  .00001061  00000-0  29595-3 0  9994,2 40091 047.0110 282.3723 0013617 141.8295 218.3495 14.52667295 26203
1 40091U 14040F   15011.19312705  .00000936  00000-0  26586-3 0  9997,2 40091 047.0105 276.8982 0013798 147.2891 212.8865 14.52669400 26372
1 40091U 14040F   15012.22481011  .00000835  00000-0  24147-3 0  9998,2 40091 047.0103 272.0699 0013864 152.5830 207.5790 14.52671011 26525
1 40091U 14040F   15013.66916504  .00000663  00000-0  19993-3 0  9999,2 40091 047.0101 265.3085 0014003 159.3675 200.7786 14.52672799 26732
1 40091U 14040F   15014.70084580  .00000632  00000-0  19241-3 0  9997,2 40091 047.0095 260.4794 0014067 163.8628 196.2696 14.52674105 26883
1 40091U 14040F   15016.07641852  .00000683  00000-0  20466-3 0  9997,2 40091 047.0092 254.0394 0013917 169.7798 190.3376 14.52676528 27085
1 40091U 14040F   15017.10809760  .00000526  00000-0  16682-3 0  9997,2 40091 047.0089 249.2108 0013865 173.9566 186.1484 14.52677210 27231
1 40091U 14040F   15018.13977513  .00000423  00000-0  14194-3 0  9995,2 40091 047.0103 244.3822 0013991 178.8351 181.2566 14.52678183 27386
1 40091U 14040F   15019.24023008  .00000457  00000-0  15009-3 0  9992,2 40091 047.0098 239.2311 0014227 183.8522 176.2268 14.52679560 27545
1 40091U 14040F   15020.82213221  .00000392  00000-0  13451-3 0  9993,2 40091 047.0084 231.8257 0014250 190.7733 169.2827 14.52681023 27779
1 40091U 14040F   15022.12892011  .00000487  00000-0  15732-3 0  9997,2 40091 047.0085 225.7088 0014312 197.0467 162.9953 14.52682923 27968
1 40091U 14040F   15023.36692736  .00000557  00000-0  17432-3 0  9993,2 40091 047.0076 219.9128 0014274 202.6466 157.3787 14.52684841 28142
1 40091U 14040F   15024.53615578  .00000480  00000-0  15567-3 0  9994,2 40091 047.0077 214.4377 0014367 207.8028 152.2097 14.52686034 28316
1 40091U 14040F   15025.56782700  .00000499  00000-0  16028-3 0  9993,2 40091 047.0080 209.6083 0014389 212.4565 147.5446 14.52687470 28468
1 40091U 14040F   15026.73705306  .00000371  00000-0  12946-3 0  9994,2 40091 047.0073 204.1338 0014525 217.1767 142.8089 14.52688187 28637
1 40091U 14040F   15027.90627800  .00000644  00000-0  19525-3 0  9999,2 40091 047.0075 198.6608 0014630 221.9971 137.9807 14.52691121 28807
1 40091U 14040F   15029.41939009  .00000708  00000-0  21065-3 0  9997,2 40091 047.0081 191.5750 0014690 228.5404 131.4237 14.52693847 29022
1 40091U 14040F   15030.45105583  .00000777  00000-0  22723-3 0  9993,2 40091 047.0073 186.7471 0014798 232.8681 127.0872 14.52695992 29178
1 40091U 14040F   15031.82660777  .00000875  00000-0  25100-3 0  9997,2 40091 047.0078 180.3075 0014729 239.0958 120.8472 14.52699074 29377
1 40091U 14040F   15032.99582546  .00000819  00000-0  23738-3 0  9996,2 40091 047.0087 174.8342 0014791 243.9633 115.9728 14.52701295 29542
1 40091U 14040F   15034.37137275  .00001013  00000-0  28419-3 0  9993,2 40091 047.0092 168.3961 0014863 249.7935 110.1377 14.52705316 29749
1 40091U 14040F   15035.74691784  .00000917  00000-0  26095-3 0  9995,2 40091 047.0091 161.9560 0014802 256.0255 103.8972 14.52707671 29949
1 40091U 14040F   15036.84735174  .00001052  00000-0  29350-3 0  9997,2 40091 047.0098 156.8053 0014783 261.2440 098.6770 14.52711001 30107
1 40091U 14040F   15037.87900656  .00001125  00000-0  31100-3 0  9997,2 40091 047.0096 151.9748 0014828 265.4197 094.5002 14.52713728 30254
1 40091U 14040F   15039.46087477  .00001075  00000-0  29898-3 0  9996,2 40091 047.0085 144.5678 0014791 272.8832 087.0372 14.52717376 30484
1 40091U 14040F   15040.49252498  .00001221  00000-0  33432-3 0  9990,2 40091 047.0090 139.7393 0014847 276.8201 083.1021 14.52720855 30637
1 40091U 14040F   15041.66172403  .00001542  00000-0  41150-3 0  9999,2 40091 047.0086 134.2655 0014807 282.3404 077.5793 14.52725955 30804
1 40091U 14040F   15042.76214578  .00001557  00000-0  41514-3 0  9991,2 40091 047.0094 129.1148 0014793 287.4955 072.4308 14.52729937 30961
1 40091U 14040F   15043.79378868  .00001433  00000-0  38525-3 0  9999,2 40091 047.0087 124.2866 0014808 291.4324 068.4977 14.52732653 31112
1 40091U 14040F   15049.57106159  .00000520  00000-0  16531-3 0  9992,2 40091 047.0100 097.2387 0014630 318.0497 041.9320 14.52713863 31957
1 40091U 14040F   15051.08417400 -.00001334  00000-0  00000+0 0  9990,2 40091 047.0100 090.1512 0014740 325.6154 034.4269 14.52703122 32176
1 40091U 14040F   15051.42803837  .00000679  00000-0  20349-3 0  9993,2 40091 047.0096 088.5443 0014659 326.5529 033.4390 14.52717482 32223
1 40091U 14040F   15052.59724612  .00000643  00000-0  19493-3 0  9994,2 40091 047.0099 083.0716 0014675 331.8644 028.1445 14.52719402 32398
1 40091U 14040F   15054.11033507  .00000632  00000-0  19222-3 0  9998,2 40091 047.0083 075.9875 0014571 338.6097 021.4151 14.52721547 32617
1 40091U 14040F   15055.48587017  .00000568  00000-0  17684-3 0  9997,2 40091 047.0076 069.5467 0014242 344.2500 015.7971 14.52723030 32819
1 40091U 14040F   15057.06773083  .00000644  00000-0  19511-3 0  9999,2 40091 047.0075 062.1412 0014076 351.3421 008.7199 14.52725747 33040
1 40091U 14040F   15058.23693206  .00000540  00000-0  17016-3 0  9990,2 40091 047.0078 056.6652 0014176 356.9181 003.1600 14.52727025 33218
1 40091U 14040F   15059.33735566  .00000550  00000-0  17255-3 0  9994,2 40091 047.0086 051.5135 0014180 002.1653 357.9297 14.52728732 33371
1 40091U 14040F   15060.36900152  .00000456  00000-0  14980-3 0  9991,2 40091 047.0080 046.6837 0014157 006.9286 353.1772 14.52729460 33529
1 40091U 14040F   15062.08840797  .00000758  00000-0  22267-3 0  9992,2 40091 047.0076 038.6329 0014437 014.9641 345.1694 14.52733938 33772
1 40091U 14040F   15063.12004793  .00000899  00000-0  25673-3 0  9996,2 40091 047.0082 033.8053 0014204 019.8256 340.3150 14.52736655 33928
1 40091U 14040F   15064.28924009  .00000800  00000-0  23265-3 0  9992,2 40091 047.0083 028.3306 0013958 025.0833 335.0744 14.52738535 34092
1 40091U 14040F   15065.32087756  .00000794  00000-0  23133-3 0  9993,2 40091 047.0090 023.5003 0013947 029.7425 330.4257 14.52740763 34248
1 40091U 14040F   15066.83394266  .00000990  00000-0  27858-3 0  9993,2 40091 047.0082 016.4167 0013826 036.7880 323.3947 14.52744667 34468
1 40091U 14040F   15067.86557691  .00000799  00000-0  23257-3 0  9996,2 40091 047.0071 011.5875 0013807 041.5224 318.6687 14.52745770 34614
1 40091U 14040F   15068.96598428  .00000870  00000-0  24969-3 0  9992,2 40091 047.0051 006.4371 0013776 047.1096 313.0930 14.52748448 34772
1 40091U 14040F   15069.99761359  .00000829  00000-0  23961-3 0  9996,2 40091 047.0062 001.6086 0013857 051.8283 308.3764 14.52750454 34923
1 40091U 14040F   15071.16679452  .00000674  00000-0  20237-3 0  9991,2 40091 047.0065 356.1349 0013743 057.8514 302.3702 14.52752111 35090
1 40091U 14040F   15072.19842081  .00000828  00000-0  23949-3 0  9999,2 40091 047.0067 351.3077 0013585 063.2738 296.9547 14.52754986 35244
1 40091U 14040F   15073.23004579  .00000861  00000-0  24741-3 0  9995,2 40091 047.0067 346.4777 0013561 067.9926 292.2394 14.52757016 35392
1 40091U 14040F   15074.74309390  .00000629  00000-0  19138-3 0  9997,2 40091 047.0073 339.3922 0013589 074.5087 285.7281 14.52758808 35611
1 40091U 14040F   15076.11858992  .00000662  00000-0  19941-3 0  9996,2 40091 047.0078 332.9513 0013638 080.8034 279.4389 14.52761159 35812
1 40091U 14040F   15077.15021132  .00000667  00000-0  20069-3 0  9997,2 40091 047.0097 328.1226 0013856 084.9233 275.3233 14.52762962 35961
1 40091U 14040F   15078.18182834  .00001026  00000-0  28711-3 0  9990,2 40091 047.0102 323.2923 0013875 089.7803 270.4674 14.52766779 36118
1 40091U 14040F   15079.83241191  .00001046  00000-0  29197-3 0  9996,2 40091 047.0102 315.5630 0013822 097.8707 262.3728 14.52770591 36355
1 40091U 14040F   15081.00157570  .00000627  00000-0  19088-3 0  9997,2 40091 047.0089 310.0894 0013886 103.3065 256.9369 14.52770706 36528
1 40091U 14040F   15082.03318791  .00000514  00000-0  16373-3 0  9994,2 40091 047.0090 305.2584 0013863 108.1527 252.0848 14.52771769 36678
1 40091U 14040F   15083.06480092  .00000463  00000-0  15149-3 0  9995,2 40091 047.0079 300.4295 0013945 112.5669 247.6695 14.52772695 36824
1 40091U 14040F   15084.99047384  .00000376  00000-0  13043-3 0  9995,2 40091 047.0079 291.4135 0014024 122.0772 238.1480 14.52774502 37104
1 40091U 14040F   15086.36595109  .00000594  00000-0  18305-3 0  9999,2 40091 047.0079 284.9730 0013986 128.4287 231.7850 14.52777274 37300
1 40091U 14040F   15087.53510550  .00000558  00000-0  17434-3 0  9998,2 40091 047.0070 279.4992 0013966 133.9401 226.2643 14.52778858 37473
1 40091U 14040F   15088.84180563  .00000541  00000-0  17018-3 0  9990,2 40091 047.0055 273.3830 0014040 139.9859 220.2043 14.52780527 37662
1 40091U 14040F   15089.87340873  .00000691  00000-0  20622-3 0  9997,2 40091 047.0050 268.5520 0014024 144.9310 215.2499 14.52782967 37815
1 40091U 14040F   15090.90500941  .00000877  00000-0  25114-3 0  9994,2 40091 047.0054 263.7231 0014157 150.4006 209.7687 14.52785917 37967
1 40091U 14040F   15092.28047605  .00000720  00000-0  21327-3 0  9999,2 40091 047.0059 257.2814 0014218 156.7193 203.4340 14.52787834 38161
1 40091U 14040F   15093.51839430  .00000744  00000-0  21896-3 0  9998,2 40091 047.0057 251.4857 0014207 162.0545 198.0869 14.52790367 38341
1 40091U 14040F   15094.75630892  .00000769  00000-0  22503-3 0  9999,2 40091 047.0067 245.6901 0014272 167.6199 192.5007 14.52792709 38520
1 40091U 14040F   15095.85667719  .00000741  00000-0  21822-3 0  9992,2 40091 047.0068 240.5382 0014471 172.4857 187.6249 14.52794692 38687
1 40091U 14040F   15098.33249893  .00000755  00000-0  22147-3 0  9993,2 40091 047.0079 228.9440 0014536 183.7273 176.3522 14.52799302 39046
1 40091U 14040F   15099.36408950  .00000662  00000-0  19911-3 0  9990,2 40091 047.0083 224.1146 0014581 188.4376 171.6273 14.52800647 39190
1 40091U 14040F   15100.39567923  .00000599  00000-0  18406-3 0  9999,2 40091 047.0087 219.2847 0014666 193.2476 166.8036 14.52801881 39347
1 40091U 14040F   15101.63358439  .00000779  00000-0  22718-3 0  9998,2 40091 047.0085 213.4887 0014644 198.9111 161.1236 14.52804810 39524
1 40091U 14040F   15102.73394183  .00001083  00000-0  30050-3 0  9993,2 40091 047.0085 208.3369 0014642 203.9079 156.1141 14.52808646 39687
1 40091U 14040F   15103.76552474  .00001194  00000-0  32721-3 0  9996,2 40091 047.0081 203.5060 0014649 208.6217 151.3862 14.52811622 39833
1 40091U 14040F   15105.48482879  .00000804  00000-0  23332-3 0  9993,2 40091 047.0088 195.4576 0014681 216.1773 143.8100 14.52813677 40080
1 40091U 14040F   15106.51640925  .00000800  00000-0  23233-3 0  9992,2 40091 047.0096 190.6295 0014948 220.5385 139.4385 14.52815665 40230
1 40091U 14040F   15107.68553090  .00001059  00000-0  29449-3 0  9999,2 40091 047.0089 185.1523 0014760 226.0136 133.9529 14.52819385 40403
1 40091U 14040F   15109.19850860  .00001089  00000-0  30171-3 0  9999,2 40091 047.0094 178.0679 0014842 232.7260 127.2265 14.52823380 40622
1 40091U 14040F   15110.29885485  .00000869  00000-0  24872-3 0  9999,2 40091 047.0082 172.9157 0014877 237.6787 122.2629 14.52824665 40782
1 40091U 14040F   15111.33042917  .00000833  00000-0  24006-3 0  9990,2 40091 047.0092 168.0861 0014847 242.1998 117.7386 14.52826679 40936
1 40091U 14040F   15112.36200094  .00000869  00000-0  24873-3 0  9997,2 40091 047.0092 163.2558 0014941 246.7656 113.1661 14.52828913 41088
1 40091U 14040F   15113.53111308  .00000939  00000-0  26573-3 0  9993,2 40091 047.0090 157.7813 0014966 251.6407 108.2828 14.52831784 41253
1 40091U 14040F   15114.56268200  .00001025  00000-0  28629-3 0  9992,2 40091 047.0084 152.9517 0014962 256.1744 103.7475 14.52834474 41408
1 40091U 14040F   15116.07564718  .00000965  00000-0  27191-3 0  9998,2 40091 047.0079 145.8668 0015044 263.0677 096.8513 14.52837519 41626
1 40091U 14040F   15117.45106996  .00000585  00000-0  18055-3 0  9998,2 40091 047.0073 139.4253 0014925 269.4726 090.4445 14.52837917 41829
1 40091U 14040F   15118.48263593  .00000530  00000-0  16721-3 0  9997,2 40091 047.0074 134.5945 0014908 274.7435 085.1746 14.52839154 41977
1 40091U 14040F   15119.51420108  .00000455  00000-0  14932-3 0  9997,2 40091 047.0074 129.7632 0014895 279.6197 080.2994 14.52840109 42121
1 40091U 14040F   15121.02716175  .00000483  00000-0  15587-3 0  9996,2 40091 047.0075 122.6785 0014918 286.0320 073.8932 14.52842245 42346
1 40091U 14040F   15122.05872419  .00000537  00000-0  16897-3 0  9999,2 40091 047.0071 117.8472 0014864 290.1625 069.7664 14.52843877 42499
1 40091U 14040F   15123.09028669  .00000458  00000-0  15004-3 0  9995,2 40091 047.0076 113.0174 0014859 294.6834 065.2491 14.52844804 42643
1 40091U 14040F   15124.12184934  .00000314  00000-0  11528-3 0  9996,2 40091 047.0070 108.1882 0014860 299.0714 060.8680 14.52845236 42793
1 40091U 14040F   15125.35972327  .00000348  00000-0  12354-3 0  9998,2 40091 047.0068 102.3930 0014793 304.3747 055.5743 14.52846629 42979
1 40091U 14040F   15126.73513713  .00000421  00000-0  14102-3 0  9996,2 40091 047.0070 095.9523 0014852 310.7818 049.1776 14.52848528 43171
1 40091U 14040F   15128.04177919  .00000383  00000-0  13182-3 0  9990,2 40091 047.0066 089.8357 0014859 316.3510 043.6185 14.52849843 43366
1 40091U 14040F   15129.27964945  .00000420  00000-0  14079-3 0  9997,2 40091 047.0078 084.0376 0014749 321.9707 038.0132 14.52851608 43547
1 40091U 14040F   15130.31120673  .00000596  00000-0  18301-3 0  9992,2 40091 047.0089 079.2079 0014708 326.8322 033.1629 14.52853851 43692
1 40091U 14040F   15131.89292557  .00000474  00000-0  15368-3 0  9992,2 40091 047.0084 071.7985 0014642 334.3021 025.7073 14.52855505 43921
1 40091U 14040F   15132.30554919 -.00001255  00000-0 -26206-3 0  9995,2 40091 047.0098 069.8686 0014136 333.0378 026.9483 14.52846466 43981
1 40091U 14040F   15132.85572130 -.00002985  00000-0 -67855-3 0  9996,2 40091 047.0078 067.2885 0015354 343.4464 016.5005 14.52833881 44068
1 40091U 14040F   15133.26836960 -.00005289  00000-0 -12341-2 0  9995,2 40091 047.0077 065.3574 0014096 341.1792 018.8396 14.52819066 44126
1 40091U 14040F   15134.36873731 -.00007319  00000-0 -17243-2 0  9996,2 40091 047.0071 060.2056 0014774 348.3756 011.6742 14.52798709 44284
1 40091U 14040F   15134.85015073 -.00006403  00000-0 -15035-2 0  9997,2 40091 047.0076 057.9522 0013933 346.2823 013.8104 14.52797134 44353
1 40091U 14040F   15135.33154530 -.00003058  00000-0 -69664-3 0  9994,2 40091 047.0076 055.6982 0014168 349.5063 010.5561 14.52808298 44424
1 40091U 14040F   15136.01926914 -.00002120  00000-0 -47066-3 0  9994,2 40091 047.0082 052.4774 0014133 351.9692 008.1131 14.52810519 44528
1 40091U 14040F   15136.29435610  .00001097  00000-0  30375-3 0  9997,2 40091 047.0082 051.1917 0014339 354.1951 005.9030 14.52822070 44566
1 40091U 14040F   15137.80733251  .00000984  00000-0  27648-3 0  9990,2 40091 047.0085 044.1066 0014262 000.8463 359.2435 14.52825347 44782
1 40091U 14040F   15139.04522481  .00000865  00000-0  24792-3 0  9994,2 40091 047.0092 038.3107 0014179 006.7860 353.3190 14.52827476 44962
1 40091U 14040F   15140.14557185  .00000912  00000-0  25920-3 0  9993,2 40091 047.0093 033.1595 0014243 011.7951 348.3265 14.52830164 45120
1 40091U 14040F   15141.52100220  .00001082  00000-0  30013-3 0  9998,2 40091 047.0095 026.7180 0014179 018.1798 341.9627 14.52834051 45320
1 40091U 14040F   15142.75888821  .00000724  00000-0  21412-3 0  9999,2 40091 047.0094 020.9219 0014169 023.8786 336.2740 14.52834602 45502
1 40091U 14040F   15143.85923045  .00000396  00000-0  13514-3 0  9998,2 40091 047.0091 015.7713 0014091 028.5967 331.5647 14.52834628 45666
1 40091U 14040F   15145.02834424  .00000333  00000-0  12006-3 0  9997,2 40091 047.0073 010.2994 0014039 034.2581 325.9204 14.52835545 45839
1 40091U 14040F   15146.61008304  .00000311  00000-0  11462-3 0  9994,2 40091 047.0074 002.8916 0014061 041.4061 318.7885 14.52837208 46068
1 40091U 14040F   15148.05427828  .00000210  00000-0  90396-4 0  9992,2 40091 047.0080 356.1281 0013926 048.1732 312.0337 14.52837858 46276
1 40091U 14040F   15149.56724403  .00000234  00000-0  96225-4 0  9991,2 40091 047.0071 349.0501 0013612 055.1491 305.0671 14.52839017 46490
1 40091U 14040F   15150.59881044  .00000209  00000-0  90039-4 0  9990,2 40091 047.0071 344.2198 0013560 060.2621 299.9610 14.52839614 46647
1 40091U 14040F   15151.76791826  .00000267  00000-0  10404-3 0  9999,2 40091 047.0071 338.7457 0013528 065.8890 294.3407 14.52840720 46818
1 40091U 14040F   15240.20511818  .00000082  00000-0  59340-4 0  9996,2 40091 047.0060 284.6217 0012871 110.1864 250.0405 14.52904130 59675
1 40091U 14040F   15241.51170715  .00000073  00000-0  57214-4 0  9996,2 40091 047.0059 278.5030 0012888 116.4006 243.8201 14.52904734 59868
1 40091U 14040F   15241.58047495 +.00000071 +00000-0 +56812-4 0  9992,2 40091 047.0059 278.1809 0012888 116.7227 243.4977 14.52904764042946
1 40091U 14040F   15242.54322420  .00000039  00000-0  49211-4 0  9992,2 40091 047.0058 273.6724 0012902 121.2587 238.9562 14.52905071 60017
1 40091U 14040F   15243.50597302 +.00000030 +00000-0 +47006-4 0  9993,2 40091 047.0056 269.1638 0012925 125.8450 234.3636 14.52905470043222
1 40091U 14040F   15244.19365046  .00000022  00000-0  44980-4 0  9996,2 40091  47.0055 265.9432 0012944 129.1203 231.0833 14.52905757 60243
1 40091U 14040F   15245.50023732 -.00000009  00000-0  37455-4 0  9990,2 40091  47.0053 259.8245 0012981 135.2457 224.9476 14.52906104 60437
1 40091U 14040F   15246.46298518 -.00000020 +00000-0 +34933-4 0  9993,2 40091 047.0052 255.3158 0013015 139.7561 220.4288 14.52906354043658
1 40091U 14040F   15247.15066194 -.00000022  00000-0  34480-4 0  9992,2 40091  47.0052 252.0952 0013040 142.9981 217.1804 14.52906568 60679
1 40091U 14040F   15248.18217652  .00000013  00000-0  42893-4 0  9999,2 40091  47.0052 247.2643 0013109 147.8935 212.2749 14.52907161 60822
1 40091U 14040F   15249.48876124  .00000041  00000-0  49514-4 0  9996,2 40091  47.0051 241.1455 0013162 153.9610 206.1938 14.52907790 61014
1 40091U 14040F   15251.13918299  .00000043  00000-0  50115-4 0  9992,2 40091  47.0053 233.4163 0013249 161.5997 198.5368 14.52908551 61258
1 40091U 14040F   15251.96439343 +.00000057 +00000-0 +53518-4 0  9996,2 40091 047.0053 229.5517 0013288 165.4138 194.7131 14.52909021044452
1 40091U 14040F   15252.37699856  .00000060  00000-0  54067-4 0  9993,2 40091  47.0054 227.6196 0013313 167.2834 192.8388 14.52909247 61437
1 40091U 14040F   15253.40851095  .00000078  00000-0  58360-4 0  9992,2 40091  47.0054 222.7890 0013364 171.9661 188.1438 14.52909907 61583
1 40091U 14040F   15253.95865081 +.00000043 +00000-0 +50083-4 0  9998,2 40091 047.0054 220.2126 0013391 174.4672 185.6361 14.52910001044741
1 40091U 14040F   15255.12769753  .00000051  00000-0  51953-4 0  9994,2 40091  47.0055 214.7380 0013456 179.7677 180.3215 14.52910658 61834
1 40091U 14040F   15256.15920918  .00000023  00000-0  45265-4 0  9998,2 40091  47.0056 209.9074 0013512 184.4056 175.6710 14.52910972 61980
1 40091U 14040F   15257.19072047  .00000022  00000-0  44880-4 0  9995,2 40091  47.0056 205.0769 0013570 189.0168 171.0473 14.52911427 62137
1 40091U 14040F   15258.29099885  .00000034  00000-0  47896-4 0  9999,2 40091  47.0057 199.9243 0013628 193.9764 166.0744 14.52911956 62295
1 40091U 14040F   15258.90990531 +.00000030 +00000-0 +46841-4 0  9990,2 40091 047.0057 197.0259 0013666 196.7554 163.2880 14.52912173045463
1 40091U 14040F   15260.14771794  .00000040  00000-0  49196-4 0  9994,2 40091  47.0059 191.2294 0013731 202.2639 157.7650 14.52912737 62569
1 40091U 14040F   15261.17922810  .00000076  00000-0  57984-4 0  9998,2 40091  47.0060 186.3989 0013772 206.7835 153.2338 14.52913400 62718
1 40091U 14040F   15262.21073781  .00000126  00000-0  70036-4 0  9997,2 40091  47.0060 181.5684 0013817 211.2903 148.7159 14.52914209 62868
1 40091U 14040F   15262.89841066 +.00000131 +00000-0 +71238-4 0  9991,2 40091 047.0061 178.3480 0013848 214.2875 145.7115 14.52914661046045
1 40091U 14040F   15263.24224701  .00000171  00000-0  80770-4 0  9997,2 40091  47.0061 176.7379 0013854 215.7821 144.2135 14.52915088 63014
1 40091U 14040F   15263.86115222 +.00000165 +00000-0 +79286-4 0  9995,2 40091 047.0061 173.8395 0013882 218.4782 141.5112 14.52915516046187
1 40091U 14040F   15265.16772952  .00000167  00000-0  79797-4 0  9998,2 40091  47.0060 167.7210 0013926 224.1674 135.8099 14.52916462 63299
1 40091U 14040F   15266.19923753  .00000167  00000-0  79863-4 0  9993,2 40091  47.0059 162.8905 0013962 228.6347 131.3336 14.52917197 63448
1 40091U 14040F   15266.88690924 +.00000160 +00000-0 +78154-4 0  9995,2 40091 047.0059 159.6700 0013988 231.5945 128.3683 14.52917682046621
1 40091U 14040F   15267.78088233  .00000179  00000-0  82669-4 0  9995,2 40091  47.0058 155.4835 0014014 235.5002 124.4558 14.52918408 63671
1 40091U 14040F   15267.91841662 +.00000177 +00000-0 +82227-4 0  9991,2 40091 047.0058 154.8394 0014020 236.0589 123.8962 14.52918490046772
1 40091U 14040F   15268.81238931  .00000191  00000-0  85478-4 0  9997,2 40091  47.0057 150.6528 0014046 239.9287 120.0204 14.52919208 63820
1 40091U 14040F   15268.88115645 +.00000206 +00000-0 +89101-4 0  9994,2 40091 047.0057 150.3308 0014044 240.2006 119.7481 14.52919333046917
1 40091U 14040F   15269.84389604  .00000188  00000-0  84794-4 0  9991,2 40091  47.0057 145.8222 0014062 244.3050 115.6381 14.52919913 63978
1 40091U 14040F   15269.91266317 +.00000185 +00000-0 +84086-4 0  9995,2 40091 047.0057 145.5001 0014064 244.6069 115.3359 14.52919932047060
1 40091U 14040F   15271.08170388  .00000179  00000-0  82724-4 0  9998,2 40091  47.0056 140.0255 0014082 249.6467 110.2904 14.52920637 64150
1 40091U 14040F   15272.11321000  .00000177  00000-0  82084-4 0  9999,2 40091  47.0056 135.1948 0014101 254.0616 105.8714 14.52921283 64306
1 40091U 14040F   15272.93841475 +.00000152 +00000-0 +76073-4 0  9996,2 40091 047.0056 131.3303 0014111 257.5664 102.3640 14.52921670047504
1 40091U 14040F   15273.83238629  .00000164  00000-0  79096-4 0  9998,2 40091  47.0056 127.1437 0014121 261.3956  98.5327 14.52922316 64553
1 40091U 14040F   15273.90115335 +.00000162 +00000-0 +78476-4 0  9993,2 40091 047.0056 126.8216 0014122 261.7003 098.2279 14.52922336047648
1 40091U 14040F   15275.07019263  .00000181  00000-0  83242-4 0  9994,2 40091  47.0055 121.3469 0014123 266.6980  93.2288 14.52923230 64734
1 40091U 14040F   15275.89539660 +.00000189 +00000-0 +85089-4 0  9991,2 40091 047.0055 117.4823 0014121 270.1757 089.7508 14.52923830047938
1 40091U 14040F   15276.78936728  .00000201  00000-0  88020-4 0  9999,2 40091  47.0055 113.2955 0014121 273.9827  85.9442 14.52924514 64986
1 40091U 14040F   15276.92690125 +.00000190 +00000-0 +85337-4 0  9998,2 40091 047.0054 112.6515 0014118 274.5824 085.3447 14.52924536048086
1 40091U 14040F   15277.82087163  .00000166  00000-0  79650-4 0  9994,2 40091  47.0054 108.4647 0014111 278.3544  81.5740 14.52925033 65131
1 40091U 14040F   15277.88963858 +.00000167 +00000-0 +79876-4 0  9995,2 40091 047.0054 108.1427 0014108 278.6473 081.2812 14.52925085048229
1 40091U 14040F   15278.85237577  .00000142  00000-0  73835-4 0  9997,2 40091  47.0054 103.6339 0014093 282.7958  77.1350 14.52925602 65289
1 40091U 14040F   15278.92114271 +.00000142 +00000-0 +73770-4 0  9998,2 40091 047.0054 103.3118 0014091 283.1104 076.8206 14.52925645048371
1 40091U 14040F   15279.88387963  .00000125  00000-0  69733-4 0  9999,2 40091  47.0054  98.8030 0014077 287.2502  72.6841 14.52926189 65432
1 40091U 14040F   15280.91538293  .00000163  00000-0  78921-4 0  9990,2 40091  47.0055  93.9722 0014054 291.7103  68.2284 14.52927155 65581
1 40091U 14040F   15281.94688568  .00000174  00000-0  81376-4 0  9995,2 40091  47.0057  89.1415 0014026 296.0820  63.8619 14.52928043 65739
1 40091U 14040F   15283.45975631  .00000121  00000-0  68851-4 0  9998,2 40091  47.0059  82.0564 0013989 302.5908  57.3624 14.52928799 65951
1 40091U 14040F   15284.49125862  .00000109  00000-0  65952-4 0  9991,2 40091  47.0060  77.2257 0013953 307.0352  52.9255 14.52929440 66105
1 40091U 14040F   15285.52276060  .00000111  00000-0  66321-4 0  9997,2 40091  47.0062  72.3950 0013917 311.4843  48.4845 14.52930148 66255
1 40091U 14040F   15285.86659450 +.00000120 +00000-0 +68529-4 0  9994,2 40091 047.0062 070.7849 0013904 313.0134 046.9584 14.52930431049384
1 40091U 14040F   15286.76056260  .00000124  00000-0  69554-4 0  9997,2 40091  47.0063  66.5983 0013869 316.8827  43.0969 14.52930999 66436
1 40091U 14040F   15287.79206382  .00000176  00000-0  82022-4 0  9995,2 40091  47.0064  61.7676 0013828 321.3857  38.6036 14.52931936 66585
1 40091U 14040F   15288.82356473  .00000189  00000-0  85099-4 0  9998,2 40091  47.0066  56.9370 0013784 325.9062  34.0935 14.52932661 66734
1 40091U 14040F   15290.47396532  .00000212  00000-0  90702-4 0  9996,2 40091  47.0069  49.2078 0013706 333.1076  26.9096 14.52933854 66976
1 40091U 14040F   15290.81779855 +.00000244 +00000-0 +98251-4 0  9999,2 40091 047.0069 047.5977 0013688 334.6523 025.3688 14.52934291050101
1 40091U 14040F   15291.78053117  .00000278  00000-0  10643-3 0  9997,2 40091  47.0071  43.0893 0013639 338.8722  21.1596 14.52935282 67162
1 40091U 14040F   15293.15586239  .00000361  00000-0  12648-3 0  9996,2 40091  47.0073  36.6486 0013571 344.9219  15.1258 14.52936979 67368
1 40091U 14040F   15294.39365896  .00000412  00000-0  13870-3 0  9992,2 40091  47.0074  30.8519 0013501 350.4248   9.6376 14.52938636 67540
1 40091U 14040F   15294.73749111 +.00000421 +00000-0 +14076-3 0  9995,2 40091 047.0074 029.2418 0013486 352.0022 008.0645 14.52939092050675
1 40091U 14040F   15295.70022035  .00000460  00000-0  15018-3 0  9992,2 40091  47.0074  24.7333 0013430 356.3187   3.7596 14.52940532 67732
1 40091U 14040F   15297.21307857  .00000596  00000-0  18284-3 0  9996,2 40091  47.0074  17.6483 0013346   3.1238 356.9727 14.52943369 67953
1 40091U 14040F   15298.38210378  .00000555  00000-0  17306-3 0  9995,2 40091  47.0074  12.1736 0013283   8.4365 351.6739 14.52944884 68121
1 40091U 14040F   15299.41359570  .00000457  00000-0  14948-3 0  9998,2 40091  47.0073   7.3430 0013225  13.1403 346.9822 14.52945789 68270
1 40091U 14040F   15300.51385267  .00000422  00000-0  14110-3 0  9997,2 40091  47.0073   2.1904 0013172  18.1650 341.9702 14.52947105 68433
1 40091U 14040F   15301.54534272  .00000384  00000-0  13193-3 0  9990,2 40091  47.0073 357.3597 0013120  22.9200 337.2266 14.52948207 68586
1 40091U 14040F   15302.57683194  .00000377  00000-0  13012-3 0  9994,2 40091  47.0073 352.5291 0013076  27.6034 332.5541 14.52949362 68735
1 40091U 14040F   15304.15844697  .00000368  00000-0  12804-3 0  9995,2 40091  47.0072 345.1221 0013000  34.9207 325.2527 14.52951083 68966
1 40091U 14040F   15305.53376346  .00000405  00000-0  13687-3 0  9991,2 40091  47.0071 338.6814 0012944  41.2987 318.8873 14.52952485 69164
1 40091U 14040F   15306.56524983  .00000383  00000-0  13159-3 0  9996,2 40091  47.0070 333.8507 0012901  46.1645 314.0303 14.52953284 69318
1 40091U 14040F   15308.07809507  .00000299  00000-0  11140-3 0  9996,2 40091  47.0068 326.7654 0012848  53.2597 306.9464 14.52954135 69532
1 40091U 14040F   15309.17834513  .00000288  00000-0  10875-3 0  9995,2 40091  47.0067 321.6125 0012805  58.5121 301.7012 14.52954992 69692
1 40091U 14040F   15310.48489119  .00000234  00000-0  95834-4 0  9999,2 40091  47.0067 315.4935 0012784  64.6807 295.5399 14.52955730 69887
1 40091U 14040F   15310.96624994 +.00000215 +00000-0 +91337-4 0  9997,2 40091 047.0067 313.2390 0012767 066.9720 293.2508 14.52955995053038
1 40091U 14040F   15311.79143563  .00000261  00000-0  10236-3 0  9996,2 40091  47.0067 309.3744 0012759  70.8476 289.3787 14.52957003 70070
1 40091U 14040F   15311.86020110 +.00000252 +00000-0 +10032-3 0  9990,2 40091 047.0067 309.0524 0012758 071.1622 289.0644 14.52957008053164
1 40091U 14040F   15312.82291714  .00000229  00000-0  94598-4 0  9991,2 40091  47.0067 304.5436 0012741  75.7983 284.4315 14.52957748 70229
1 40091U 14040F   15312.96044785 +.00000232 +00000-0 +95417-4 0  9995,2 40091 047.0067 303.8995 0012738 076.4675 283.7627 14.52957911053325
1 40091U 14040F   15313.92316284  .00000282  00000-0  10732-3 0  9999,2 40091  47.0066 299.3908 0012733  81.0649 279.1675 14.52959112 70387
1 40091U 14040F   15315.02340756  .00000325  00000-0  11784-3 0  9999,2 40091  47.0066 294.2380 0012728  86.3514 273.8825 14.52960432 70541
1 40091U 14040F   15316.05488612  .00000293  00000-0  11014-3 0  9997,2 40091  47.0066 289.4072 0012735  91.2813 268.9529 14.52961285 70699
1 40091U 14040F   15317.36142466  .00000261  00000-0  10241-3 0  9992,2 40091  47.0065 283.2883 0012752  97.4452 262.7881 14.52962295 70882
1 40091U 14040F   15317.70525023 +.00000261 +00000-0 +10228-3 0  9999,2 40091 047.0066 281.6781 0012750 099.0653 261.1674 14.52962636054010
1 40091U 14040F   15318.87425638  .00000293  00000-0  11000-3 0  9993,2 40091  47.0065 276.2031 0012768 104.6402 255.5898 14.52963972 71109
1 40091U 14040F   15318.94302143 +.00000261 +00000-0 +10230-3 0  9995,2 40091 047.0065 275.8810 0012772 104.9688 255.2610 14.52963872054191
1 40091U 14040F   15319.90573148  .00000281  00000-0  10714-3 0  9996,2 40091  47.0065 271.3722 0012791 109.5522 250.6744 14.52964939 71251
1 40091U 14040F   15321.21226455  .00000391  00000-0  13356-3 0  9996,2 40091  47.0065 265.2534 0012829 115.7051 244.5159 14.52967068 71441
1 40091U 14040F   15322.24373687  .00000458  00000-0  14958-3 0  9993,2 40091  47.0065 260.4226 0012865 120.5710 239.6444 14.52968674 71594
1 40091U 14040F   15323.27520773  .00000479  00000-0  15473-3 0  9993,2 40091  47.0065 255.5918 0012904 125.4080 234.8010 14.52970215 71742
1 40091U 14040F   15323.82532525 +.00000445 +00000-0 +14647-3 0  9997,2 40091 047.0065 253.0153 0012919 128.0130 232.1921 14.52970730054900
1 40091U 14040F   15325.20061742  .00000381  00000-0  13110-3 0  9992,2 40091  47.0063 246.5744 0012985 134.5057 225.6889 14.52972261 72028
1 40091U 14040F   15326.23208525  .00000418  00000-0  13999-3 0  9994,2 40091  47.0062 241.7437 0013028 139.3328 220.8531 14.52973849 72176
1 40091U 14040F   15327.26355210  .00000400  00000-0  13573-3 0  9991,2 40091  47.0061 236.9130 0013080 144.1728 216.0035 14.52975066 72323
1 40091U 14040F   15327.81366749 +.00000387 +00000-0 +13258-3 0  9995,2 40091 047.0060 234.3364 0013111 146.7633 213.4076 14.52975617055487
1 40091U 14040F   15328.91389763 +.00000292 +00000-0 +10965-3 0  9995,2 40091 047.0058 229.1835 0013174 151.8885 208.2712 14.52976305055646
1 40091U 14040F   15330.15165569  .00000240  00000-0  97353-4 0  9990,2 40091  47.0057 223.3866 0013243 157.5734 202.5731 14.52977191 72740
1 40091U 14040F   15331.18312009  .00000195  00000-0  86532-4 0  9993,2 40091  47.0056 218.5557 0013303 162.3027 197.8322 14.52977815 72899
1 40091U 14040F   15331.87076259 +.00000179 +00000-0 +82557-4 0  9998,2 40091 047.0056 215.3351 0013349 165.4779 194.6490 14.52978300056077
1 40091U 14040F   15332.83346180  .00000178  00000-0  82422-4 0  9998,2 40091  47.0055 210.8263 0013412 169.8663 190.2493 14.52979011 73130
1 40091U 14040F   15332.90222602 +.00000161 +00000-0 +78356-4 0  9991,2 40091 047.0055 210.5043 0013417 170.1831 189.9317 14.52978968056221
1 40091U 14040F   15334.13998157  .00000128  00000-0  70399-4 0  9995,2 40091  47.0054 204.7074 0013491 175.7909 184.3090 14.52979623 73324
1 40091U 14040F   15335.44650035  .00000141  00000-0  73471-4 0  9999,2 40091  47.0051 198.5883 0013566 181.7752 178.3085 14.52980573 73519
1 40091U 14040F   15335.85908518 +.00000130 +00000-0 +70952-4 0  9995,2 40091 047.0051 196.6560 0013595 183.5974 176.4813 14.52980762056652
1 40091U 14040F   15336.82178270  .00000109  00000-0  65923-4 0  9995,2 40091  47.0049 192.1471 0013655 187.9229 172.1441 14.52981236 73712
1 40091U 14040F   15336.89054682 +.00000110 +00000-0 +66034-4 0  9998,2 40091 047.0049 191.8251 0013657 188.2234 171.8428 14.52981273056809
1 40091U 14040F   15337.99077201  .00000102  00000-0  64137-4 0  9995,2 40091  47.0047 186.6721 0013726 193.1366 166.9162 14.52981908 73881
1 40091U 14040F   15339.02223267  .00000117  00000-0  67783-4 0  9992,2 40091  47.0046 181.8411 0013787 197.7182 162.3222 14.52982621 74034
1 40091U 14040F   15340.05369266  .00000201  00000-0  87919-4 0  9994,2 40091  47.0045 177.0101 0013848 202.3083 157.7199 14.52983771 74181
1 40091U 14040F   15341.36020778  .00000278  00000-0  10628-3 0  9997,2 40091  47.0046 170.8907 0013911 208.1428 151.8704 14.52985185 74374
1 40091U 14040F   15342.52919410  .00000310  00000-0  11391-3 0  9991,2 40091  47.0046 165.4154 0013974 213.3263 146.6742 14.52986344 74543
1 40091U 14040F   15343.56065195  .00000322  00000-0  11692-3 0  9995,2 40091  47.0047 160.5844 0014040 217.8297 142.1600 14.52987377 74694
1 40091U 14040F   15343.90447100 +.00000286 +00000-0 +10835-3 0  9990,2 40091 047.0048 158.9742 0014061 219.3227 140.6636 14.52987552057829
1 40091U 14040F   15344.72963634  .00000432  00000-0  14328-3 0  9990,2 40091  47.0048 155.1093 0014093 222.9725 137.0058 14.52989242 74864
1 40091U 14040F   15344.86716389 +.00000436 +00000-0 +14418-3 0  9992,2 40091 047.0048 154.4653 0014095 223.5717 136.4054 14.52989408057963
1 40091U 14040F   15345.82985640  .00000412  00000-0  13834-3 0  9992,2 40091  47.0049 149.9564 0014137 227.7916 132.1768 14.52990312 75026
1 40091U 14040F   15345.89862013 +.00000398 +00000-0 +13520-3 0  9992,2 40091 047.0049 149.6343 0014136 228.0903 131.8776 14.52990320058112
1 40091U 14040F   15346.86131164  .00000415  00000-0  13905-3 0  9993,2 40091  47.0049 145.1253 0014194 232.2846 127.6751 14.52991566 75174
1 40091U 14040F   15347.89276647  .00000368  00000-0  12793-3 0  9994,2 40091  47.0050 140.2943 0014232 236.7792 123.1728 14.52992487 75325
1 40091U 14040F   15348.85545678 +.00000466 +00000-0 +15142-3 0  9994,2 40091 047.0051 135.7853 0014271 240.9790 118.9663 14.52994154058541
1 40091U 14040F   15349.81814635  .00000497  00000-0  15881-3 0  9997,2 40091  47.0052 131.2763 0014303 245.1680 114.7716 14.52995534 75606
1 40091U 14040F   15349.88690982 +.00000512 +00000-0 +16235-3 0  9993,2 40091 047.0053 130.9543 0014306 245.4745 114.4647 14.52995720058694
1 40091U 14040F   15350.84959916  .00000376  00000-0  12982-3 0  9999,2 40091  47.0054 126.4454 0014338 249.6600 110.2743 14.52996109 75756
1 40091U 14040F   15352.15610499  .00000354  00000-0  12458-3 0  9999,2 40091  47.0057 120.3261 0014382 255.3435 104.5854 14.52997521 75946
1 40091U 14040F   15353.46260990  .00000408  00000-0  13758-3 0  9995,2 40091  47.0060 114.2070 0014415 260.9797  98.9455 14.52999299 76139
1 40091U 14040F   15354.49406043  .00000353  00000-0  12422-3 0  9996,2 40091  47.0062 109.3761 0014425 265.4097  94.5138 14.53000176 76281
1 40091U 14040F   15354.76911385 +.00000319 +00000-0 +11616-3 0  9992,2 40091 047.0062 108.0880 0014429 266.6056 093.3177 14.53000296059409
1 40091U 14040F   15355.73179955  .00000420  00000-0  14033-3 0  9998,2 40091  47.0063 103.5793 0014430 270.7502  89.1728 14.53002149 76466
1 40091U 14040F   15356.76324852  .00000363  00000-0  12666-3 0  9996,2 40091  47.0064  98.7484 0014442 275.2018  84.7217 14.53003049 76615
1 40091U 14040F   15358.48232829  .00000386  00000-0  13210-3 0  9990,2 40091  47.0066  90.6968 0014453 282.6116  77.3151 14.53005278 76866
1 40091U 14040F   15359.51377528  .00000372  00000-0  12875-3 0  9992,2 40091  47.0067  85.8659 0014444 287.0918  72.8383 14.53006484 77014
1 40091U 14040F   15359.72006466 +.00000351 +00000-0 +12379-3 0  9991,2 40091 047.0067 084.8998 0014437 287.9994 071.9316 14.53006615060120
1 40091U 14040F   15360.68274800  .00000301  00000-0  11192-3 0  9994,2 40091  47.0068  80.3910 0014424 292.1740  67.7612 14.53007461 77185
1 40091U 14040F   15361.98924594  .00000255  00000-0  10078-3 0  9990,2 40091  47.0070  74.2718 0014423 297.8604  62.0818 14.53008633 77375
1 40091U 14040F   15363.15821716  .00000227  00000-0  94191-4 0  9991,2 40091  47.0071  68.7968 0014397 302.8952  57.0546 14.53009640 77544
1 40091U 14040F   15364.53347684  .00000284  00000-0  10772-3 0  9996,2 40091  47.0072  62.3558 0014360 308.9021  51.0581 14.53011203 77747
1 40091U 14040F   15364.60223983 +.00000284 +00000-0 +10773-3 0  9990,2 40091 047.0072 062.0338 0014358 309.2102 050.7506 14.53011258060836
1 40091U 14040F   15365.63368393  .00000290  00000-0  10911-3 0  9990,2 40091  47.0072  57.2029 0014329 313.7134  46.2562 14.53012220 77900
1 40091U 14040F   16002.14646776  .00000179  00000-0  82599-4 0  9997,2 40091  47.0072  50.1175 0014280 320.3288  39.6550 14.53012950 78122
1 40091U 14040F   16003.52172488  .00000216  00000-0  91394-4 0  9999,2 40091  47.0071  43.6763 0014224 326.4117  33.5864 14.53014313 78325
1 40091U 14040F   16004.55316737  .00000183  00000-0  83584-4 0  9995,2 40091  47.0071  38.8452 0014191 330.9903  29.0190 14.53014944 78470
1 40091U 14040F   16006.13471183  .00000128  00000-0  70330-4 0  9992,2 40091  47.0071  31.4376 0014117 338.0023  22.0253 14.53015776 78707
1 40091U 14040F   16007.16615341  .00000119  00000-0  68317-4 0  9994,2 40091  47.0072  26.6065 0014074 342.6293  17.4107 14.53016421 78851
1 40091U 14040F   16008.47264567  .00000110  00000-0  66097-4 0  9993,2 40091  47.0072  20.4874 0014020 348.5058  11.5504 14.53017127 79048
1 40091U 14040F   16008.88522201 +.00000113 +00000-0 +66873-4 0  9995,2 40091 047.0073 018.5550 0014018 350.3525 009.7088 14.53017382062181
1 40091U 14040F   16009.84789985  .00000092  00000-0  61710-4 0  9997,2 40091  47.0073  14.0461 0013957 354.6948   5.3786 14.53017848 79249
1 40091U 14040F   16011.08562783  .00000106  00000-0  65121-4 0  9997,2 40091  47.0073   8.2488 0013880   0.3155 359.7735 14.53018715 79427
1 40091U 14040F   16012.11706729  .00000132  00000-0  71310-4 0  9998,2 40091  47.0073   3.4178 0013822   5.0189 355.0830 14.53019515 79575
1 40091U 14040F   16013.14850616  .00000172  00000-0  80843-4 0  9992,2 40091  47.0073 358.5868 0013774   9.7764 350.3385 14.53020446 79726
1 40091U 14040F   16014.17994434  .00000183  00000-0  83649-4 0  9992,2 40091  47.0073 353.7557 0013725  14.5355 345.5921 14.53021265 79872
1 40091U 14040F   16015.41766943  .00000178  00000-0  82474-4 0  9991,2 40091  47.0073 347.9585 0013675  20.2797 339.8627 14.53022144 80054
1 40091U 14040F   16016.44910644  .00000173  00000-0  81105-4 0  9999,2 40091  47.0073 343.1275 0013635  25.0784 335.0759 14.53022852 80200
1 40091U 14040F   16016.93044343 +.00000168 +00000-0 +79921-4 0  9994,2 40091 047.0073 340.8729 0013602 027.3045 332.8551 14.53023176063359
1 40091U 14040F   16018.16816665  .00000160  00000-0  78150-4 0  9990,2 40091  47.0074 335.0758 0013556  33.1108 327.0621 14.53024017 80450
1 40091U 14040F   16019.19960196  .00000159  00000-0  77725-4 0  9998,2 40091  47.0074 330.2450 0013515  37.9626 322.2208 14.53024740 80606
1 40091U 14040F   16020.29979890  .00000191  00000-0  85569-4 0  9993,2 40091  47.0073 325.0920 0013484  43.1578 317.0360 14.53025691 80763
1 40091U 14040F   16020.84989693 +.00000208 +00000-0 +89620-4 0  9997,2 40091 047.0073 322.5154 0013462 045.7317 314.4668 14.53026200063927
1 40091U 14040F   16021.81256763  .00000244  00000-0  98220-4 0  9996,2 40091  47.0072 318.0066 0013437  50.3086 309.8981 14.53027276 80980
1 40091U 14040F   16021.88132981 +.00000241 +00000-0 +97553-4 0  9993,2 40091 047.0072 317.6845 0013431 050.6418 309.5653 14.53027325064076
1 40091U 14040F   16022.84399975  .00000275  00000-0  10571-3 0  9999,2 40091  47.0071 313.1756 0013407  55.2140 305.0004 14.53028418 81134
1 40091U 14040F   16022.91276197 +.00000248 +00000-0 +99077-4 0  9996,2 40091 047.0071 312.8535 0013403 055.5458 304.6690 14.53028303064226
1 40091U 14040F   16024.15047962  .00000250  00000-0  99562-4 0  9992,2 40091  47.0070 307.0565 0013389  61.4607 298.7623 14.53029423 81322
1 40091U 14040F   16025.18191017  .00000215  00000-0  91216-4 0  9996,2 40091  47.0068 302.2255 0013377  66.3839 293.8448 14.53030144 81479
1 40091U 14040F   16025.86953011 +.00000162 +00000-0 +78581-4 0  9992,2 40091 047.0068 299.0047 0013370 069.6797 290.5522 14.53030464064656
1 40091U 14040F   16026.83219757  .00000169  00000-0  80188-4 0  9995,2 40091  47.0066 294.4957 0013363  74.2921 285.9436 14.53031254 81712
1 40091U 14040F   16026.90095958 +.00000145 +00000-0 +74367-4 0  9994,2 40091 047.0067 294.1737 0013363 074.6311 285.6048 14.53031158064803
1 40091U 14040F   16028.06991232  .00000090  00000-0  61315-4 0  9991,2 40091  47.0065 288.6986 0013354  80.2456 279.9935 14.53031616 81896
1 40091U 14040F   16028.89505494 +.00000079 +00000-0 +58717-4 0  9992,2 40091 047.0064 284.8337 0013355 084.2101 276.0305 14.53032060065092
1 40091U 14040F   16029.85772093  .00000075  00000-0  57705-4 0  9992,2 40091  47.0062 280.3247 0013348  88.8212 271.4200 14.53032542 82150
1 40091U 14040F   16031.16419561  .00000054  00000-0  52562-4 0  9990,2 40091  47.0059 274.2056 0013373  95.0953 265.1457 14.53033026 82349
1 40091U 14040F   16031.85181340 +.00000065 +00000-0 +55369-4 0  9997,2 40091 047.0058 270.9848 0013380 098.4361 261.8039 14.53033421065527
1 40091U 14040F   16032.67695433  .00000115  00000-0  67233-4 0  9990,2 40091  47.0056 267.1199 0013395 102.3876 257.8507 14.53034100 82567
1 40091U 14040F   16033.84590359  .00000106  00000-0  65111-4 0  9994,2 40091  47.0054 261.6446 0013426 108.0058 252.2289 14.53034574 82739
1 40091U 14040F   16033.91466530 +.00000086 +00000-0 +60365-4 0  9998,2 40091 047.0053 261.3225 0013430 108.3318 251.9027 14.53034494065825
1 40091U 14040F   16035.01485186  .00000098  00000-0  63081-4 0  9990,2 40091  47.0051 256.1693 0013460 113.6010 246.6288 14.53035138 82909
1 40091U 14040F   16036.39008393  .00000127  00000-0  70175-4 0  9998,2 40091  47.0051 249.7275 0013504 120.1708 240.0515 14.53036109 83102
1 40091U 14040F   16037.55903006  .00000166  00000-0  79413-4 0  9999,2 40091  47.0049 244.2520 0013544 125.7395 234.4750 14.53037101 83278
1 40091U 14040F   16037.90283741 +.00000169 +00000-0 +80273-4 0  9994,2 40091 047.0049 242.6416 0013555 127.3780 232.8340 14.53037412066400
1 40091U 14040F   16038.65921345  .00000228  00000-0  94220-4 0  9999,2 40091  47.0049 239.0986 0013581 130.9788 229.2273 14.53038341 83438
1 40091U 14040F   16038.93425914 +.00000243 +00000-0 +97850-4 0  9990,2 40091 047.0049 237.8103 0013597 132.2690 227.9349 14.53038657066552
1 40091U 14040F   16039.96567981  .00000267  00000-0  10357-3 0  9997,2 40091  47.0048 232.9791 0013642 137.1644 223.0304 14.53039755 83629
1 40091U 14040F   16041.13462224  .00000310  00000-0  11398-3 0  9998,2 40091  47.0047 227.5037 0013687 142.6709 217.5127 14.53041147 83790
1 40091U 14040F   16042.30356336  .00000363  00000-0  12662-3 0  9997,2 40091  47.0047 222.0282 0013735 148.1695 212.0021 14.53042655 83968
1 40091U 14040F   16043.47250311  .00000409  00000-0  13752-3 0  9994,2 40091  47.0047 216.5526 0013800 153.6848 206.4739 14.53044208 84130
1 40091U 14040F   16044.50391952  .00000395  00000-0  13437-3 0  9990,2 40091  47.0047 211.7212 0013862 158.5135 201.6333 14.53045342 84283
1 40091U 14040F   16044.84772499 +.00000373 +00000-0 +12907-3 0  9993,2 40091 047.0048 210.1109 0013877 160.0440 200.0988 14.53045569067411
1 40091U 14040F   16045.81037907  .00000488  00000-0  15649-3 0  9992,2 40091  47.0049 205.6016 0013931 164.5600 195.5711 14.53047326 84476
1 40091U 14040F   16045.87914004 +.00000453 +00000-0 +14817-3 0  9998,2 40091 047.0049 205.2795 0013936 164.8686 195.2617 14.53047230067565
1 40091U 14040F   16046.84179349  .00000416  00000-0  13921-3 0  9995,2 40091  47.0050 200.7703 0013995 169.3745 190.7436 14.53048133 84625
1 40091U 14040F   16047.87320655  .00000516  00000-0  16315-3 0  9998,2 40091  47.0052 195.9390 0014062 174.1671 185.9379 14.53050012 84779
1 40091U 14040F   16049.17966248  .00000356  00000-0  12501-3 0  9992,2 40091  47.0055 189.8194 0014141 180.1824 179.9057 14.53050668 84965
1 40091U 14040F   16050.48611729  .00000339  00000-0  12084-3 0  9996,2 40091  47.0056 183.6999 0014229 186.1219 173.9493 14.53051996 85157
1 40091U 14040F   16051.51752825  .00000241  00000-0  97258-4 0  9993,2 40091  47.0057 178.8687 0014290 190.8221 169.2357 14.53052507 85304
1 40091U 14040F   16051.79257120 +.00000215 +00000-0 +91186-4 0  9996,2 40091 047.0057 177.5805 0014304 192.0384 168.0159 14.53052600068427
1 40091U 14040F   16052.75522093  .00000179  00000-0  82575-4 0  9998,2 40091  47.0057 173.0714 0014361 196.3934 163.6487 14.53053244 85483
1 40091U 14040F   16054.13043397  .00000136  00000-0  72208-4 0  9992,2 40091  47.0058 166.6299 0014438 202.6495 157.3753 14.53054145 85687
1 40091U 14040F   16055.43688567  .00000186  00000-0  84224-4 0  9996,2 40091  47.0059 160.5103 0014531 208.5096 151.4994 14.53055338 85879
1 40091U 14040F   16055.57440697 +.00000174 +00000-0 +81297-4 0  9995,2 40091 047.0059 159.8662 0014535 209.0884 150.9191 14.53055339068971
1 40091U 14040F   16056.60581563  .00000205  00000-0  88749-4 0  9992,2 40091  47.0059 155.0351 0014598 213.6731 146.3226 14.53056241 86044
1 40091U 14040F   16057.63722402  .00000182  00000-0  83163-4 0  9994,2 40091  47.0060 150.2040 0014655 218.2452 141.7392 14.53056825 86190
1 40091U 14040F   16058.66863193  .00000211  00000-0  90063-4 0  9991,2 40091  47.0061 145.3730 0014696 222.8151 137.1589 14.53057728 86341
1 40091U 14040F   16060.18136275  .00000156  00000-0  77036-4 0  9998,2 40091  47.0061 138.2873 0014771 229.5279 130.4317 14.53058582 86567
1 40091U 14040F   16060.59392572 +.00000168 +00000-0 +79812-4 0  9994,2 40091 047.0061 136.3549 0014783 231.3406 128.6155 14.53058917069700
1 40091U 14040F   16061.21276977  .00000149  00000-0  75374-4 0  9992,2 40091  47.0060 133.4561 0014811 234.0967 125.8542 14.53059289 86717
1 40091U 14040F   16062.45045767  .00000211  00000-0  90165-4 0  9995,2 40091  47.0060 127.6588 0014856 239.4966 120.4451 14.53060511 86897
1 40091U 14040F   16062.65673910 +.00000187 +00000-0 +84432-4 0  9996,2 40091 047.0059 126.6926 0014860 240.4378 119.5025 14.53060486070007
1 40091U 14040F   16063.61938496  .00000175  00000-0  81534-4 0  9993,2 40091  47.0059 122.1834 0014888 244.6559 115.2783 14.53061077 87068
1 40091U 14040F   16065.13211378  .00000196  00000-0  86451-4 0  9991,2 40091  47.0058 115.0973 0014929 251.2690 108.6573 14.53062116 87280
1 40091U 14040F   16066.16351956  .00000154  00000-0  76418-4 0  9998,2 40091  47.0057 110.2660 0014944 255.7391 104.1833 14.53062524 87433
1 40091U 14040F   16067.46996618  .00000219  00000-0  92102-4 0  9992,2 40091  47.0058 104.1464 0014964 261.4328  98.4860 14.53063752 87624
1 40091U 14040F   16067.53872657 +.00000214 +00000-0 +90860-4 0  9990,2 40091 047.0058 103.8243 0014965 261.7570 098.1616 14.53063754070718
1 40091U 14040F   16068.50137112  .00000178  00000-0  82219-4 0  9996,2 40091  47.0058  99.3151 0014973 265.9441  93.9731 14.53064241 87774
1 40091U 14040F   16068.57013147 +.00000174 +00000-0 +81369-4 0  9995,2 40091 047.0058 098.9930 0014974 266.2446 093.6725 14.53064263070860
1 40091U 14040F   16070.08285803  .00000146  00000-0  74481-4 0  9990,2 40091  47.0059  91.9070 0014983 272.8081  87.1088 14.53065202 88006
1 40091U 14040F   16071.18302244  .00000135  00000-0  71978-4 0  9997,2 40091  47.0060  86.7535 0014977 277.5900  82.3282 14.53065942 88162
1 40091U 14040F   16072.48946704  .00000172  00000-0  80757-4 0  9992,2 40091  47.0060  80.6339 0014960 283.2806  76.6409 14.53067148 88356
1 40091U 14040F   16074.13971253  .00000136  00000-0  72268-4 0  9991,2 40091  47.0061  72.9035 0014937 290.4654  69.4626 14.53068042 88590
1 40091U 14040F   16075.17111552  .00000190  00000-0  85083-4 0  9993,2 40091  47.0062  68.0720 0014911 294.9746  64.9588 14.53069008 88748
1 40091U 14040F   16076.40879877  .00000206  00000-0  88995-4 0  9994,2 40091  47.0064  62.2745 0014876 300.3632  59.5781 14.53069901 88926
1 40091U 14040F   16076.95888017 +.00000152 +00000-0 +76161-4 0  9992,2 40091 047.0064 059.6976 0014866 302.7516 057.1934 14.53069936072080
1 40091U 14040F   16078.19656281  .00000165  00000-0  79243-4 0  9994,2 40091  47.0067  53.9002 0014821 308.1540  51.8007 14.53070826 89189
1 40091U 14040F   16079.36548499  .00000149  00000-0  75231-4 0  9990,2 40091  47.0068  48.4248 0014773 313.3474  46.6178 14.53071498 89357
1 40091U 14040F   16080.39688661  .00000132  00000-0  71310-4 0  9997,2 40091  47.0070  43.5936 0014729 317.9024  42.0727 14.53072064 89509
1 40091U 14040F   16081.90960835 +.00000104 +00000-0 +64465-4 0  9993,2 40091 047.0071 036.5078 0014656 324.5970 035.3939 14.53072889072802
1 40091U 14040F   16082.87224925  .00000073  00000-0  57058-4 0  9998,2 40091  47.0072  31.9987 0014607 328.8927  31.1091 14.53073267 89864
1 40091U 14040F   16083.90364993  .00000063  00000-0  54750-4 0  9998,2 40091  47.0073  27.1675 0014550 333.5227  26.4912 14.53073790 90018
1 40091U 14040F   16085.21009046  .00000067  00000-0  55763-4 0  9998,2 40091  47.0074  21.0481 0014475 339.4261  20.6039 14.53074484 90204
1 40091U 14040F   16085.89769043 +.00000062 +00000-0 +54618-4 0  9995,2 40091 047.0075 017.8273 0014434 342.4558 017.5825 14.53074820073387
1 40091U 14040F   16086.31025044  .00000074  00000-0  57371-4 0  9991,2 40091  47.0075  15.8949 0014412 344.3877  15.6561 14.53075082 90360
1 40091U 14040F   16086.86033027 +.00000075 +00000-0 +57722-4 0  9992,2 40091 047.0075 013.3182 0014378 346.8542 013.1965 14.53075373073522
1 40091U 14040F   16087.82296964  .00000090  00000-0  61303-4 0  9997,2 40091  47.0076   8.8092 0014317 351.2267   8.8364 14.53076000 90586
1 40091U 14040F   16087.89172958 +.00000088 +00000-0 +60858-4 0  9991,2 40091 047.0076 008.4871 0014312 351.5434 008.5206 14.53076035073672
1 40091U 14040F   16088.85436838  .00000125  00000-0  69703-4 0  9998,2 40091  47.0076   3.9781 0014258 355.8922   4.1842 14.53076835 90732
1 40091U 14040F   16090.16080613  .00000154  00000-0  76664-4 0  9997,2 40091  47.0076 357.8588 0014181   1.9248 358.1688 14.53077846 90927
1 40091U 14040F   16091.53600283  .00000170  00000-0  80375-4 0  9992,2 40091  47.0075 351.4173 0014098   8.2269 351.8843 14.53078870 91120
1 40091U 14040F   16091.81104208 +.00000167 +00000-0 +79703-4 0  9998,2 40091 047.0074 350.1289 0014077 009.5201 350.5947 14.53079042074247
1 40091U 14040F   16092.77367925  .00000157  00000-0  77198-4 0  9996,2 40091  47.0073 345.6199 0014013  13.9805 346.1464 14.53079581 91303
1 40091U 14040F   16093.80507569  .00000139  00000-0  73060-4 0  9995,2 40091  47.0071 340.7886 0013950  18.7944 341.3452 14.53080145 91454
1 40091U 14040F   16093.87383534 +.00000160 +00000-0 +77893-4 0  9998,2 40091 047.0071 340.4665 0013950 019.1198 341.0207 14.53080324074547
1 40091U 14040F   16094.83647157  .00000132  00000-0  71361-4 0  9992,2 40091  47.0070 335.9573 0013897  23.6358 336.5161 14.53080747 91604
1 40091U 14040F   16094.90523129 +.00000130 +00000-0 +70913-4 0  9992,2 40091 047.0070 335.6352 0013889 023.9565 336.1962 14.53080767074697
1 40091U 14040F   16096.14290570  .00000129  00000-0  70667-4 0  9995,2 40091  47.0068 329.8377 0013825  29.7689 330.3979 14.53081460 91792
1 40091U 14040F   16097.51809853  .00000113  00000-0  66671-4 0  9990,2 40091  47.0067 323.3958 0013748  36.2374 323.9438 14.53082153 91993
1 40091U 14040F   16097.86189658 +.00000107 +00000-0 +65385-4 0  9996,2 40091 047.0067 321.7853 0013730 037.8839 322.3008 14.53082325075127
1 40091U 14040F   16098.68701179  .00000104  00000-0  64506-4 0  9996,2 40091  47.0066 317.9203 0013688  41.7920 318.4006 14.53082736 92162
1 40091U 14040F   16099.71840507  .00000114  00000-0  66893-4 0  9992,2 40091  47.0065 313.0889 0013645  46.7013 313.5006 14.53083416 92318
1 40091U 14040F   16100.81855756  .00000085  00000-0  60034-4 0  9996,2 40091  47.0064 307.9354 0013604  51.9120 308.2988 14.53083829 92473
1 40091U 14040F   16100.88731707 +.00000085 +00000-0 +60106-4 0  9992,2 40091 047.0064 307.6133 0013601 052.2466 307.9648 14.53083861075565
1 40091U 14040F   16101.98746888  .00000076  00000-0  57836-4 0  9996,2 40091  47.0062 302.4599 0013568  57.4776 302.7417 14.53084362 92647
1 40091U 14040F   16104.11901093  .00000146  00000-0  74589-4 0  9997,2 40091  47.0060 292.4748 0013503  67.7023 292.5291 14.53085859 92959
1 40091U 14040F   16104.80660441 +.00000188 +00000-0 +84574-4 0  9993,2 40091 047.0059 289.2538 0013484 071.0277 289.2067 14.53086486076138
1 40091U 14040F   16105.70047577  .00000140  00000-0  73242-4 0  9990,2 40091  47.0059 285.0664 0013462  75.4007 284.8368 14.53086722 93189
1 40091U 14040F   16105.83799442 +.00000141 +00000-0 +73508-4 0  9995,2 40091 047.0059 284.4223 0013466 076.0188 284.2192 14.53086796076286
1 40091U 14040F   16106.93814301  .00000129  00000-0  70576-4 0  9997,2 40091  47.0059 279.2687 0013452  81.3057 278.9350 14.53087355 93367
1 40091U 14040F   16108.03829068  .00000135  00000-0  71963-4 0  9994,2 40091  47.0060 274.1150 0013425  86.6862 273.5557 14.53088068 93520
1 40091U 14040F   16109.48223341  .00000123  00000-0  69047-4 0  9993,2 40091  47.0060 267.3510 0013418  93.6674 266.5744 14.53088932 93738
1 40091U 14040F   16110.51362045  .00000092  00000-0  61602-4 0  9998,2 40091  47.0060 262.5196 0013415  98.7078 261.5326 14.53089378 93888
1 40091U 14040F   16110.85741603 +.00000085 +00000-0 +59918-4 0  9995,2 40091 047.0060 260.9093 0013420 100.3731 259.8666 14.53089525077016
1 40091U 14040F   16111.82004336  .00000057  00000-0  53344-4 0  9994,2 40091  47.0060 256.4000 0013438 104.9456 255.2916 14.53089863 94075
1 40091U 14040F   16111.88880242 +.00000055 +00000-0 +52868-4 0  9996,2 40091 047.0060 256.0779 0013436 105.2754 254.9616 14.53089894077165
1 40091U 14040F   16112.92018821  .00000047  00000-0  50969-4 0  9999,2 40091  47.0060 251.2466 0013443 110.2677 249.9653 14.53090365 94230
1 40091U 14040F   16114.15785060  .00000059  00000-0  53848-4 0  9994,2 40091  47.0060 245.4490 0013461 116.1738 244.0531 14.53090959 94415
1 40091U 14040F   16115.18923539  .00000055  00000-0  52784-4 0  9997,2 40091  47.0060 240.6176 0013486 121.1169 239.1039 14.53091362 94567
1 40091U 14040F   16116.49565535  .00000053  00000-0  52235-4 0  9999,2 40091  47.0060 234.4979 0013524 127.4152 232.7964 14.53091898 94754
1 40091U 14040F   16116.77069105 +.00000061 +00000-0 +54347-4 0  9997,2 40091 047.0060 233.2097 0013535 128.6801 231.5295 14.53092056077873
1 40091U 14040F   16117.73331548  .00000073  00000-0  57025-4 0  9996,2 40091  47.0060 228.7004 0013562 133.2885 226.9132 14.53092578 94937
1 40091U 14040F   16118.83345710  .00000081  00000-0  59046-4 0  9998,2 40091  47.0061 223.5470 0013599 138.5205 221.6713 14.53093205 95095
1 40091U 14040F   16119.86483930  .00000098  00000-0  63175-4 0  9995,2 40091  47.0060 218.7158 0013637 143.4132 216.7686 14.53093863 95241
1 40091U 14040F   16121.24001479  .00000111  00000-0  66162-4 0  9999,2 40091  47.0059 212.2740 0013700 149.9133 210.2540 14.53094661 95445
1 40091U 14040F   16122.47767188  .00000101  00000-0  63844-4 0  9994,2 40091  47.0058 206.4764 0013761 155.7264 204.4271 14.53095312 95622
1 40091U 14040F   16123.50905220  .00000113  00000-0  66747-4 0  9998,2 40091  47.0056 201.6450 0013819 160.5370 199.6044 14.53095952 95774
1 40091U 14040F   16124.74670809  .00000107  00000-0  65175-4 0  9994,2 40091  47.0054 195.8474 0013877 166.2578 193.8685 14.53096580 95954
1 40091U 14040F   16126.19063917  .00000073  00000-0  57065-4 0  9992,2 40091  47.0053 189.0833 0013963 172.9608 187.1474 14.53097118 96165
1 40091U 14040F   16127.22201812  .00000051  00000-0  51737-4 0  9991,2 40091  47.0052 184.2519 0014017 177.7282 182.3667 14.53097493 96318
1 40091U 14040F   16128.45967237  .00000040  00000-0  49153-4 0  9994,2 40091  47.0052 178.4542 0014094 183.3360 176.7432 14.53098037 96495
1 40091U 14040F   16129.49105063  .00000018  00000-0  43959-4 0  9993,2 40091  47.0051 173.6229 0014147 188.0264 172.0395 14.53098372 96643
1 40091U 14040F   16129.90360172 +.00000007 +00000-0 +41341-4 0  9994,2 40091 047.0051 171.6903 0014165 189.9118 170.1488 14.53098535079787
1 40091U 14040F   16130.52242830  .00000012  00000-0  42372-4 0  9995,2 40091  47.0050 168.7915 0014200 192.6992 167.3536 14.53098867 96797
1 40091U 14040F   16131.55380577 +.00000030 +00000-0 +46853-4 0  9998,2 40091 047.0050 163.9600 0014255 197.3510 162.6888 14.53099460096948
1 40091U 14040F   16132.65394159 +.00000009 +00000-0 +41886-4 0  9998,2 40091 047.0048 158.8064 0014314 202.2928 157.7335 14.53099811097108
1 40091U 14040F   16133.68531873 -.00000017  00000-0  35620-4 0  9997,2 40091  47.0048 153.9749 0014364 206.9099 153.1040 14.53100084 97253
1 40091U 14040F   16135.06048813 -.00000022  00000-0  34331-4 0  9992,2 40091  47.0047 147.5327 0014432 213.0327 146.9656 14.53100503 97453
1 40091U 14040F   16136.16062350 -.00000001  00000-0  39396-4 0  9999,2 40091  47.0047 142.3790 0014489 217.8677 142.1188 14.53100944 97617
1 40091U 14040F   16137.19200026 -.00000005  00000-0  38376-4 0  9998,2 40091  47.0048 137.5475 0014538 222.3910 137.5851 14.53101243 97764
1 40091U 14040F   16138.42965218  .00000029  00000-0  46633-4 0  9996,2 40091  47.0049 131.7498 0014586 227.8182 132.1463 14.53101829 97940
1 40091U 14040F   16139.52978715  .00000015  00000-0  43214-4 0  9991,2 40091  47.0051 126.5962 0014611 232.6642 127.2911 14.53102134 98107
1 40091U 14040F   16139.94233769 +.00000013 +00000-0 +42651-4 0  9992,2 40091 047.0051 124.6636 0014630 234.4704 125.4816 14.53102274081240
1 40091U 14040F   16141.17998932  .00000003  00000-0  40411-4 0  9991,2 40091  47.0053 118.8660 0014648 239.8483 120.0949 14.53102710 98348
1 40091U 14040F   16142.21136559 -.00000001  00000-0  39333-4 0  9996,2 40091  47.0054 114.0346 0014661 244.3188 115.6182 14.53103070 98491
1 40091U 14040F   16143.51777543 -.00000019  00000-0  35110-4 0  9992,2 40091  47.0056 107.9147 0014682 249.9910 109.9392 14.53103466 98689
1 40091U 14040F   16143.93032598 -.00000024 +00000-0 +33808-4 0  9990,2 40091 047.0056 105.9821 0014676 251.7773 108.1513 14.53103552081827
1 40091U 14040F   16144.89294394 -.00000048  00000-0  28111-4 0  9997,2 40091  47.0057 101.4729 0014682 255.9416 103.9836 14.53103679 98888
1 40091U 14040F   16146.13059564 -.00000072  00000-0  22507-4 0  9994,2 40091  47.0059  95.6752 0014704 261.2951  98.6266 14.53103847 99064
1 40091U 14040F   16147.16197222 -.00000068  00000-0  23329-4 0  9990,2 40091  47.0061  90.8439 0014704 265.7661  94.1543 14.53104062 99219
1 40091U 14040F   16148.19334882 -.00000068  00000-0  23250-4 0  9992,2 40091  47.0063  86.0125 0014703 270.2395  89.6804 14.53104253 99361
1 40091U 14040F   16149.29348385 -.00000064  00000-0  24347-4 0  9991,2 40091  47.0065  80.8591 0014700 274.9851  84.9355 14.53104516 99526
1 40091U 14040F   16149.91230980 -.00000064 +00000-0 +24353-4 0  9998,2 40091 047.0066 077.9603 0014702 277.6536 082.2678 14.53104669082698
1 40091U 14040F   16150.80616951 -.00000053  00000-0  26972-4 0  9991,2 40091  47.0068  73.7733 0014683 281.5266  78.3969 14.53104949 99744
1 40091U 14040F   16151.83754589 -.00000033  00000-0  31849-4 0  9992,2 40091  47.0069  68.9419 0014639 285.9329  73.9941 14.53105400 99891
1 40091U 14040F   16151.90630429 -.00000034 +00000-0 +31482-4 0  9990,2 40091 047.0070 068.6198 0014643 286.2241 073.7031 14.53105422082980
1 40091U 14040F   16152.86892206 -.00000006 +00000-0 +38092-4 0  9992,2 40091 047.0070 064.1106 0014611 290.3745 069.5568 14.53105956083127
1 40091U 14040F   16153.14395576 -.00000003  00000-0  38973-4 0  9997,2 40091  47.0070  62.8223 0014595 291.5847  68.3481 14.53106067100089
1 40091U 14040F   16154.17533177  .00000037  00000-0  48482-4 0  9994,2 40091  47.0071  57.9910 0014552 296.0289  63.9096 14.53106714100230
1 40091U 14040F   16154.86291561 +.00000040 +00000-0 +49249-4 0  9994,2 40091 047.0071 054.7701 0014538 298.9907 060.9519 14.53107059083415
1 40091U 14040F   16155.75677458  .00000086  00000-0  60277-4 0  9990,2 40091  47.0071  50.5828 0014497 302.8705  57.0783 14.53107715100468
1 40091U 14040F   16155.89429132 +.00000085 +00000-0 +60067-4 0  9995,2 40091 047.0071 049.9387 0014490 303.4796 056.4702 14.53107789083566
1 40091U 14040F   16156.85690845  .00000106  00000-0  64994-4 0  9990,2 40091  47.0072  45.4294 0014445 307.6940  52.2634 14.53108367100620
1 40091U 14040F   16158.09455879  .00000125  00000-0  69577-4 0  9997,2 40091  47.0072  39.6319 0014382 313.1111  46.8569 14.53109071100804
1 40091U 14040F   16158.78214215 +.00000111 +00000-0 +66266-4 0  9997,2 40091 047.0073 036.4110 0014344 316.1099 043.8644 14.53109361083987
1 40091U 14040F   16159.46972551  .00000082  00000-0  59249-4 0  9997,2 40091  47.0073  33.1902 0014314 319.1438  40.8372 14.53109528101001
1 40091U 14040F   16159.88227544 +.00000086 +00000-0 +60120-4 0  9992,2 40091 047.0073 031.2577 0014286 320.9609 039.0243 14.53109755084140
1 40091U 14040F   16160.77613354  .00000066  00000-0  55452-4 0  9990,2 40091  47.0073  27.0705 0014245 324.9030  35.0914 14.53110069101199
1 40091U 14040F   16160.91365013 +.00000065 +00000-0 +55215-4 0  9998,2 40091 047.0073 026.4263 0014235 325.5018 034.4941 14.53110132084298
1 40091U 14040F   16161.80750801  .00000051  00000-0  51911-4 0  9994,2 40091  47.0073  22.2392 0014167 329.4583  30.5475 14.53110503101346
1 40091U 14040F   16161.94502461 +.00000045 +00000-0 +50424-4 0  9997,2 40091 047.0073 021.5951 0014157 330.0724 029.9349 14.53110527084442
1 40091U 14040F   16163.18267367  .00000056  00000-0  53034-4 0  9990,2 40091  47.0072  15.7974 0014102 335.5536  24.4677 14.53111150101540
1 40091U 14040F   16163.87025633 +.00000045 +00000-0 +50480-4 0  9994,2 40091 047.0072 012.5764 0014043 338.5822 021.4473 14.53111379084721
1 40091U 14040F   16164.76411364  .00000027  00000-0  46135-4 0  9995,2 40091  47.0072   8.3890 0013971 342.5619  17.4784 14.53111662101772
1 40091U 14040F   16164.90163018 +.00000028 +00000-0 +46422-4 0  9991,2 40091 047.0072 007.7449 0013963 343.1867 016.8552 14.53111710084879
1 40091U 14040F   16165.79548733  .00000021  00000-0  44593-4 0  9990,2 40091  47.0072   3.5576 0013910 347.1917  12.8612 14.53112015101924
1 40091U 14040F   16165.93300384 +.00000025 +00000-0 +45736-4 0  9998,2 40091 047.0071 002.9135 0013897 347.8185 012.2361 14.53112078085021
1 40091U 14040F   16166.82686074  .00000035  00000-0  48085-4 0  9991,2 40091  47.0072 358.7261 0013822 351.8159   8.2497 14.53112467102070
1 40091U 14040F   16166.89561898 +.00000037 +00000-0 +48386-4 0  9990,2 40091 047.0072 358.4040 0013827 352.1358 007.9306 14.53112491085164
1 40091U 14040F   16167.85823379  .00000042  00000-0  49606-4 0  9994,2 40091  47.0072 353.8947 0013752 356.4709   3.6075 14.53112920102223
1 40091U 14040F   16168.95836478  .00000034  00000-0  47734-4 0  9991,2 40091  47.0072 348.7412 0013681   1.4685 358.6236 14.53113332102381
1 40091U 14040F   16170.47104438  .00000013  00000-0  42754-4 0  9999,2 40091  47.0072 341.6551 0013553   8.3363 351.7743 14.53113793102607
1 40091U 14040F   16171.50241653 -.00000001  00000-0  39522-4 0  9992,2 40091  47.0072 336.8238 0013496  13.0730 347.0501 14.53114112102754
1 40091U 14040F   16171.84620719 -.00000007 +00000-0 +38061-4 0  9996,2 40091 047.0071 335.2134 0013470 014.6746 345.4526 14.53114196085882
1 40091U 14040F   16172.80882088 -.00000013  00000-0  36477-4 0  9998,2 40091  47.0071 330.7042 0013422  19.1065 341.0320 14.53114461102947
1 40091U 14040F   16172.87757898 -.00000012 +00000-0 +36852-4 0  9991,2 40091 047.0071 330.3820 0013418 019.4365 340.7027 14.53114492086033
1 40091U 14040F   16173.84019239 -.00000022  00000-0  34293-4 0  9997,2 40091  47.0070 325.8726 0013358  23.9222 336.2280 14.53114714103095
1 40091U 14040F   16174.87156364 -.00000033  00000-0  31807-4 0  9992,2 40091  47.0069 321.0412 0013298  28.7381 331.4232 14.53114959103247
1 40091U 14040F   16176.17796676 -.00000032  00000-0  31886-4 0  9999,2 40091  47.0069 314.9212 0013225  34.8234 325.3513 14.53115300103437
1 40091U 14040F   16177.48436929 -.00000036  00000-0  30978-4 0  9991,2 40091  47.0069 308.8013 0013143  40.9712 319.2157 14.53115660103622
1 40091U 14040F   16178.51573936 -.00000040  00000-0  29992-4 0  9995,2 40091  47.0069 303.9700 0013090  45.8363 314.3595 14.53115920103775
1 40091U 14040F   16178.79077133 -.00000035 +00000-0 +31346-4 0  9993,2 40091 047.0069 302.6817 0013077 047.1381 313.0599 14.53116024086899
1 40091U 14040F   16179.82214093 -.00000039  00000-0  30385-4 0  9992,2 40091  47.0068 297.8504 0013034  52.0217 308.1842 14.53116297103968
1 40091U 14040F   16181.12854193 -.00000048  00000-0  28139-4 0  9993,2 40091  47.0068 291.7307 0012989  58.1936 302.0211 14.53116633104154
1 40091U 14040F   16182.15991072 -.00000037  00000-0  30771-4 0  9998,2 40091  47.0066 286.8993 0012946  63.1277 297.0928 14.53116957104309
1 40091U 14040F   16183.46631072 -.00000040  00000-0  30173-4 0  9994,2 40091  47.0064 280.7796 0012908  69.4010 290.8257 14.53117273104491
1 40091U 14040F   16183.74134225 -.00000041 +00000-0 +29947-4 0  9991,2 40091 047.0064 279.4913 0012896 070.6956 289.5321 14.53117327087617
1 40091U 14040F   16184.63519453 -.00000041  00000-0  29834-4 0  9995,2 40091  47.0062 275.3041 0012875  74.9713 285.2594 14.53117499104667
1 40091U 14040F   16185.66656216 -.00000044  00000-0  29146-4 0  9997,2 40091  47.0061 270.4726 0012848  79.9227 280.3105 14.53117689104819
1 40091U 14040F   16187.17923406 -.00000056  00000-0  26317-4 0  9993,2 40091  47.0059 263.3863 0012817  87.1766 273.0584 14.53117927105034
1 40091U 14040F   16188.34811647 -.00000059  00000-0  25583-4 0  9993,2 40091  47.0058 257.9106 0012817  92.7928 267.4423 14.53118128105206
1 40091U 14040F   16188.55438982 -.00000059 +00000-0 +25560-4 0  9998,2 40091 047.0058 256.9445 0012809 093.7600 266.4748 14.53118155088311
1 40091U 14040F   16190.20457588 -.00000076  00000-0  21395-4 0  9997,2 40091  47.0056 249.2141 0012809 101.6513 258.5809 14.53118394105471
1 40091U 14040F   16191.51097270 -.00000083  00000-0  19743-4 0  9992,2 40091  47.0053 243.0944 0012828 107.9315 252.2968 14.53118561105665
1 40091U 14040F   16191.57973041 -.00000083 +00000-0 +19689-4 0  9996,2 40091 047.0053 242.7723 0012827 108.2424 251.9856 14.53118576088758
1 40091U 14040F   16192.54233815 -.00000082  00000-0  20038-4 0  9991,2 40091  47.0051 238.2629 0012842 112.8477 247.3764 14.53118757105812
1 40091U 14040F   16194.12376458 -.00000076  00000-0  21553-4 0  9994,2 40091  47.0049 230.8545 0012868 120.3874 239.8283 14.53119053106045
1 40091U 14040F   16195.15512932 -.00000072  00000-0  22321-4 0  9997,2 40091  47.0048 226.0229 0012885 125.3265 234.8825 14.53119212106198
1 40091U 14040F   16196.39276659 -.00000061  00000-0  24928-4 0  9990,2 40091  47.0047 220.2249 0012927 131.1880 229.0120 14.53119472106372
1 40091U 14040F   16196.53028181 -.00000056 +00000-0 +26196-4 0  9994,2 40091 047.0047 219.5807 0012932 131.8210 228.3779 14.53119529089479
1 40091U 14040F   16197.56164579 -.00000055  00000-0  26403-4 0  9990,2 40091  47.0047 214.7491 0012970 136.7024 223.4881 14.53119716106540
1 40091U 14040F   16198.52425189 -.00000060 +00000-0 +25155-4 0  9993,2 40091 047.0047 210.2396 0013014 141.2521 218.9298 14.53119884089769
1 40091U 14040F   16199.48686309 -.00000081 +00000-0 +20223-4 0  9996,2 40091 047.0044 205.7307 0012931 146.3187 213.8520 14.53091713106827
1 40091U 14040F   16200.44948888 -.00000086 +00000-0 +19013-4 0  9998,2 40091 047.0047 201.2209 0012969 150.3858 209.7762 14.53090429090044
1 40091U 14040F   16202.16846234 -.00000124  00000-0  99232-5 0  9996,2 40091  47.0048 193.1684 0013056 158.4018 201.7419 14.53090592107216
1 40091U 14040F   16203.40612297 -.00000110  00000-0  13293-4 0  9991,2 40091  47.0048 187.3708 0013123 164.0864 196.0434 14.53090827107398
1 40091U 14040F   16203.95619425 -.00000106 +00000-0 +14355-4 0  9996,2 40091 047.0048 184.7940 0013150 166.6412 193.4822 14.53090924090553
1 40091U 14040F   16205.12509569 -.00000106  00000-0  14348-4 0  9996,2 40091  47.0049 179.3183 0013217 171.9281 188.1818 14.53091089107648
1 40091U 14040F   16206.15647915 -.00000100  00000-0  15692-4 0  9995,2 40091  47.0050 174.4869 0013269 176.6056 183.4920 14.53091256107790
1 40091U 14040F   16207.18786250 -.00000080  00000-0  20473-4 0  9995,2 40091  47.0051 169.6554 0013329 181.2524 178.8328 14.53091480107943
1 40091U 14040F   16208.21924582 -.00000105  00000-0  14591-4 0  9994,2 40091  47.0053 164.8240 0013392 185.9108 174.1620 14.53091470108093
1 40091U 14040F   16209.31938798 -.00000109  00000-0  13604-4 0  9998,2 40091  47.0055 159.6706 0013442 190.8239 169.2356 14.53091582108253
1 40091U 14040F   16209.86945902 -.00000111 +00000-0 +12941-4 0  9999,2 40091 047.0056 157.0938 0013471 193.3097 166.7432 14.53091622091416
1 40091U 14040F   16210.28201231 -.00000116 +00000-0 +11836-4 0  9994,2 40091 047.0057 155.1614 0013493 195.1362 164.9119 14.53091652091477
1 40091U 14040F   16211.31339541 -.00000123  00000-0  10266-4 0  9999,2 40091  47.0058 150.3301 0013548 199.7455 160.2905 14.53091766108547
1 40091U 14040F   16211.86346640 -.00000126 +00000-0 +93325-5 0  9998,2 40091 047.0059 147.7534 0013577 202.1880 157.8417 14.53091819091707
1 40091U 14040F   16212.82609066 -.00000124  00000-0  98334-5 0  9992,2 40091  47.0060 143.2442 0013616 206.4085 153.6106 14.53091947108762
1 40091U 14040F   16213.85747368 -.00000117  00000-0  11551-4 0  9991,2 40091  47.0060 138.4129 0013671 210.9300 149.0779 14.53092131108919
1 40091U 14040F   16215.16389220 -.00000094  00000-0  17214-4 0  9992,2 40091  47.0061 132.2933 0013721 216.6413 143.3533 14.53092443109102
1 40091U 14040F   16216.19526570 -.00000065  00000-0  24085-4 0  9999,2 40091  47.0062 127.4618 0013615 221.5594 138.4256 14.53137308109259
1 40091U 14040F   16217.22661743 -.00000050  00000-0  27572-4 0  9994,2 40091  47.0062 122.6303 0013638 226.0018 133.9742 14.53137132109405
1 40091U 14040F   16217.57046197  .00000135  00000-0  32181-4 0  9997,2 40091  47.0052 121.0220 0013926 227.1433 132.8776 14.53092768109453
1 40091U 14040F   16218.80802293  .00000027  00000-0  46050-4 0  9991,2 40091  47.0063 115.2220 0013691 232.7603 127.2032 14.53137807109637
1 40091U 14040F   16220.11440119  .00000026  00000-0  45895-4 0  9998,2 40091  47.0064 109.1022 0013727 238.4243 121.5301 14.53138275109820
1 40091U 14040F   16221.14575224  .00000035  00000-0  47929-4 0  9998,2 40091  47.0064 104.2708 0013749 242.8342 117.1140 14.53138755109971
1 40091U 14040F   16222.45213005  .00000024  00000-0  45219-4 0  9997,2 40091  47.0065  98.1510 0013779 248.4663 111.4752 14.53139233110166
1 40091U 14040F   16222.86467028 +.00000039 +00000-0 +48848-4 0  9995,2 40091 047.0064 096.2183 0013789 250.1907 109.7490 14.53139499093301
1 40091U 14040F   16223.82726429  .00000041  00000-0  49483-4 0  9994,2 40091  47.0064  91.7089 0013805 254.2992 105.6369 14.53139908110365
1 40091U 14040F   16223.89602103 +.00000039 +00000-0 +48858-4 0  9995,2 40091 047.0064 091.3868 0013805 254.5912 105.3447 14.53139911093459
1 40091U 14040F   16224.85861495 +.00000038 +00000-0 +48605-4 0  9992,2 40091 047.0064 086.8773 0013813 258.7267 101.2064 14.53140281093598
1 40091U 14040F   16225.88996559 +.00000031 +00000-0 +47063-4 0  9996,2 40091 047.0063 082.0457 0013820 263.1266 096.8045 14.53140595093744
1 40091U 14040F   16226.92131608 +.00000036 +00000-0 +48163-4 0  9995,2 40091 047.0063 077.2141 0013819 267.4999 092.4302 14.53140994093895
1 40091U 14040F   16227.81515308  .00000026  00000-0  45832-4 0  9996,2 40091  47.0064  73.0266 0013818 271.2677  88.6624 14.53141274110945
1 40091U 14040F   16227.88390978 +.00000026 +00000-0 +45901-4 0  9994,2 40091 047.0064 072.7045 0013816 271.5630 088.3671 14.53141298094032
1 40091U 14040F   16228.84650341  .00000028  00000-0  46377-4 0  9994,2 40091  47.0065  68.1949 0013810 275.6366  84.2942 14.53141651111095
1 40091U 14040F   16228.91526012 +.00000029 +00000-0 +46537-4 0  9998,2 40091 047.0064 067.8729 0013808 275.9340 083.9970 14.53141676094182
1 40091U 14040F   16230.01536700  .00000027  00000-0  46004-4 0  9994,2 40091  47.0065  62.7192 0013792 280.6110  79.3220 14.53142096111264
1 40091U 14040F   16231.52801391  .00000003  00000-0  40319-4 0  9999,2 40091  47.0066  55.6328 0013770 287.0361  72.9014 14.53142512111489
1 40091U 14040F   16231.87179733 +.00000000 +00000-0 +39585-4 0  9995,2 40091 047.0067 054.0224 0013758 288.4939 071.4450 14.53142612094614
1 40091U 14040F   16232.83439073 -.00000014  00000-0  36226-4 0  9993,2 40091  47.0068  49.5128 0013733 292.5690  67.3740 14.53142874111672
1 40091U 14040F   16232.90314740 -.00000014 +00000-0 +36144-4 0  9993,2 40091 047.0067 049.1907 0013730 292.8687 067.0747 14.53142896094766
1 40091U 14040F   16233.86574088 -.00000020  00000-0  34744-4 0  9993,2 40091  47.0068  44.6812 0013708 297.0837  62.8648 14.53143163111829
1 40091U 14040F   16234.89709092 -.00000022  00000-0  34299-4 0  9999,2 40091  47.0068  39.8496 0013678 301.5269  58.4278 14.53143466111971
1 40091U 14040F   16235.92844093 -.00000029  00000-0  32686-4 0  9990,2 40091  47.0069  35.0179 0013643 305.9905  53.9713 14.53143740112122
1 40091U 14040F   16237.44108745 -.00000018  00000-0  35347-4 0  9991,2 40091  47.0071  27.9314 0013596 312.5846  47.3890 14.53144233112346
1 40091U 14040F   16237.85362740 -.00000020 +00000-0 +34751-4 0  9994,2 40091 047.0071 025.9988 0013570 314.3841 045.5930 14.53144340095487
1 40091U 14040F   16238.74746385 -.00000021  00000-0  34515-4 0  9993,2 40091  47.0073  21.8114 0013530 318.2431  41.7419 14.53144599112531
1 40091U 14040F   16238.88497713 -.00000022 +00000-0 +34340-4 0  9993,2 40091 047.0073 021.1672 0013526 318.8460 041.1402 14.53144647095637
1 40091U 14040F   16239.77881351 -.00000028  00000-0  32810-4 0  9993,2 40091  47.0074  16.9799 0013484 322.6921  37.3025 14.53144893112684
1 40091U 14040F   16239.84757012 -.00000026 +00000-0 +33461-4 0  9998,2 40091 047.0074 016.6578 0013482 322.9857 037.0096 14.53144938095770
1 40091U 14040F   16240.81016308 -.00000022  00000-0  34230-4 0  9994,2 40091  47.0075  12.1484 0013437 327.1849  32.8199 14.53145233112839
1 40091U 14040F   16242.46032216  .00000001  00000-0  39905-4 0  9993,2 40091  47.0076   4.4180 0013356 334.3964  25.6257 14.53145870113074
1 40091U 14040F   16242.73534866 +.00000005 +00000-0 +40774-4 0  9991,2 40091 047.0075 003.1297 0013339 335.6235 024.4016 14.53145960096197
1 40091U 14040F   16243.56042798 -.00000004  00000-0  38701-4 0  9998,2 40091  47.0076 359.2645 0013298 339.2323  20.8019 14.53146172113236
1 40091U 14040F   16243.76669782 +.00000002 +00000-0 +40139-4 0  9993,2 40091 047.0075 358.2982 0013288 340.1818 019.8548 14.53146263096345
1 40091U 14040F   16244.72929013  .00000024  00000-0  45441-4 0  9991,2 40091  47.0075 353.7889 0013233 344.4375  15.6100 14.53146689113403
1 40091U 14040F   16245.76063858  .00000064  00000-0  54886-4 0  9999,2 40091  47.0074 348.9574 0013179 349.0107  11.0487 14.53147330113550
1 40091U 14040F   16246.51696056 +.00000097 +00000-0 +62845-4 0  9995,2 40091 047.0075 345.4142 0013132 352.3420 007.7261 14.53147836096742
1 40091U 14040F   16247.47955187  .00000115  00000-0  67103-4 0  9997,2 40091  47.0074 340.9048 0013079 356.6452   3.4342 14.53148389113802
1 40091U 14040F   16248.51089924  .00000126  00000-0  69654-4 0  9995,2 40091  47.0074 336.0734 0013015   1.3216 358.7699 14.53149012113953
1 40091U 14040F   16248.71716867 +.00000126 +00000-0 +69758-4 0  9995,2 40091 047.0073 335.1071 0013008 002.2649 357.8291 14.53149139097069
1 40091U 14040F   16249.67975913  .00000114  00000-0  66814-4 0  9997,2 40091  47.0073 330.5978 0012955   6.6263 353.4790 14.53149617114128
1 40091U 14040F   16251.53618248  .00000067  00000-0  55671-4 0  9996,2 40091  47.0071 321.9013 0012835  15.0411 345.0852 14.53150414114398
1 40091U 14040F   16252.56752836  .00000062  00000-0  54321-4 0  9998,2 40091  47.0070 317.0698 0012786  19.7805 340.3572 14.53150894114541
1 40091U 14040F   16253.59887397  .00000046  00000-0  50636-4 0  9990,2 40091  47.0068 312.2383 0012737  24.5024 335.6463 14.53151236114692
1 40091U 14040F   16254.63021920  .00000031  00000-0  47039-4 0  9995,2 40091  47.0065 307.4067 0012682  29.2540 330.9052 14.53151539114843
1 40091U 14040F   16256.14285831  .00000013  00000-0  42680-4 0  9993,2 40091  47.0063 300.3201 0012608  36.2790 323.8946 14.53151914115061
1 40091U 14040F   16256.55539621 +.00000007 +00000-0 +41193-4 0  9998,2 40091 047.0062 298.3875 0012589 038.2586 321.9189 14.53151984098207
1 40091U 14040F   16257.51798424 -.00000009  00000-0  37571-4 0  9991,2 40091  47.0060 293.8778 0012547  42.7720 317.4138 14.53152187115267
1 40091U 14040F   16258.54932824 -.00000019  00000-0  35118-4 0  9995,2 40091  47.0059 289.0460 0012509  47.6105 312.5835 14.53152433115410
1 40091U 14040F   16260.06196542 -.00000024  00000-0  33967-4 0  9990,2 40091  47.0058 281.9594 0012450  54.7041 305.5005 14.53152837115634
1 40091U 14040F   16261.16206471 -.00000037  00000-0  30866-4 0  9994,2 40091  47.0057 276.8056 0012416  59.9721 300.2393 14.53153119115796
1 40091U 14040F   16262.46843223 -.00000043  00000-0  29244-4 0  9995,2 40091  47.0055 270.6855 0012393  66.1611 294.0570 14.53153408115984
1 40091U 14040F   16263.49977450 -.00000038  00000-0  30515-4 0  9996,2 40091  47.0054 265.8537 0012369  71.1171 289.1053 14.53153710116131
1 40091U 14040F   16265.14992129 -.00000031  00000-0  32212-4 0  9999,2 40091  47.0053 258.1227 0012344  79.0113 281.2159 14.53154194116370
1 40091U 14040F   16266.18126263 -.00000019  00000-0  35088-4 0  9992,2 40091  47.0053 253.2908 0012341  83.9155 276.3134 14.53154496116529
1 40091U 14040F   16266.93757930 -.00000018 +00000-0 +35337-4 0  9992,2 40091 047.0053 249.7475 0012338 087.5076 272.7220 14.53154708099719
1 40091U 14040F   16267.96891990 -.00000019  00000-0  35149-4 0  9993,2 40091  47.0054 244.9156 0012346  92.4236 267.8061 14.53154990116783
1 40091U 14040F   16269.13777211 -.00000015  00000-0  36082-4 0  9996,2 40091  47.0055 239.4396 0012355  98.0163 262.2123 14.53155343116950
1 40091U 14040F   16270.16911169 -.00000007  00000-0  37962-4 0  9992,2 40091  47.0056 234.6079 0012365 102.9784 257.2481 14.53155753117105
1 40091U 14040F   16272.09427786  .00000015  00000-0  43219-4 0  9993,2 40091  47.0057 225.5888 0012411 112.0885 248.1317 14.53156545117386
1 40091U 14040F   16273.26312783  .00000040  00000-0  49050-4 0  9990,2 40091  47.0057 220.1131 0012441 117.7246 242.4900 14.53157141117551
1 40091U 14040F   16274.29446557  .00000046  00000-0  50470-4 0  9995,2 40091  47.0057 215.2814 0012479 122.5631 237.6459 14.53157598117705
1 40091U 14040F   16275.80709328  .00000041  00000-0  49434-4 0  9994,2 40091  47.0057 208.1948 0012526 129.8041 230.3947 14.53158203117922
1 40091U 14040F   16275.87584903 +.00000043 +00000-0 +49751-4 0  9995,2 40091 047.0057 207.8727 0012531 130.1415 230.0568 14.53158256101016
1 40091U 14040F   16276.83842973  .00000046  00000-0  50598-4 0  9990,2 40091  47.0058 203.3632 0012576 134.6789 225.5121 14.53158704118071
1 40091U 14040F   16278.14478856  .00000062  00000-0  54339-4 0  9996,2 40091  47.0058 197.2432 0012641 140.7380 219.4423 14.53159398118266
1 40091U 14040F   16279.17612350  .00000108  00000-0  65389-4 0  9997,2 40091  47.0059 192.4115 0012700 145.5282 214.6427 14.53160266118416
