1 40090U 14040E   15001.13779807  .00000858  00000-0  24717-3 0  9996,2 40090 047.0099 323.8217 0017798 105.5345 254.7483 14.52640829 24915
1 40090U 14040E   15002.37584408  .00000795  00000-0  23204-3 0  9994,2 40090 047.0111 318.0303 0017787 111.6531 248.6247 14.52643053 25097
1 40090U 14040E   15003.88900774  .00000625  00000-0  19099-3 0  9998,2 40090 047.0113 310.9459 0017827 118.6870 241.5779 14.52644890 25317
1 40090U 14040E   15004.98948949  .00000521  00000-0  16583-3 0  9996,2 40090 047.0118 305.7940 0017805 123.3806 236.8762 14.52646159 25473
1 40090U 14040E   15006.22752847  .00000807  00000-0  23476-3 0  9991,2 40090 047.0115 299.9988 0017836 128.8334 231.4160 14.52649724 25650
1 40090U 14040E   15007.74068301  .00000952  00000-0  26976-3 0  9993,2 40090 047.0113 292.9145 0017945 135.6689 224.5639 14.52653391 25879
1 40090U 14040E   15008.77237630  .00001168  00000-0  32175-3 0  9998,2 40090 047.0111 288.0854 0018002 140.3761 219.8469 14.52657042 26022
1 40090U 14040E   15009.80406815  .00001022  00000-0  28670-3 0  9990,2 40090 047.0103 283.2577 0018059 145.2775 214.9284 14.52658632 26176
1 40090U 14040E   15011.11087569  .00000909  00000-0  25945-3 0  9993,2 40090 047.0095 277.1400 0018012 150.9604 209.2270 14.52661021 26365
1 40090U 14040E   15012.14256432  .00000829  00000-0  24000-3 0  9996,2 40090 047.0093 272.3122 0018090 155.9886 204.1840 14.52662733 26519
1 40090U 14040E   15013.17425146  .00000706  00000-0  21026-3 0  9999,2 40090 047.0096 267.4821 0018270 161.0735 199.0837 14.52664054 26666
1 40090U 14040E   15014.20593768  .00000628  00000-0  19140-3 0  9997,2 40090 047.0100 262.6530 0018349 165.8062 194.3358 14.52665506 26814
1 40090U 14040E   15015.65029486  .00000734  00000-0  21708-3 0  9999,2 40090 047.0100 255.8912 0018643 172.8075 187.3100 14.52668407 27025
1 40090U 14040E   15016.68197894  .00000443  00000-0  14689-3 0  9999,2 40090 047.0099 251.0600 0018552 177.1245 182.9728 14.52668299 27172
1 40090U 14040E   15018.12633523  .00000506  00000-0  16202-3 0  9997,2 40090 047.0095 244.2999 0018502 183.2715 176.8049 14.52670437 27386
1 40090U 14040E   15019.15801684  .00000506  00000-0  16203-3 0  9997,2 40090 047.0094 239.4704 0018544 187.8976 172.1622 14.52671704 27531
1 40090U 14040E   15020.18969791  .00000373  00000-0  12986-3 0  9992,2 40090 047.0093 234.6417 0018443 192.3934 167.6485 14.52672389 27683
1 40090U 14040E   15021.22137762  .00000381  00000-0  13195-3 0  9995,2 40090 047.0093 229.8130 0018785 197.1082 162.9177 14.52673600 27837
1 40090U 14040E   15022.39061328  .00000499  00000-0  16038-3 0  9997,2 40090 047.0092 224.3389 0018860 202.5638 157.4429 14.52675514 28009
1 40090U 14040E   15023.62862605  .00000482  00000-0  15611-3 0  9999,2 40090 047.0095 218.5426 0018846 208.2296 151.7561 14.52677193 28184
1 40090U 14040E   15024.72908175  .00000380  00000-0  13154-3 0  9991,2 40090 047.0097 213.3917 0018821 213.1140 146.8530 14.52677962 28343
1 40090U 14040E   15025.76075853  .00000359  00000-0  12655-3 0  9995,2 40090 047.0080 208.5621 0018755 217.5824 142.3725 14.52679049 28497
1 40090U 14040E   15026.99876947  .00000585  00000-0  18102-3 0  9998,2 40090 047.0093 202.7679 0019088 222.2879 137.6578 14.52681599 28679
1 40090U 14040E   15028.44311107  .00000750  00000-0  22086-3 0  9992,2 40090 047.0092 196.0050 0019249 228.6921 131.2335 14.52684805 28880
1 40090U 14040E   15029.47478427  .00000727  00000-0  21512-3 0  9992,2 40090 047.0082 191.1744 0019051 233.4631 126.4523 14.52686207 29039
1 40090U 14040E   15030.64401023  .00000710  00000-0  21116-3 0  9993,2 40090 047.0080 185.7027 0019163 238.3368 121.5604 14.52688247 29206
1 40090U 14040E   15032.01957037  .00000767  00000-0  22489-3 0  9993,2 40090 047.0080 179.2606 0019050 244.6083 115.2826 14.52691044 29403
1 40090U 14040E   15033.39512660  .00000913  00000-0  25991-3 0  9998,2 40090 047.0087 172.8209 0019216 250.1100 109.7736 14.52694696 29600
1 40090U 14040E   15034.77068083  .00000868  00000-0  24922-3 0  9998,2 40090 047.0090 166.3816 0019289 256.1054 103.7675 14.52697189 29808
1 40090U 14040E   15035.80234528  .00001020  00000-0  28583-3 0  9990,2 40090 047.0101 161.5531 0019183 261.0137 098.8569 14.52700250 29958
1 40090U 14040E   15036.90278510  .00001000  00000-0  28087-3 0  9998,2 40090 047.0105 156.4007 0019245 265.8992 093.9687 14.52702643 30118
1 40090U 14040E   15038.34710950  .00001098  00000-0  30451-3 0  9992,2 40090 047.0107 149.6399 0019196 272.5262 087.3383 14.52706730 30322
1 40090U 14040E   15039.72265509  .00001241  00000-0  33904-3 0  9996,2 40090 047.0110 143.2018 0019166 279.0484 080.8244 14.52710961 30526
1 40090U 14040E   15040.89186383  .00001465  00000-0  39284-3 0  9993,2 40090 047.0107 137.7274 0019205 284.2747 075.6012 14.52715419 30694
1 40090U 14040E   15042.19862426  .00001458  00000-0  39107-3 0  9993,2 40090 047.0100 131.6085 0019199 290.9453 068.9372 14.52719542 30886
1 40090U 14040E   15043.23027406  .00001540  00000-0  41084-3 0  9999,2 40090 047.0097 126.7788 0019205 294.9618 064.9302 14.52723467 31039
1 40090U 14040E   15049.35137440  .00000703  00000-0  20939-3 0  9994,2 40090 047.0109 098.1218 0018971 321.7645 038.1881 14.52733418 31921
1 40090U 14040E   15051.27710611  .00000687  00000-0  20543-3 0  9997,2 40090 047.0095 089.1070 0018908 330.3403 029.6391 14.52736595 32201
1 40090U 14040E   15052.44629902  .00000664  00000-0  19985-3 0  9992,2 40090 047.0091 083.6330 0018866 335.5008 024.4990 14.52738414 32374
1 40090U 14040E   15053.47793854  .00000631  00000-0  19193-3 0  9999,2 40090 047.0085 078.8029 0018902 340.5418 019.4740 14.52739867 32527
1 40090U 14040E   15054.50957789  .00000524  00000-0  16632-3 0  9999,2 40090 047.0079 073.9725 0018793 345.4717 014.5638 14.52740765 32670
1 40090U 14040E   15056.02264582  .00000599  00000-0  18428-3 0  9997,2 40090 047.0073 066.8879 0018778 352.4208 007.6404 14.52743266 32898
1 40090U 14040E   15057.05428154  .00000611  00000-0  18727-3 0  9995,2 40090 047.0076 062.0577 0018716 357.1771 002.9002 14.52744854 33047
1 40090U 14040E   15058.29224336  .00000610  00000-0  18698-3 0  9994,2 40090 047.0075 056.2621 0018701 002.8695 357.2296 14.52746808 33226
1 40090U 14040E   15059.32387654  .00000584  00000-0  18070-3 0  9996,2 40090 047.0081 051.4310 0018682 007.3763 352.7385 14.52748250 33377
1 40090U 14040E   15060.35550967  .00000491  00000-0  15837-3 0  9995,2 40090 047.0071 046.6007 0018661 012.1338 347.9993 14.52749132 33522
1 40090U 14040E   15061.73101780  .00000573  00000-0  17791-3 0  9995,2 40090 047.0064 040.1604 0018881 018.3908 341.7654 14.52751655 33722
1 40090U 14040E   15062.76264537  .00000962  00000-0  27172-3 0  9995,2 40090 047.0067 035.3310 0018683 023.0918 337.0807 14.52755522 33870
1 40090U 14040E   15063.86304727  .00000945  00000-0  26755-3 0  9990,2 40090 047.0052 030.1803 0018630 028.3488 331.8402 14.52757796 34033
1 40090U 14040E   15064.89467276  .00000901  00000-0  25702-3 0  9996,2 40090 047.0065 025.3511 0018723 032.9561 327.2486 14.52759896 34185
1 40090U 14040E   15065.92629598  .00000828  00000-0  23933-3 0  9990,2 40090 047.0064 020.5209 0018701 037.7564 322.4602 14.52761632 34332
1 40090U 14040E   15066.95791822  .00000829  00000-0  23971-3 0  9997,2 40090 047.0064 015.6894 0018715 042.3700 317.8630 14.52763731 34483
1 40090U 14040E   15067.98953799  .00000867  00000-0  24885-3 0  9991,2 40090 047.0067 010.8596 0018634 047.1830 313.0616 14.52766041 34635
1 40090U 14040E   15069.02115508  .00000959  00000-0  27094-3 0  9993,2 40090 047.0072 006.0286 0018624 051.9386 308.3148 14.52768835 34788
1 40090U 14040E   15070.19032053  .00000941  00000-0  26651-3 0  9995,2 40090 047.0078 000.5558 0018590 057.3220 302.9448 14.52771382 34957
1 40090U 14040E   15071.22193544  .00000838  00000-0  24170-3 0  9992,2 40090 047.0104 355.7272 0018538 061.9593 298.3161 14.52773178 35104
1 40090U 14040E   15072.73496673  .00000790  00000-0  23017-3 0  9994,2 40090 047.0103 348.6447 0018271 069.3957 290.8899 14.52775961 35329
1 40090U 14040E   15073.76657742  .00000780  00000-0  22776-3 0  9994,2 40090 047.0093 343.8156 0018291 074.3311 285.9595 14.52777747 35471
1 40090U 14040E   15074.93573344  .00000766  00000-0  22429-3 0  9998,2 40090 047.0088 338.3426 0018261 079.9887 280.3030 14.52779810 35645
1 40090U 14040E   15075.96734173  .00000603  00000-0  18504-3 0  9990,2 40090 047.0091 333.5122 0018267 084.8355 275.4606 14.52780736 35799
1 40090U 14040E   15076.99894787  .00000526  00000-0  16673-3 0  9991,2 40090 047.0091 328.6812 0018276 089.4927 270.8045 14.52782086 35949
1 40090U 14040E   15078.09932452  .00000991  00000-0  27848-3 0  9998,2 40090 047.0097 323.5292 0018347 094.5235 265.7763 14.52786512 36106
1 40090U 14040E   15079.13092527  .00001155  00000-0  31782-3 0  9999,2 40090 047.0093 318.6997 0018364 099.1621 261.1335 14.52789560 36255
1 40090U 14040E   15080.78148415  .00000829  00000-0  23940-3 0  9994,2 40090 047.0089 310.9711 0018372 106.9134 253.3750 14.52791689 36499
1 40090U 14040E   15082.08817711  .00000451  00000-0  14848-3 0  9999,2 40090 047.0085 304.8556 0018489 112.9336 247.3502 14.52791621 36689
1 40090U 14040E   15083.80750466  .00000411  00000-0  13889-3 0  9993,2 40090 047.0081 296.8049 0018563 121.1257 239.1443 14.52793423 36932
1 40090U 14040E   15084.97664602  .00000406  00000-0  13772-3 0  9993,2 40090 047.0081 291.3304 0018564 126.4847 233.7748 14.52794750 37102
1 40090U 14040E   15086.35210368  .00000485  00000-0  15671-3 0  9990,2 40090 047.0081 284.8901 0018617 133.1483 227.0961 14.52796901 37307
1 40090U 14040E   15087.52124047  .00000608  00000-0  18616-3 0  9997,2 40090 047.0078 279.4158 0018608 138.5223 221.7081 14.52799289 37472
1 40090U 14040E   15088.62160409  .00000587  00000-0  18108-3 0  9993,2 40090 047.0072 274.2637 0018546 143.1624 217.0533 14.52800665 37638
1 40090U 14040E   15089.85950956  .00000789  00000-0  22963-3 0  9991,2 40090 047.0069 268.4665 0018562 148.9437 211.2555 14.52803785 37819
1 40090U 14040E   15090.95986768  .00000987  00000-0  27735-3 0  9996,2 40090 047.0066 263.3137 0018514 153.9444 206.2395 14.52806859 37973
1 40090U 14040E   15092.26654105  .00000687  00000-0  20515-3 0  9995,2 40090 047.0067 257.1957 0018470 159.9034 200.2529 14.52808113 38167
1 40090U 14040E   15093.50444183  .00000665  00000-0  19978-3 0  9993,2 40090 047.0067 251.3996 0018637 165.9037 194.2395 14.52810193 38345
1 40090U 14040E   15094.74233860  .00000771  00000-0  22521-3 0  9994,2 40090 047.0070 245.6041 0018567 171.2467 188.8731 14.52813016 38525
1 40090U 14040E   15095.91146189  .00000820  00000-0  23710-3 0  9997,2 40090 047.0079 240.1299 0018668 176.6148 183.4864 14.52815525 38699
1 40090U 14040E   15098.31847473  .00000698  00000-0  20770-3 0  9994,2 40090 047.0071 228.8570 0018845 187.6657 172.3940 14.52819352 39044
1 40090U 14040E   15099.35005010  .00000668  00000-0  20059-3 0  9999,2 40090 047.0074 224.0278 0019008 192.4620 167.5813 14.52821006 39196
1 40090U 14040E   15100.51916790  .00000573  00000-0  17759-3 0  9994,2 40090 047.0071 218.5539 0019139 197.8459 162.1771 14.52822190 39363
1 40090U 14040E   15101.75705370  .00000896  00000-0  25536-3 0  9991,2 40090 047.0072 212.7591 0019183 203.3881 156.6136 14.52826057 39548
1 40090U 14040E   15103.47633415  .00001116  00000-0  30818-3 0  9997,2 40090 047.0078 204.7093 0019312 211.0478 148.9210 14.52831204 39798
1 40090U 14040E   15104.50790252  .00000922  00000-0  26157-3 0  9990,2 40090 047.0079 199.8793 0019394 215.5581 144.3996 14.52832780 39942
1 40090U 14040E   15105.67701135  .00000844  00000-0  24270-3 0  9998,2 40090 047.0081 194.4048 0019435 220.6470 139.2977 14.52834938 40119
1 40090U 14040E   15106.70857635  .00000822  00000-0  23731-3 0  9997,2 40090 047.0091 189.5753 0019414 225.3235 134.6067 14.52836852 40268
1 40090U 14040E   15108.35907562  .00001031  00000-0  28751-3 0  9995,2 40090 047.0089 181.8457 0019387 232.9470 126.9634 14.52841695 40507
1 40090U 14040E   15109.39063549  .00001092  00000-0  30228-3 0  9997,2 40090 047.0095 177.0165 0019429 237.4224 122.4762 14.52844544 40656
1 40090U 14040E   15110.62850649  .00000956  00000-0  26956-3 0  9991,2 40090 047.0090 171.2196 0019410 243.0332 116.8549 14.52846780 40838
1 40090U 14040E   15112.14145810  .00000848  00000-0  24352-3 0  9995,2 40090 047.0085 164.1346 0019526 249.8559 110.0242 14.52849356 41056
1 40090U 14040E   15113.17301370  .00000899  00000-0  25574-3 0  9997,2 40090 047.0076 159.3040 0019507 254.5341 105.3398 14.52851706 41202
1 40090U 14040E   15114.47964772  .00001107  00000-0  30585-3 0  9993,2 40090 047.0069 153.1853 0019530 260.1942 099.6731 14.52855668 41391
1 40090U 14040E   15115.51119985  .00000994  00000-0  27872-3 0  9995,2 40090 047.0070 148.3550 0019539 264.7250 095.1376 14.52857555 41544
1 40090U 14040E   15116.54275272  .00000636  00000-0  19274-3 0  9991,2 40090 047.0071 143.5250 0019503 269.3296 090.5341 14.52858014 41699
1 40090U 14040E   15118.05569493  .00000514  00000-0  16326-3 0  9990,2 40090 047.0078 136.4412 0019514 275.9717 083.8947 14.52859793 41917
1 40090U 14040E   15119.49986562  .00000452  00000-0  14855-3 0  9995,2 40090 047.0074 129.6781 0019437 282.6562 077.2137 14.52861312 42125
1 40090U 14040E   15121.01280496  .00000516  00000-0  16375-3 0  9999,2 40090 047.0078 122.5940 0019419 289.3132 070.5669 14.52863700 42348
1 40090U 14040E   15122.04435274  .00000495  00000-0  15874-3 0  9998,2 40090 047.0068 117.7640 0019357 293.8501 066.0329 14.52864876 42495
1 40090U 14040E   15123.41975052  .00000429  00000-0  14291-3 0  9992,2 40090 047.0071 111.3222 0019281 300.2452 059.6514 14.52866263 42697
1 40090U 14040E   15125.13899540  .00000307  00000-0  11366-3 0  9995,2 40090 047.0077 103.2709 0019235 307.3971 052.5134 14.52867477 42942
1 40090U 14040E   15126.30808178  .00000377  00000-0  13040-3 0  9990,2 40090 047.0071 097.7972 0019239 312.8024 047.1238 14.52869048 43110
1 40090U 14040E   15127.33962736  .00000479  00000-0  15493-3 0  9992,2 40090 047.0067 092.9672 0019289 317.2888 042.6502 14.52870626 43265
1 40090U 14040E   15128.30240203 -.00002050  00000-0 -45272-3 0  9995,2 40090 047.0067 088.4615 0018667 318.6065 041.2558 14.52854818 43400
1 40090U 14040E   15129.05889635 -.00006458  00000-0 -15132-2 0  9993,2 40090 047.0086 084.9097 0020644 332.9401 026.9024 14.52826381 43511
1 40090U 14040E   15129.33401033 -.00011365  00000-0 -26976-2 0  9997,2 40090 047.0066 083.6247 0019689 329.2666 030.6744 14.52801617 43551
1 40090U 14040E   15130.29684009 -.00010794  00000-0 -25608-2 0  9996,2 40090 047.0065 079.1151 0019660 333.6974 026.2947 14.52785453 43694
1 40090U 14040E   15130.98458027 -.00007084  00000-0 -16654-2 0  9990,2 40090 047.0076 075.8960 0020414 336.0696 023.9779 14.52786725 43795
1 40090U 14040E   15131.32842146  .00000195  00000-0  86989-4 0  9992,2 40090 047.0094 074.2933 0019290 335.9224 024.0821 14.52811518 43848
1 40090U 14040E   15133.04772840  .00000792  00000-0  23028-3 0  9993,2 40090 047.0086 066.2390 0019021 343.4996 016.5282 14.52816514 44095
1 40090U 14040E   15134.14808260  .00000564  00000-0  17557-3 0  9998,2 40090 047.0074 061.0870 0019036 348.5522 011.4777 14.52817143 44255
1 40090U 14040E   15134.76706051 -.00002886  00000-0  00000+0 0  9992,2 40090 047.0076 058.1840 0019249 353.1483 006.9616 14.52796731583039
1 40090U 14040E   15135.31722082 -.00001251  00000-0 -26094-3 0  9997,2 40090 047.0064 055.6127 0018852 354.2832 005.7830 14.52809106 44426
1 40090U 14040E   15136.41758242 -.00001307  00000-0 -27448-3 0  9992,2 40090 047.0071 050.4602 0018761 358.8607 001.2226 14.52807176 44586
1 40090U 14040E   15137.24285130 -.00000138  00000-0  67245-5 0  9996,2 40090 047.0071 046.5985 0018449 002.3125 357.7884 14.52811487 44708
1 40090U 14040E   15138.75584135  .00000851  00000-0  24465-3 0  9996,2 40090 047.0085 039.5122 0018549 008.8948 351.2285 14.52817425 44929
1 40090U 14040E   15139.92496782  .00000873  00000-0  24980-3 0  9992,2 40090 047.0102 034.0387 0018471 014.1973 345.9418 14.52820093 45096
1 40090U 14040E   15141.02531938  .00000968  00000-0  27269-3 0  9997,2 40090 047.0104 028.8862 0018306 019.3684 340.7854 14.52823056 45257
1 40090U 14040E   15142.05689920  .00000777  00000-0  22682-3 0  9998,2 40090 047.0107 024.0547 0018311 024.1394 336.0314 14.52824241 45409
1 40090U 14040E   15143.08847843  .00000699  00000-0  20797-3 0  9990,2 40090 047.0102 019.2237 0018443 028.8214 331.3680 14.52825744 45553
1 40090U 14040E   15144.80777532  .00000303  00000-0  11298-3 0  9996,2 40090 047.0082 011.1752 0018351 036.9628 323.2501 14.52825859 45807
1 40090U 14040E   15146.04566646  .00000393  00000-0  13459-3 0  9996,2 40090 047.0084 005.3794 0018231 042.7151 317.5128 14.52827593 45980
1 40090U 14040E   15147.62741579  .00000224  00000-0  93883-4 0  9994,2 40090 047.0085 357.9723 0018126 050.4098 309.8371 14.52828173 46214
1 40090U 14040E   15148.65899039  .00000064  00000-0  55493-4 0  9990,2 40090 047.0090 353.1418 0018218 054.7378 305.5152 14.52828156 46366
1 40090U 14040E   15150.03442281  .00000198  00000-0  87504-4 0  9994,2 40090 047.0073 346.7097 0017908 061.0246 299.2430 14.52829881 46564
1 40090U 14040E   15151.75371064  .00000277  00000-0  10653-3 0  9992,2 40090 047.0073 338.6595 0017852 069.2299 291.0495 14.52831488 46818
1 40090U 14040E   15240.19147126  .00000046  00000-0  50973-4 0  9993,2 40090 047.0062 284.5389 0017228 113.0735 247.1966 14.52894414 59677
1 40090U 14040E   15241.49806821  .00000062  00000-0  54761-4 0  9998,2 40090 047.0061 278.4202 0017247 119.2059 241.0552 14.52895153 59866
1 40090U 14040E   15241.56683646 +.00000060 +00000-0 +54252-4 0  9997,2 40090 047.0061 278.0982 0017245 119.5202 240.7403 14.52895174059873
1 40090U 14040E   15242.52959154  .00000032  00000-0  47614-4 0  9997,2 40090 047.0059 273.5896 0017268 124.0542 236.1984 14.52895487 60015
1 40090U 14040E   15243.49234619 +.00000020 +00000-0 +44649-4 0  9998,2 40090 047.0058 269.0810 0017301 128.5973 231.6463 14.52895865060152
1 40090U 14040E   15244.18002777  .00000016  00000-0  43650-4 0  9999,2 40090  47.0057 265.8605 0017319 131.8243 228.4122 14.52896181 60252
1 40090U 14040E   15245.48662248 -.00000016  00000-0  36142-4 0  9997,2 40090  47.0055 259.7418 0017356 137.8959 222.3261 14.52896500 60448
1 40090U 14040E   15246.44937606 -.00000030 +00000-0 +32716-4 0  9996,2 40090 047.0054 255.2331 0017396 142.3853 217.8251 14.52896729060586
1 40090U 14040E   15247.13705692 -.00000032  00000-0  32280-4 0  9999,2 40090  47.0053 252.0125 0017424 145.5948 214.6067 14.52896939 60687
1 40090U 14040E   15248.16857771  .00000002  00000-0  40319-4 0  9997,2 40090  47.0053 247.1818 0017482 150.4119 209.7757 14.52897472 60831
1 40090U 14040E   15249.47517021  .00000031  00000-0  47286-4 0  9995,2 40090  47.0053 241.0630 0017535 156.4100 203.7591 14.52898091 61021
1 40090U 14040E   15249.95654619 +.00000030 +00000-0 +47141-4 0  9992,2 40090 047.0053 238.8086 0017557 158.6455 201.5164 14.52898281061091
1 40090U 14040E   15251.12560181  .00000032  00000-0  47517-4 0  9993,2 40090  47.0054 233.3339 0017616 164.0024 196.1419 14.52898802 61262
1 40090U 14040E   15252.15712103  .00000046  00000-0  50993-4 0  9997,2 40090  47.0055 228.5033 0017673 168.7342 191.3941 14.52899342 61411
1 40090U 14040E   15253.18863964  .00000067  00000-0  55976-4 0  9992,2 40090  47.0056 223.6728 0017725 173.4039 186.7081 14.52900007 61563
1 40090U 14040E   15253.94508647 +.00000036 +00000-0 +48407-4 0  9997,2 40090 047.0056 220.1304 0017760 176.8248 183.2751 14.52900219061676
1 40090U 14040E   15254.35769377  .00000029  00000-0  46879-4 0  9995,2 40090  47.0056 218.1983 0017783 178.7036 181.3896 14.52900386 61738
1 40090U 14040E   15254.90783665 +.00000046 +00000-0 +50995-4 0  9995,2 40090 047.0057 215.6219 0017814 181.2098 178.8745 14.52900753061816
1 40090U 14040E   15255.87058660  .00000026  00000-0  46008-4 0  9990,2 40090  47.0057 211.1134 0017873 185.5658 174.5029 14.52901098 61953
1 40090U 14040E   15255.93935442 +.00000024 +00000-0 +45562-4 0  9991,2 40090 047.0057 210.7913 0017877 185.8684 174.1993 14.52901133061966
1 40090U 14040E   15256.90210418  .00000017  00000-0  43921-4 0  9997,2 40090  47.0057 206.2829 0017929 190.1963 169.8559 14.52901517 62101
1 40090U 14040E   15258.20869288  .00000026  00000-0  46124-4 0  9995,2 40090  47.0058 200.1643 0017995 196.0441 163.9874 14.52902056 62292
1 40090U 14040E   15259.30897770  .00000024  00000-0  45587-4 0  9994,2 40090  47.0059 195.0118 0018052 200.9616 159.0529 14.52902480 62458
1 40090U 14040E   15259.85912001 +.00000023 +00000-0 +45353-4 0  9999,2 40090 047.0060 192.4354 0018082 203.4270 156.5791 14.52902693062538
1 40090U 14040E   15260.82186885  .00000047  00000-0  51194-4 0  9997,2 40090  47.0061 187.9270 0018120 207.6949 152.2970 14.52903238 62670
1 40090U 14040E   15262.19722360  .00000129  00000-0  70773-4 0  9998,2 40090  47.0062 181.4865 0018182 213.7594 146.2132 14.52904414 62874
1 40090U 14040E   15262.88490072 +.00000129 +00000-0 +70852-4 0  9994,2 40090 047.0062 178.2661 0018215 216.7870 143.1765 14.52904849062970
1 40090U 14040E   15263.22873925  .00000168  00000-0  80041-4 0  9999,2 40090  47.0062 176.6561 0018216 218.2958 141.6633 14.52905260 63028
1 40090U 14040E   15263.91641594 +.00000174 +00000-0 +81652-4 0  9996,2 40090 047.0063 173.4357 0018254 221.3146 138.6357 14.52905802063125
1 40090U 14040E   15265.15423383  .00000167  00000-0  79995-4 0  9997,2 40090  47.0062 167.6393 0018295 226.7530 133.1827 14.52906649 63302
1 40090U 14040E   15266.18574846  .00000162  00000-0  78752-4 0  9997,2 40090  47.0061 162.8088 0018324 231.2627 128.6619 14.52907350 63454
1 40090U 14040E   15267.21726267  .00000181  00000-0  83180-4 0  9990,2 40090  47.0060 157.9784 0018355 235.7945 124.1199 14.52908185 63605
1 40090U 14040E   15267.90493865 +.00000171 +00000-0 +80929-4 0  9998,2 40090 047.0059 154.7579 0018378 238.7723 121.1360 14.52908617063700
1 40090U 14040E   15268.79891717  .00000187  00000-0  84820-4 0  9995,2 40090  47.0058 150.5714 0018397 242.6639 117.2372 14.52909359 63832
1 40090U 14040E   15268.86768473 +.00000205 +00000-0 +88970-4 0  9996,2 40090 047.0058 150.2493 0018395 242.9637 116.9369 14.52909506063849
1 40090U 14040E   15269.83043074  .00000182  00000-0  83452-4 0  9991,2 40090  47.0058 145.7408 0018407 247.1482 112.7458 14.52910027 63981
1 40090U 14040E   15269.89919832 +.00000180 +00000-0 +83008-4 0  9996,2 40090 047.0058 145.4188 0018409 247.4436 112.4500 14.52910054063993
1 40090U 14040E   15271.13701435  .00000172  00000-0  81033-4 0  9991,2 40090  47.0058 139.6221 0018430 252.8391 107.0474 14.52910776 64172
1 40090U 14040E   15271.89345724 +.00000178 +00000-0 +82487-4 0  9999,2 40090 047.0058 136.0796 0018444 256.1103 103.7728 14.52911300064284
1 40090U 14040E   15272.85620264  .00000153  00000-0  76613-4 0  9998,2 40090  47.0058 131.5710 0018448 260.2889  99.5910 14.52911794 64429
1 40090U 14040E   15274.09401788  .00000159  00000-0  78006-4 0  9998,2 40090  47.0057 125.7743 0018454 265.6773  94.2002 14.52912607 64605
1 40090U 14040E   15275.53813509  .00000216  00000-0  91633-4 0  9991,2 40090  47.0057 119.0113 0018451 271.9295  87.9476 14.52913881 64810
1 40090U 14040E   15276.56964711  .00000196  00000-0  86862-4 0  9992,2 40090  47.0056 114.1806 0018445 276.3934  83.4849 14.52914459 64969
1 40090U 14040E   15276.91348434 +.00000191 +00000-0 +85655-4 0  9993,2 40090 047.0056 112.5704 0018436 277.8631 082.0160 14.52914681065013
1 40090U 14040E   15277.87622851  .00000164  00000-0  79117-4 0  9993,2 40090  47.0056 108.0617 0018425 282.0298  77.8521 14.52915204 65151
1 40090U 14040E   15278.97650743  .00000140  00000-0  73332-4 0  9993,2 40090  47.0056 102.9088 0018408 286.8588  73.0276 14.52915817 65314
1 40090U 14040E   15280.55815759  .00000176  00000-0  82057-4 0  9993,2 40090  47.0057  95.5015 0018375 293.7064  66.1891 14.52917129 65540
1 40090U 14040E   15280.90199460 +.00000163 +00000-0 +78853-4 0  9991,2 40090 047.0057 093.8914 0018362 295.2293 064.6687 14.52917282065597
1 40090U 14040E   15281.79597023  .00000175  00000-0  81775-4 0  9996,2 40090  47.0059  89.7048 0018340 299.1092  60.7955 14.52918066 65728
1 40090U 14040E   15281.86473758 +.00000177 +00000-0 +82211-4 0  9990,2 40090 047.0059 089.3828 0018338 299.4244 060.4809 14.52918129065735
1 40090U 14040E   15282.82748070  .00000121  00000-0  68862-4 0  9994,2 40090  47.0060  84.8742 0018307 303.6398  56.2738 14.52918473 65877
1 40090U 14040E   15282.89624802 +.00000128 +00000-0 +70532-4 0  9991,2 40090 047.0060 084.5521 0018306 303.9610 055.9533 14.52918569065884
1 40090U 14040E   15283.85899079  .00000108  00000-0  65732-4 0  9992,2 40090  47.0062  80.0435 0018270 308.1516  51.7721 14.52919118 66024
1 40090U 14040E   15284.89050055  .00000110  00000-0  66238-4 0  9995,2 40090  47.0063  75.2128 0018225 312.6243  47.3103 14.52919848 66178
1 40090U 14040E   15286.47214843  .00000116  00000-0  67661-4 0  9995,2 40090  47.0065  67.8057 0018161 319.5280  40.4252 14.52920893 66401
1 40090U 14040E   15286.88475214 +.00000115 +00000-0 +67479-4 0  9997,2 40090 047.0065 065.8736 0018141 321.3673 038.5912 14.52921154066466
1 40090U 14040E   15287.50365751  .00000166  00000-0  79706-4 0  9993,2 40090  47.0066  62.9752 0018119 324.0709  35.8956 14.52921831 66558
1 40090U 14040E   15287.84749381 +.00000165 +00000-0 +79358-4 0  9997,2 40090 047.0067 061.3651 0018104 325.6096 034.3615 14.52922045066600
1 40090U 14040E   15288.74146820  .00000163  00000-0  78916-4 0  9993,2 40090  47.0068  57.1785 0018060 329.5750  30.4084 14.52922529 66731
1 40090U 14040E   15288.81023535 +.00000187 +00000-0 +84848-4 0  9995,2 40090 047.0068 056.8565 0018057 329.8719 030.1125 14.52922731066746
1 40090U 14040E   15289.77297652  .00000207  00000-0  89532-4 0  9992,2 40090  47.0069  52.3479 0018005 334.1391  25.8591 14.52923426 66885
1 40090U 14040E   15290.80448434  .00000235  00000-0  96185-4 0  9997,2 40090  47.0071  47.5173 0017960 338.6973  21.3161 14.52924310 67034
1 40090U 14040E   15292.45489535  .00000310  00000-0  11437-3 0  9997,2 40090  47.0074  39.7885 0017875 346.0580  13.9808 14.52926121 67275
1 40090U 14040E   15292.72996376 +.00000319 +00000-0 +11632-3 0  9999,2 40090 047.0074 038.5005 0017862 347.3186 012.7246 14.52926395067319
1 40090U 14040E   15293.69270233  .00000369  00000-0  12848-3 0  9998,2 40090  47.0075  33.9920 0017811 351.6299   8.4285 14.52927649 67455
1 40090U 14040E   15294.72420688  .00000421  00000-0  14089-3 0  9992,2 40090  47.0076  29.1615 0017760 356.2609   3.8139 14.52929134 67608
1 40090U 14040E   15296.16831145  .00000528  00000-0  16658-3 0  9998,2 40090  47.0076  22.3988 0017684   2.7501 357.3477 14.52931560 67816
1 40090U 14040E   15297.19981336  .00000579  00000-0  17892-3 0  9997,2 40090  47.0075  17.5682 0017619   7.4264 352.6878 14.52933275 67962
1 40090U 14040E   15298.36884737  .00000552  00000-0  17225-3 0  9995,2 40090  47.0075  12.0935 0017552  12.7378 347.3945 14.52934858 68138
1 40090U 14040E   15299.46911374  .00000451  00000-0  14807-3 0  9996,2 40090  47.0075   6.9408 0017493  17.7719 342.3773 14.52935843 68299
1 40090U 14040E   15299.67541351 +.00000456 +00000-0 +14940-3 0  9996,2 40090 047.0075 005.9748 0017488 018.7169 341.4354 14.52936176068328
1 40090U 14040E   15300.63814548  .00000413  00000-0  13889-3 0  9990,2 40090  47.0075   1.4663 0017438  23.1403 337.0263 14.52937233 68461
1 40090U 14040E   15302.15100843  .00000370  00000-0  12865-3 0  9990,2 40090  47.0075 354.3813 0017359  30.0568 330.1308 14.52938838 68689
1 40090U 14040E   15303.18250482  .00000359  00000-0  12613-3 0  9997,2 40090  47.0074 349.5507 0017313  34.8307 325.3706 14.52939963 68832
1 40090U 14040E   15304.48906579  .00000347  00000-0  12309-3 0  9995,2 40090  47.0074 343.4321 0017255  40.8578 319.3595 14.52941225 69026
1 40090U 14040E   15305.52056057  .00000388  00000-0  13306-3 0  9991,2 40090  47.0073 338.6014 0017211  45.6471 314.5820 14.52942357 69178
1 40090U 14040E   15306.55205448  .00000375  00000-0  12984-3 0  9992,2 40090  47.0071 333.7708 0017170  50.4435 309.7963 14.52943185 69321
1 40090U 14040E   15308.13367685  .00000296  00000-0  11099-3 0  9998,2 40090  47.0070 326.3635 0017116  57.8290 302.4251 14.52944107 69557
1 40090U 14040E   15309.16516873  .00000279  00000-0  10689-3 0  9992,2 40090  47.0069 321.5327 0017090  62.6861 297.5760 14.52944871 69703
1 40090U 14040E   15310.40295808  .00000231  00000-0  95214-4 0  9999,2 40090  47.0068 315.7359 0017071  68.5250 291.7452 14.52945563 69880
1 40090U 14040E   15311.43444805  .00000281  00000-0  10722-3 0  9991,2 40090  47.0068 310.9051 0017060  73.3526 286.9229 14.52946689 70031
1 40090U 14040E   15312.46593695  .00000244  00000-0  98548-4 0  9999,2 40090  47.0068 306.0743 0017050  78.2180 282.0615 14.52947454 70187
1 40090U 14040E   15313.49742489  .00000274  00000-0  10553-3 0  9992,2 40090  47.0068 301.2436 0017044  83.0838 277.1984 14.52948586 70338
1 40090U 14040E   15314.80397502  .00000270  00000-0  10466-3 0  9999,2 40090  47.0068 295.1246 0017038  89.2365 271.0471 14.52949775 70520
1 40090U 14040E   15314.87274064 +.00000327 +00000-0 +11829-3 0  9990,2 40090 047.0068 294.8026 0017038 089.5511 270.7325 14.52950180070535
1 40090U 14040E   15315.90422637  .00000277  00000-0  10622-3 0  9990,2 40090  47.0067 289.9718 0017047  94.3968 265.8863 14.52950909 70684
1 40090U 14040E   15317.00447683  .00000227  00000-0  94389-4 0  9999,2 40090  47.0067 284.8190 0017053  99.6088 260.6723 14.52951694 70848
1 40090U 14040E   15318.03596054  .00000274  00000-0  10558-3 0  9997,2 40090  47.0066 279.9883 0017074 104.4310 255.8470 14.52952948 70991
1 40090U 14040E   15319.13620875  .00000261  00000-0  10239-3 0  9990,2 40090  47.0066 274.8355 0017096 109.6046 250.6684 14.52953953 71152
1 40090U 14040E   15320.16769032  .00000266  00000-0  10367-3 0  9991,2 40090  47.0066 270.0048 0017117 114.4565 245.8106 14.52955020 71302
1 40090U 14040E   15321.19917021  .00000393  00000-0  13421-3 0  9993,2 40090  47.0066 265.1740 0017149 119.2823 240.9777 14.52956969 71450
1 40090U 14040E   15322.23064920  .00000461  00000-0  15035-3 0  9999,2 40090  47.0067 260.3433 0017190 124.0910 236.1607 14.52958584 71605
1 40090U 14040E   15323.33089177  .00000483  00000-0  15571-3 0  9991,2 40090  47.0066 255.1906 0017231 129.2373 231.0042 14.52960224 71765
1 40090U 14040E   15323.88101280 +.00000445 +00000-0 +14648-3 0  9993,2 40090 047.0066 252.6141 0017253 131.8061 228.4299 14.52960714071842
1 40090U 14040E   15325.18754866  .00000379  00000-0  13076-3 0  9992,2 40090  47.0065 246.4954 0017319 137.8790 222.3428 14.52962135 72030
1 40090U 14040E   15326.21902298  .00000420  00000-0  14045-3 0  9995,2 40090  47.0064 241.6647 0017366 142.6712 217.5382 14.52963734 72182
1 40090U 14040E   15326.90667202 +.00000358 +00000-0 +12577-3 0  9992,2 40090 047.0063 238.4441 0017401 145.8566 214.3440 14.52964279072285
1 40090U 14040E   15327.86938008 +.00000344 +00000-0 +12227-3 0  9990,2 40090 047.0061 233.9354 0017454 150.3162 209.8715 14.52965341072428
1 40090U 14040E   15329.17591148  .00000279  00000-0  10685-3 0  9999,2 40090  47.0060 227.8165 0017524 156.3095 203.8599 14.52966351 72615
1 40090U 14040E   15329.86355908 +.00000246 +00000-0 +98891-4 0  9997,2 40090 047.0059 224.5958 0017568 159.4894 200.6698 14.52966824072717
1 40090U 14040E   15330.82626528  .00000245  00000-0  98492-4 0  9990,2 40090  47.0058 220.0871 0017625 163.8992 196.2455 14.52967664 72852
1 40090U 14040E   15330.89503006 +.00000204 +00000-0 +88750-4 0  9993,2 40090 047.0058 219.7650 0017629 164.2145 195.9291 14.52967485072867
1 40090U 14040E   15332.13279453  .00000172  00000-0  81133-4 0  9990,2 40090  47.0057 213.9682 0017695 169.8267 190.2978 14.52968284 73045
1 40090U 14040E   15333.16426424  .00000155  00000-0  76992-4 0  9994,2 40090  47.0056 209.1374 0017757 174.5257 185.5823 14.52968952 73194
1 40090U 14040E   15334.60832092  .00000180  00000-0  83014-4 0  9997,2 40090  47.0054 202.3743 0017842 181.0905 178.9942 14.52970102 73407
1 40090U 14040E   15334.74585009 +.00000173 +00000-0 +81267-4 0  9995,2 40090 047.0054 201.7302 0017853 181.7049 178.3776 14.52970168073422
1 40090U 14040E   15335.70855424  .00000131  00000-0  71246-4 0  9993,2 40090  47.0053 197.2215 0017908 186.0192 174.0478 14.52970519 73568
1 40090U 14040E   15335.91484789 +.00000135 +00000-0 +72246-4 0  9993,2 40090 047.0053 196.2553 0017922 186.9424 173.1214 14.52970665073598
1 40090U 14040E   15336.80878684  .00000108  00000-0  65588-4 0  9994,2 40090  47.0051 192.0685 0017984 191.0117 169.0375 14.52971073 73721
1 40090U 14040E   15336.94631593 +.00000108 +00000-0 +65706-4 0  9997,2 40090 047.0050 191.4245 0017990 191.6175 168.4295 14.52971147073740
1 40090U 14040E   15337.84025457  .00000112  00000-0  66629-4 0  9993,2 40090  47.0050 187.2377 0018043 195.6196 164.4133 14.52971722 73876
1 40090U 14040E   15337.90901907 +.00000096 +00000-0 +62834-4 0  9998,2 40090 047.0050 186.9156 0018044 195.9241 164.1077 14.52971679073888
1 40090U 14040E   15339.07801522  .00000114  00000-0  67048-4 0  9993,2 40090  47.0048 181.4405 0018121 201.1324 158.8812 14.52972480 74058
1 40090U 14040E   15340.52206829  .00000223  00000-0  93339-4 0  9997,2 40090  47.0048 174.6770 0018200 207.5942 152.3977 14.52974041 74260
1 40090U 14040E   15341.55353389  .00000283  00000-0  10761-3 0  9998,2 40090  47.0048 169.8461 0018269 212.1657 147.8113 14.52975204 74413
1 40090U 14040E   15341.89735562 +.00000312 +00000-0 +11458-3 0  9999,2 40090 047.0049 168.2359 0018283 213.6810 146.2912 14.52975668074465
1 40090U 14040E   15342.86005632  .00000329  00000-0  11861-3 0  9991,2 40090  47.0049 163.7270 0018332 217.9480 142.0113 14.52976586 74605
1 40090U 14040E   15342.92882067 +.00000266 +00000-0 +10361-3 0  9997,2 40090 047.0049 163.4049 0018332 218.2533 141.7051 14.52976313074615
1 40090U 14040E   15343.96028506  .00000279  00000-0  10655-3 0  9992,2 40090  47.0050 158.5740 0018375 222.8181 137.1272 14.52977362 74762
1 40090U 14040E   15345.54186210  .00000400  00000-0  13562-3 0  9991,2 40090  47.0051 151.1665 0018462 229.8050 130.1218 14.52979735 74991
1 40090U 14040E   15345.88568322 +.00000386 +00000-0 +13235-3 0  9996,2 40090 047.0051 149.5563 0018455 231.3230 128.6003 14.52979995075048
1 40090U 14040E   15346.84838137  .00000394  00000-0  13430-3 0  9993,2 40090  47.0051 145.0474 0018500 235.5581 124.3555 14.52981158 75180
1 40090U 14040E   15347.87984328  .00000359  00000-0  12579-3 0  9995,2 40090  47.0052 140.2164 0018540 240.0854 119.8188 14.52982106 75334
1 40090U 14040E   15349.53018022  .00000531  00000-0  16699-3 0  9998,2 40090  47.0054 132.4867 0018619 247.3404 112.5510 14.52985097 75574
1 40090U 14040E   15349.87400050 +.00000492 +00000-0 +15765-3 0  9990,2 40090 047.0054 130.8765 0018630 248.8495 111.0397 14.52985245075620
1 40090U 14040E   15350.83669669  .00000413  00000-0  13872-3 0  9991,2 40090  47.0056 126.3676 0018652 253.0638 106.8200 14.52985891 75761
1 40090U 14040E   15352.14321196  .00000346  00000-0  12262-3 0  9994,2 40090  47.0059 120.2484 0018696 258.7854 101.0928 14.52987025 75950
1 40090U 14040E   15353.51849036  .00000392  00000-0  13377-3 0  9993,2 40090  47.0062 113.8073 0018708 264.7787  95.0962 14.52988800 76157
1 40090U 14040E   15353.79354596 +.00000352 +00000-0 +12423-3 0  9992,2 40090 047.0062 112.5192 0018705 265.9941 093.8804 14.52988892076193
1 40090U 14040E   15354.75624003  .00000318  00000-0  11592-3 0  9990,2 40090  47.0064 108.0105 0018722 270.2124  89.6614 14.52989786 76331
1 40090U 14040E   15356.13151580  .00000366  00000-0  12739-3 0  9996,2 40090  47.0066 101.5694 0018730 276.2313  83.6437 14.52991792 76538
1 40090U 14040E   15357.30049950  .00000371  00000-0  12875-3 0  9990,2 40090  47.0066  96.0944 0018730 281.3338  78.5441 14.52993252 76708
1 40090U 14040E   15358.46948223  .00000402  00000-0  13619-3 0  9991,2 40090  47.0067  90.6194 0018736 286.4415  73.4409 14.52994919 76871
1 40090U 14040E   15359.50093705  .00000378  00000-0  13029-3 0  9990,2 40090  47.0069  85.7886 0018729 290.9597  68.9282 14.52996078 77023
1 40090U 14040E   15359.70722800 +.00000358 +00000-0 +12545-3 0  9997,2 40090 047.0069 084.8225 0018726 291.8711 068.0181 14.52996210077055
1 40090U 14040E   15360.66991867  .00000308  00000-0  11364-3 0  9998,2 40090  47.0070  80.3136 0018707 296.0662  63.8296 14.52997062 77191
1 40090U 14040E   15361.70137230  .00000304  00000-0  11271-3 0  9993,2 40090  47.0071  75.4828 0018692 300.5875  59.3164 14.52998222 77345
1 40090U 14040E   15363.48922457  .00000281  00000-0  10717-3 0  9991,2 40090  47.0073  67.1094 0018647 308.4338  51.4872 14.52999853 77600
1 40090U 14040E   15364.52067716  .00000291  00000-0  10946-3 0  9990,2 40090  47.0073  62.2787 0018606 312.9745  46.9578 14.53000884 77758
1 40090U 14040E   15364.65820418 +.00000292 +00000-0 +10967-3 0  9994,2 40090 047.0073 061.6346 0018609 313.5922 046.3417 14.53001006077774
1 40090U 14040E   15365.62089284  .00000293  00000-0  11003-3 0  9993,2 40090  47.0073  57.1258 0018576 317.8436  42.1018 14.53001896 77910
1 40090U 14040E   16002.20245180  .00000186  00000-0  84510-4 0  9990,2 40090  47.0073  49.7184 0018517 324.8201  35.1459 14.53002736 78149
1 40090U 14040E   16003.50895631  .00000220  00000-0  92512-4 0  9996,2 40090  47.0073  43.5993 0018466 330.6686  29.3160 14.53004034 78332
1 40090U 14040E   16003.57771971 +.00000227 +00000-0 +94165-4 0  9996,2 40090 047.0073 043.2772 0018469 330.9749 029.0107 14.53004122078347
1 40090U 14040E   16004.54040690  .00000190  00000-0  85478-4 0  9997,2 40090  47.0073  38.7683 0018433 335.2773  24.7226 14.53004681 78482
1 40090U 14040E   16006.19072704  .00000127  00000-0  70363-4 0  9998,2 40090  47.0073  31.0386 0018348 342.6490  17.3765 14.53005550 78720
1 40090U 14040E   16007.42846660  .00000136  00000-0  72553-4 0  9998,2 40090  47.0073  25.2416 0018310 348.2426  11.8028 14.53006412 78908
1 40090U 14040E   16007.49722991 +.00000135 +00000-0 +72218-4 0  9992,2 40090 047.0073 024.9196 0018311 348.5581 011.4884 14.53006448078911
1 40090U 14040E   16009.14754847  .00000106  00000-0  65259-4 0  9996,2 40090  47.0074  17.1900 0018231 356.0225   4.0511 14.53007265 79159
1 40090U 14040E   16010.17899683  .00000107  00000-0  65431-4 0  9992,2 40090  47.0074  12.3590 0018178   0.7075 359.3831 14.53007932 79306
1 40090U 14040E   16011.41673433  .00000135  00000-0  72112-4 0  9998,2 40090  47.0074   6.5620 0018121   6.3641 353.7469 14.53008851 79489
1 40090U 14040E   16012.44818133  .00000223  00000-0  93373-4 0  9990,2 40090  47.0074   1.7310 0018066  11.0902 349.0376 14.53010095 79638
1 40090U 14040E   16012.92952330 +.00000182 +00000-0 +83395-4 0  9998,2 40090 047.0074 359.4764 0018045 013.2823 346.8532 14.53010160079707
1 40090U 14040E   16014.16725869  .00000191  00000-0  85580-4 0  9999,2 40090  47.0074 353.6792 0017981  18.9858 341.1692 14.53011127 79880
1 40090U 14040E   16015.40499312  .00000185  00000-0  84183-4 0  9999,2 40090  47.0074 347.8820 0017926  24.7140 335.4598 14.53012040 80063
1 40090U 14040E   16016.50520083  .00000181  00000-0  83336-4 0  9996,2 40090  47.0075 342.7289 0017883  29.8048 330.3850 14.53012842 80225
1 40090U 14040E   16016.91777850 +.00000178 +00000-0 +82641-4 0  9991,2 40090 047.0075 340.7965 0017855 031.7103 328.4852 14.53013119080281
1 40090U 14040E   16017.88045932  .00000213  00000-0  90790-4 0  9991,2 40090  47.0075 336.2876 0017828  36.1900 324.0187 14.53014013 80429
1 40090U 14040E   16017.94922222 +.00000174 +00000-0 +81655-4 0  9990,2 40090 047.0075 335.9655 0017824 036.5182 323.6913 14.53013865080439
1 40090U 14040E   16019.18695387  .00000167  00000-0  79797-4 0  9993,2 40090  47.0075 330.1686 0017788  42.2991 317.9261 14.53014727 80611
1 40090U 14040E   16020.14963708  .00000163  00000-0  79009-4 0  9998,2 40090  47.0078 325.6604 0017637  47.0750 313.1611 14.52995618 80750
1 40090U 14040E   16021.18109235  .00000247  00000-0  99159-4 0  9991,2 40090  47.0075 320.8292 0017660  51.5813 308.6653 14.52997093 80904
1 40090U 14040E   16021.79996615 -.00000700  00000-0  00000+0 0  9991,2 40090  47.0067 317.9308 0017522  54.7632 305.5372 14.53007828 80993
1 40090U 14040E   16022.21254632  .00000304  00000-0  11264-3 0  9992,2 40090  47.0073 315.9984 0017613  56.4614 303.7949 14.52998125 81054
1 40090U 14040E   16022.90018191 +.00000301 +00000-0 +11195-3 0  9996,2 40090 047.0073 312.7777 0017600 059.6648 300.5973 14.52998787081154
1 40090U 14040E   16023.79410760  .00000277  00000-0  10616-3 0  9991,2 40090  47.0071 308.5910 0017566  63.9196 296.3493 14.52999567 81281
1 40090U 14040E   16023.86287116 +.00000265 +00000-0 +10336-3 0  9992,2 40090 047.0071 308.2690 0017569 064.2559 296.0135 14.52999550081296
1 40090U 14040E   16024.82555966  .00000232  00000-0  95544-4 0  9999,2 40090  47.0070 303.7601 0017559  68.8119 291.4639 14.53000261 81435
1 40090U 14040E   16024.89432312 +.00000226 +00000-0 +93997-4 0  9998,2 40090 047.0070 303.4380 0017563 069.1418 291.1345 14.53000290081441
1 40090U 14040E   16026.13206460  .00000149  00000-0  75673-4 0  9995,2 40090  47.0069 297.6410 0017562  74.9992 285.2834 14.53000905 81627
1 40090U 14040E   16027.16351499  .00000136  00000-0  72466-4 0  9995,2 40090  47.0068 292.8102 0017556  79.8847 280.4016 14.53001600 81775
1 40090U 14040E   16027.91991149 +.00000092 +00000-0 +61951-4 0  9998,2 40090 047.0067 289.2674 0017550 083.4866 276.8014 14.53001886081889
1 40090U 14040E   16028.81383424  .00000093  00000-0  62071-4 0  9994,2 40090  47.0065 285.0807 0017550  87.7417 272.5476 14.53002420 82014
1 40090U 14040E   16028.88259761 +.00000076 +00000-0 +58043-4 0  9992,2 40090 047.0065 284.7587 0017556 088.0679 272.2215 14.53002347082022
1 40090U 14040E   16029.84528317  .00000077  00000-0  58255-4 0  9991,2 40090  47.0063 280.2498 0017568  92.6274 267.6621 14.53002853 82163
1 40090U 14040E   16029.91404648 +.00000069 +00000-0 +56371-4 0  9997,2 40090 047.0063 279.9279 0017573 092.9521 267.3373 14.53002828082173
1 40090U 14040E   16031.15178425  .00000055  00000-0  53104-4 0  9993,2 40090  47.0060 274.1308 0017584  98.7915 261.4961 14.53003353 82355
1 40090U 14040E   16032.45828414  .00000119  00000-0  68430-4 0  9996,2 40090  47.0058 268.0116 0017605 104.9481 255.3353 14.53004344 82542
1 40090U 14040E   16032.73333664 +.00000118 +00000-0 +68175-4 0  9990,2 40090 047.0057 266.7233 0017617 106.2688 254.0135 14.53004467082587
1 40090U 14040E   16033.83354624  .00000108  00000-0  65665-4 0  9991,2 40090  47.0055 261.5701 0017649 111.4785 248.7982 14.53004907 82746
1 40090U 14040E   16033.90230934 +.00000085 +00000-0 +60299-4 0  9998,2 40090 047.0055 261.2481 0017651 111.8153 248.4610 14.53004807082759
1 40090U 14040E   16035.00251801  .00000092  00000-0  61824-4 0  9990,2 40090  47.0053 256.0949 0017682 116.9837 243.2855 14.53005410 82910
1 40090U 14040E   16036.51530338  .00000125  00000-0  69913-4 0  9996,2 40090  47.0051 249.0091 0017724 124.1203 236.1365 14.53006475 83137
1 40090U 14040E   16037.54674694  .00000163  00000-0  79011-4 0  9996,2 40090  47.0051 244.1778 0017768 128.9820 231.2649 14.53007385 83288
1 40090U 14040E   16037.89056123 +.00000165 +00000-0 +79455-4 0  9999,2 40090 047.0050 242.5675 0017788 130.5795 229.6640 14.53007675083337
1 40090U 14040E   16038.64695223  .00000232  00000-0  95537-4 0  9997,2 40090  47.0050 239.0247 0017818 134.1637 226.0715 14.53008652 83444
1 40090U 14040E   16038.92200336 +.00000253 +00000-0 +10038-3 0  9990,2 40090 047.0050 237.7364 0017838 135.4589 224.7731 14.53009002083488
1 40090U 14040E   16039.67839351  .00000325  00000-0  11772-3 0  9994,2 40090  47.0049 234.1934 0017877 139.0272 221.1959 14.53010123 83593
1 40090U 14040E   16040.91612214  .00000323  00000-0  11716-3 0  9996,2 40090  47.0048 228.3962 0017941 144.8011 215.4061 14.53011287 83777
1 40090U 14040E   16042.01632418  .00000286  00000-0  10844-3 0  9996,2 40090  47.0048 223.2429 0017993 149.9251 210.2669 14.53012201 83930
1 40090U 14040E   16043.52909967  .00000406  00000-0  13705-3 0  9992,2 40090  47.0047 216.1569 0018084 157.0054 203.1643 14.53014557 84152
1 40090U 14040E   16043.87291202 +.00000410 +00000-0 +13795-3 0  9990,2 40090 047.0048 214.5466 0018096 158.5606 201.6038 14.53014980084200
1 40090U 14040E   16045.52314433  .00000793  00000-0  22940-3 0  9992,2 40090  47.0051 206.8166 0017908 166.4553 193.6814 14.53076002 84446
1 40090U 14040E   16045.86694216 +.00000781 +00000-0 +22655-3 0  9999,2 40090 047.0051 205.2060 0017939 168.1111 192.0199 14.53076433084497
1 40090U 14040E   16046.82957587  .00000400  00000-0  13543-3 0  9993,2 40090  47.0052 200.6964 0018023 172.6370 187.4782 14.53076773 84631
1 40090U 14040E   16047.86096798  .00000500  00000-0  15924-3 0  9992,2 40090  47.0054 195.8651 0018073 177.3194 182.7789 14.53078622 84788
1 40090U 14040E   16049.16739727  .00000338  00000-0  12049-3 0  9997,2 40090  47.0056 189.7454 0018152 183.2829 176.7938 14.53079237 84975
1 40090U 14040E   16049.51120382  .00000571  00000-0  13629-3 0  9991,2 40090  47.0046 188.1352 0018279 184.8535 175.2661 14.53079776 85027
1 40090U 14040E   16050.47382533  .00000339  00000-0  12094-3 0  9993,2 40090  47.0057 183.6258 0018236 189.2166 170.8385 14.53080670 85160
1 40090U 14040E   16051.50521523  .00000248  00000-0  99170-4 0  9992,2 40090  47.0058 178.7945 0018297 193.9076 166.1305 14.53081217 85313
1 40090U 14040E   16051.78025258 +.00000220 +00000-0 +92332-4 0  9999,2 40090 047.0058 177.5063 0018312 195.1368 164.8970 14.53081290085355
1 40090U 14040E   16052.74288263  .00000183  00000-0  83536-4 0  9997,2 40090  47.0058 172.9971 0018371 199.4879 160.5304 14.53081956 85499
1 40090U 14040E   16054.18682687  .00000143  00000-0  73840-4 0  9998,2 40090  47.0059 166.2333 0018459 206.0449 153.9507 14.53082930 85701
1 40090U 14040E   16055.49325198  .00000196  00000-0  86525-4 0  9996,2 40090  47.0060 160.1136 0018537 211.8722 148.1041 14.53084167 85895
1 40090U 14040E   16055.56201129 +.00000178 +00000-0 +82240-4 0  9991,2 40090 047.0060 159.7915 0018539 212.1834 147.7919 14.53084084085903
1 40090U 14040E   16056.59339904  .00000210  00000-0  89961-4 0  9992,2 40090  47.0061 154.9603 0018592 216.7677 143.1932 14.53085007 86057
1 40090U 14040E   16057.69354561  .00000194  00000-0  86036-4 0  9991,2 40090  47.0061 149.8070 0018651 221.6545 138.2918 14.53085696 86214
1 40090U 14040E   16058.72492895  .00000212  00000-0  90530-4 0  9994,2 40090  47.0062 144.9759 0018663 226.2935 133.6403 14.53094968 86368
1 40090U 14040E   16060.23762064  .00000151  00000-0  75909-4 0  9996,2 40090  47.0063 137.8899 0018737 232.9955 126.9214 14.53095677 86580
1 40090U 14040E   16060.65017294 +.00000163 +00000-0 +78592-4 0  9994,2 40090 047.0062 135.9575 0018752 234.8150 125.0978 14.53096000086649
1 40090U 14040E   16061.47527708  .00000190  00000-0  85090-4 0  9992,2 40090  47.0062 132.0924 0018787 238.4768 121.4281 14.53096784 86767
1 40090U 14040E   16062.50665708  .00000194  00000-0  86075-4 0  9998,2 40090  47.0061 127.2611 0018819 243.0297 116.8665 14.53097537 86918
1 40090U 14040E   16062.64417453 +.00000176 +00000-0 +81783-4 0  9996,2 40090 047.0061 126.6169 0018822 243.6582 116.2368 14.53097495086935
1 40090U 14040E   16063.60679570  .00000168  00000-0  79925-4 0  9999,2 40090  47.0060 122.1076 0018847 247.9022 111.9861 14.53098090 87073
1 40090U 14040E   16065.18824437  .00000193  00000-0  85788-4 0  9990,2 40090  47.0059 114.6992 0018887 254.8565 105.0229 14.53099213 87303
1 40090U 14040E   16066.49465838  .00000181  00000-0  82975-4 0  9993,2 40090  47.0059 108.5794 0018908 260.6182  99.2564 14.53099900 87498
1 40090U 14040E   16066.56341698 +.00000187 +00000-0 +84344-4 0  9996,2 40090 047.0059 108.2573 0018908 260.9191 098.9553 14.53099982087509
1 40090U 14040E   16067.52603721  .00000210  00000-0  89847-4 0  9991,2 40090  47.0060 103.7479 0018920 265.1545  94.7178 14.53100779 87649
1 40090U 14040E   16069.10748439  .00000151  00000-0  75738-4 0  9991,2 40090  47.0060  96.3396 0018928 272.1023  87.7693 14.53101599 87871
1 40090U 14040E   16070.48265543  .00000150  00000-0  75549-4 0  9993,2 40090  47.0061  89.8977 0018919 278.1334  81.7403 14.53102577 88078
1 40090U 14040E   16071.51403329  .00000168  00000-0  79799-4 0  9994,2 40090  47.0061  85.0661 0018908 282.6327  77.2443 14.53103457 88225
1 40090U 14040E   16073.16423735  .00000137  00000-0  72515-4 0  9995,2 40090  47.0062  77.3355 0018887 289.8598  70.0250 14.53104520 88460
1 40090U 14040E   16074.47064880  .00000121  00000-0  68644-4 0  9993,2 40090  47.0062  71.2156 0018853 295.6549  64.2388 14.53105262 88658
1 40090U 14040E   16075.77705962  .00000172  00000-0  80925-4 0  9992,2 40090  47.0065  65.0956 0018823 301.4136  58.4906 14.53106411 88844
1 40090U 14040E   16077.15222851  .00000205  00000-0  88773-4 0  9993,2 40090  47.0067  58.6535 0018772 307.4995  52.4181 14.53107496 89045
1 40090U 14040E   16078.18360501  .00000169  00000-0  80275-4 0  9990,2 40090  47.0069  53.8221 0018731 312.0634  47.8655 14.53107968 89197
1 40090U 14040E   16079.42125643  .00000149  00000-0  75470-4 0  9993,2 40090  47.0070  48.0245 0018678 317.5854  42.3585 14.53108664 89371
1 40090U 14040E   16079.90256511 +.00000135 +00000-0 +71995-4 0  9998,2 40090 047.0071 045.7698 0018659 319.7216 040.2285 14.53108915089444
1 40090U 14040E   16081.20897434  .00000127  00000-0  70256-4 0  9999,2 40090  47.0073  39.6502 0018593 325.5374  34.4303 14.53109725 89636
1 40090U 14040E   16081.69028283 +.00000113 +00000-0 +66860-4 0  9991,2 40090 047.0074 037.3955 0018574 327.6730 032.3015 14.53109966089704
1 40090U 14040E   16082.85917483  .00000077  00000-0  58282-4 0  9997,2 40090  47.0074  31.9199 0018508 332.8939  27.0977 14.53110434 89878
1 40090U 14040E   16082.92793314 +.00000073 +00000-0 +57211-4 0  9997,2 40090 047.0074 031.5978 0018502 333.1987 026.7939 14.53110466089880
1 40090U 14040E   16083.89054981  .00000062  00000-0  54516-4 0  9997,2 40090  47.0075  27.0886 0018450 337.5476  22.4599 14.53110942 90024
1 40090U 14040E   16085.19695777  .00000072  00000-0  57032-4 0  9993,2 40090  47.0075  20.9690 0018374 343.4563  16.5719 14.53111672 90217
1 40090U 14040E   16085.88454067 +.00000065 +00000-0 +55364-4 0  9992,2 40090 047.0076 017.7480 0018330 346.5570 013.4823 14.53111987090315
1 40090U 14040E   16086.29709041  .00000075  00000-0  57681-4 0  9998,2 40090  47.0076  15.8156 0018312 348.4725  11.5737 14.53112245 90374
1 40090U 14040E   16086.91591477 +.00000070 +00000-0 +56638-4 0  9995,2 40090 047.0076 012.9167 0018269 351.2599 008.7964 14.53112563090469
1 40090U 14040E   16087.80977192  .00000094  00000-0  62197-4 0  9999,2 40090  47.0077   8.7296 0018219 355.3483   4.7229 14.53113189 90597
1 40090U 14040E   16087.94728843 +.00000093 +00000-0 +61982-4 0  9991,2 40090 047.0077 008.0855 0018212 356.0002 004.0734 14.53113261090617
1 40090U 14040E   16088.84114499  .00000118  00000-0  68093-4 0  9995,2 40090  47.0077   3.8983 0018159   0.0079   0.0802 14.53113954 90747
1 40090U 14040E   16090.14755005  .00000154  00000-0  76546-4 0  9997,2 40090  47.0077 357.7788 0018082   6.0445 354.0653 14.53115044 90938
1 40090U 14040E   16091.52271238  .00000177  00000-0  82047-4 0  9999,2 40090  47.0077 351.3370 0018002  12.3498 347.7823 14.53116113 91134
1 40090U 14040E   16091.72898673 +.00000172 +00000-0 +81047-4 0  9993,2 40090 047.0076 350.3708 0017989 013.3257 346.8098 14.53116209091167
1 40090U 14040E   16092.82911591  .00000157  00000-0  77433-4 0  9997,2 40090  47.0075 345.2173 0017917  18.4265 341.7264 14.53116848 91327
1 40090U 14040E   16094.13551837  .00000164  00000-0  79059-4 0  9990,2 40090  47.0073 339.0976 0017842  24.4894 335.6833 14.53117746 91512
1 40090U 14040E   16094.89185637 +.00000136 +00000-0 +72267-4 0  9997,2 40090 047.0072 335.5544 0017793 028.0324 332.1514 14.53118022091624
1 40090U 14040E   16095.85446785  .00000128  00000-0  70399-4 0  9993,2 40090  47.0070 331.0450 0017744  32.5177 327.6796 14.53118544 91766
1 40090U 14040E   16097.09211044  .00000129  00000-0  70601-4 0  9996,2 40090  47.0069 325.2472 0017683  38.3497 321.8640 14.53119266 91940
1 40090U 14040E   16098.39851013  .00000110  00000-0  66061-4 0  9991,2 40090  47.0068 319.1273 0017617  44.4844 315.7451 14.53119870 92136
1 40090U 14040E   16099.49863525  .00000121  00000-0  68782-4 0  9998,2 40090  47.0066 313.9737 0017570  49.7336 310.5081 14.53120603 92298
1 40090U 14040E   16099.70490862 +.00000116 +00000-0 +67563-4 0  9992,2 40090 047.0066 313.0073 0017559 050.7351 309.5088 14.53120714092320
1 40090U 14040E   16100.80503316  .00000091  00000-0  61545-4 0  9991,2 40090  47.0065 307.8537 0017516  55.9513 304.3031 14.53121145 92482
1 40090U 14040E   16100.87379091 +.00000092 +00000-0 +61882-4 0  9994,2 40090 047.0065 307.5316 0017516 056.2615 303.9935 14.53121187092496
1 40090U 14040E   16102.04267241  .00000076  00000-0  58005-4 0  9993,2 40090  47.0063 302.0558 0017486  61.7638 298.5009 14.53121696 92669
1 40090U 14040E   16104.03664470  .00000056  00000-0  53281-4 0  9998,2 40090  47.0061 292.7145 0017434  71.2188 289.0633 14.53122711 92952
1 40090U 14040E   16104.93049346 +.00000168 +00000-0 +79897-4 0  9991,2 40090 047.0060 288.5271 0017420 075.4727 284.8088 14.53123708093083
1 40090U 14040E   16105.61808446  .00000135  00000-0  32226-4 0  9990,2 40090  47.0055 285.3066 0017302  78.8545 281.4780 14.53121133 93181
1 40090U 14040E   16105.61809610 -.00016841  00000-0  00000+0 0  9996,2 40090  47.0052 285.3060 0017148  76.9821 283.3483 14.53084922 93181
1 40090U 14040E   16105.89312067  .00000136  00000-0  72248-4 0  9998,2 40090  47.0062 284.0180 0017355  80.0852 280.1989 14.53096494 93229
1 40090U 14040E   16106.99326212  .00000134  00000-0  71831-4 0  9992,2 40090  47.0062 278.8642 0017315  85.2522 275.0338 14.53096779 93384
1 40090U 14040E   16108.50595489  .00000103  00000-0  64541-4 0  9991,2 40090  47.0062 271.7780 0017249  92.5959 267.6899 14.53097657 93600
1 40090U 14040E   16108.71223111 +.00000097 +00000-0 +63016-4 0  9992,2 40090 047.0062 270.8118 0017250 093.5977 266.6879 14.53097734093634
1 40090U 14040E   16109.81237046  .00000102  00000-0  64222-4 0  9993,2 40090  47.0062 265.6583 0017258  98.7679 261.5160 14.53098357 93792
1 40090U 14040E   16110.84375046  .00000080  00000-0  58959-4 0  9996,2 40090  47.0062 260.8268 0017270 103.6742 256.6066 14.53098805 93945
1 40090U 14040E   16111.87512991  .00000049  00000-0  51563-4 0  9991,2 40090  47.0061 255.9954 0017286 108.5514 251.7249 14.53099169 94099
1 40090U 14040E   16112.90650878  .00000044  00000-0  50423-4 0  9992,2 40090  47.0061 251.1640 0017299 113.4528 246.8176 14.53099633 94240
1 40090U 14040E   16114.14416269  .00000039  00000-0  49240-4 0  9993,2 40090  47.0062 245.3662 0017321 119.2909 240.9708 14.53100157 94423
1 40090U 14040E   16115.51933283  .00000039  00000-0  49220-4 0  9993,2 40090  47.0061 238.9242 0017356 125.8521 234.3977 14.53100718 94625
1 40090U 14040E   16115.79436672 +.00000047 +00000-0 +51098-4 0  9998,2 40090 047.0061 237.6360 0017366 127.1212 233.1261 14.53100882094664
1 40090U 14040E   16116.75698509  .00000068  00000-0  56097-4 0  9991,2 40090  47.0062 233.1268 0017395 131.6490 228.5886 14.53101395 94800
1 40090U 14040E   16117.78836121  .00000070  00000-0  56615-4 0  9998,2 40090  47.0062 228.2954 0017430 136.5186 223.7075 14.53101921 94951
1 40090U 14040E   16117.92587795 +.00000070 +00000-0 +56514-4 0  9992,2 40090 047.0062 227.6512 0017434 137.1549 223.0696 14.53102012094974
1 40090U 14040E   16119.09477010  .00000085  00000-0  60174-4 0  9993,2 40090  47.0062 222.1756 0017474 142.6606 217.5495 14.53102693 95143
1 40090U 14040E   16120.12614490  .00000106  00000-0  65127-4 0  9991,2 40090  47.0062 217.3443 0017524 147.4845 212.7121 14.53103365 95292
1 40090U 14040E   16121.22627736  .00000117  00000-0  67803-4 0  9995,2 40090  47.0060 212.1909 0017576 152.6447 207.5366 14.53104052 95458
1 40090U 14040E   16122.46392568  .00000109  00000-0  65773-4 0  9999,2 40090  47.0059 206.3933 0017641 158.4160 201.7471 14.53104705 95635
1 40090U 14040E   16123.49529862  .00000115  00000-0  67209-4 0  9995,2 40090  47.0057 201.5619 0017706 163.1885 196.9589 14.53105326 95781
1 40090U 14040E   16124.52667117  .00000113  00000-0  66676-4 0  9991,2 40090  47.0056 196.7304 0017767 167.9415 192.1897 14.53105880 95936
1 40090U 14040E   16125.55804336  .00000088  00000-0  60813-4 0  9999,2 40090  47.0055 191.8991 0017809 172.6969 187.4177 14.53106279 96085
1 40090U 14040E   16127.20823798  .00000051  00000-0  52010-4 0  9996,2 40090  47.0054 184.1687 0017904 180.2762 179.8114 14.53106903 96320
1 40090U 14040E   16128.51464153  .00000038  00000-0  48832-4 0  9999,2 40090  47.0053 178.0490 0017976 186.2137 173.8525 14.53107442 96514
1 40090U 14040E   16128.58339960 +.00000034 +00000-0 +47853-4 0  9991,2 40090 047.0053 177.7269 0017979 186.5303 173.5349 14.53107451096527
1 40090U 14040E   16130.09607670 -.00000001  00000-0  39458-4 0  9993,2 40090  47.0053 170.6407 0018059 193.3713 166.6693 14.53107960 96748
1 40090U 14040E   16130.50862476 +.00000007 +00000-0 +41394-4 0  9993,2 40090 047.0052 168.7082 0018082 195.2180 164.8161 14.53108232096809
1 40090U 14040E   16131.53999497 +.00000030 +00000-0 +46827-4 0  9993,2 40090 047.0051 163.8767 0018134 199.8736 160.1443 14.53108829096959
1 40090U 14040E   16132.50260711 +.00000008 +00000-0 +41659-4 0  9994,2 40090 047.0050 159.3672 0018185 204.1946 155.8084 14.53109097097098
1 40090U 14040E   16134.49658901 -.00000019  00000-0  35304-4 0  9999,2 40090  47.0048 150.0261 0018269 213.1319 146.8421 14.53109695 97385
1 40090U 14040E   16136.14678075 -.00000027  00000-0  33189-4 0  9995,2 40090  47.0049 142.2954 0018348 220.4651 139.4869 14.53110134 97627
1 40090U 14040E   16137.17815043 -.00000012  00000-0  36958-4 0  9998,2 40090  47.0049 137.4639 0018403 225.0081 134.9312 14.53110535 97777
1 40090U 14040E   16138.48455203  .00000020  00000-0  44608-4 0  9990,2 40090  47.0051 131.3440 0018449 230.7786 129.1460 14.53111096 97962
1 40090U 14040E   16139.79095344  .00000008  00000-0  41578-4 0  9990,2 40090  47.0053 125.2241 0018494 236.5502 123.3614 14.53111516 98151
1 40090U 14040E   16141.16611280 -.00000000  00000-0  39616-4 0  9990,2 40090  47.0055 118.7822 0018522 242.5814 117.3185 14.53111986 98359
1 40090U 14040E   16142.40375622 -.00000009  00000-0  37546-4 0  9994,2 40090  47.0056 112.9845 0018531 248.0043 111.8872 14.53112396 98534
1 40090U 14040E   16144.12270552 -.00000030  00000-0  32452-4 0  9996,2 40090  47.0058 104.9320 0018550 255.5253 104.3572 14.53112850 98788
1 40090U 14040E   16145.15407537 -.00000056  00000-0  26413-4 0  9993,2 40090  47.0060 100.1005 0018550 260.0220  99.8570 14.53112950 98938
1 40090U 14040E   16146.18544531 -.00000064  00000-0  24495-4 0  9990,2 40090  47.0061  95.2690 0018547 264.5208  95.3559 14.53113139 99089
1 40090U 14040E   16147.21681542 -.00000069  00000-0  23218-4 0  9996,2 40090  47.0063  90.4376 0018553 269.0298  90.8460 14.53113302 99235
1 40090U 14040E   16148.31694360 -.00000072  00000-0  22500-4 0  9997,2 40090  47.0065  85.2842 0018554 273.8282  86.0480 14.53113502 99392
1 40090U 14040E   16148.86700774 -.00000078 +00000-0 +21203-4 0  9999,2 40090 047.0067 082.7074 0018549 276.2168 083.6602 14.53113594099476
1 40090U 14040E   16149.82962012 -.00000070  00000-0  22898-4 0  9994,2 40090  47.0068  78.1983 0018528 280.4552  79.4243 14.53113830 99619
1 40090U 14040E   16149.89837819 -.00000067 +00000-0 +23762-4 0  9994,2 40090 047.0068 077.8763 0018519 280.7623 079.1175 14.53113862099620
1 40090U 14040E   16150.86099043 -.00000053  00000-0  27110-4 0  9998,2 40090  47.0069  73.3671 0018505 284.9533  74.9302 14.53114185 99760
1 40090U 14040E   16152.16739261 -.00000013  00000-0  36566-4 0  9997,2 40090  47.0071  67.2474 0018457 290.6786  69.2119 14.53114857 99956
1 40090U 14040E   16152.85497263 -.00000002 +00000-0 +39357-4 0  9995,2 40090 047.0071 064.0265 0018439 293.6709 066.2239 14.53115195100057
1 40090U 14040E   16153.26752065  .00000012  00000-0  42596-4 0  9994,2 40090  47.0071  62.0940 0018418 295.4866  64.4113 14.53115427100112
1 40090U 14040E   16153.81758459 +.00000020 +00000-0 +44429-4 0  9994,2 40090 047.0072 059.5171 0018399 297.8658 062.0362 14.53115694100197
1 40090U 14040E   16154.84895435  .00000043  00000-0  50105-4 0  9997,2 40090  47.0072  54.6857 0018354 302.3748  57.5359 14.53116305100349
1 40090U 14040E   16154.91771231 +.00000047 +00000-0 +50938-4 0  9990,2 40090 047.0072 054.3636 0018355 302.6650 057.2462 14.53116355100355
1 40090U 14040E   16156.15535604  .00000108  00000-0  65677-4 0  9994,2 40090  47.0073  48.5661 0018290 308.1820  51.7416 14.53117243100532
1 40090U 14040E   16156.91169357 +.00000112 +00000-0 +66572-4 0  9996,2 40090 047.0073 045.0229 0018249 311.4840 048.4476 14.53117655100645
1 40090U 14040E   16157.80554705  .00000104  00000-0  64716-4 0  9999,2 40090  47.0074  40.8357 0018201 315.4352  44.5068 14.53118047100775
1 40090U 14040E   16158.01182083 +.00000127 +00000-0 +70033-4 0  9993,2 40090 047.0074 039.8695 0018192 316.3497 043.5947 14.53118285100800
1 40090U 14040E   16158.83691614  .00000084  00000-0  59798-4 0  9995,2 40090  47.0074  36.0044 0018139 319.9959  39.9587 14.53118486100925
1 40090U 14040E   16158.90567408 +.00000086 +00000-0 +60265-4 0  9999,2 40090 047.0075 035.6824 0018139 320.3024 039.6532 14.53118527100930
1 40090U 14040E   16160.00580099  .00000091  00000-0  61523-4 0  9998,2 40090  47.0075  30.5290 0018094 325.1854  34.7845 14.53119077101097
1 40090U 14040E   16161.03716974  .00000060  00000-0  54092-4 0  9994,2 40090  47.0075  25.6976 0018024 329.7703  30.2140 14.53119424101241
1 40090U 14040E   16161.86226461 +.00000043 +00000-0 +50036-4 0  9997,2 40090 047.0075 021.8325 0017973 333.4412 026.5550 14.53119732101366
1 40090U 14040E   16162.75611726  .00000035  00000-0  48079-4 0  9993,2 40090  47.0074  17.6453 0017925 337.4323  22.5771 14.53120088101493
1 40090U 14040E   16162.89363305 +.00000044 +00000-0 +50282-4 0  9994,2 40090 047.0074 017.0012 0017907 338.0412 021.9703 14.53120184101512
1 40090U 14040E   16163.78748545  .00000039  00000-0  49193-4 0  9999,2 40090  47.0073  12.8139 0017855 342.0325  17.9926 14.53120558101645
1 40090U 14040E   16163.85624332 +.00000042 +00000-0 +49900-4 0  9994,2 40090 047.0073 012.4918 0017852 342.3431 017.6830 14.53120601101655
1 40090U 14040E   16165.02512700  .00000028  00000-0  46425-4 0  9993,2 40090  47.0073   7.0162 0017759 347.6143  12.4302 14.53121026101828
1 40090U 14040E   16166.53779954  .00000036  00000-0  48512-4 0  9994,2 40090  47.0073 359.9298 0017648 354.4169   5.6515 14.53121631102045
1 40090U 14040E   16167.56916676  .00000042  00000-0  49725-4 0  9996,2 40090  47.0073 355.0983 0017568 359.0974   0.9875 14.53122094102196
1 40090U 14040E   16167.84419808 +.00000038 +00000-0 +48802-4 0  9992,2 40090 047.0073 353.8100 0017553 000.3655 359.7239 14.53122161102238
1 40090U 14040E   16168.66929156  .00000048  00000-0  51186-4 0  9995,2 40090  47.0073 349.9448 0017492   4.1034 355.9990 14.53122571102354
1 40090U 14040E   16168.87556494 +.00000036 +00000-0 +48419-4 0  9991,2 40090 047.0073 348.9786 0017473 005.0499 355.0558 14.53122583102389
1 40090U 14040E   16169.83817385  .00000010  00000-0  42178-4 0  9995,2 40090  47.0073 344.4692 0017400   9.4530 350.6678 14.53122800102522
1 40090U 14040E   16169.90693162 +.00000010 +00000-0 +42194-4 0  9996,2 40090 047.0073 344.1471 0017400 009.7716 350.3503 14.53122827102537
1 40090U 14040E   16171.48835982 -.00000002  00000-0  39328-4 0  9997,2 40090  47.0073 336.7389 0017288  17.0208 343.1252 14.53123361102764
1 40090U 14040E   16172.51972557 -.00000011  00000-0  37162-4 0  9996,2 40090  47.0072 331.9074 0017192  21.7743 338.3868 14.53123688102919
1 40090U 14040E   16172.79475655 -.00000018 +00000-0 +35619-4 0  9995,2 40090 047.0072 330.6191 0017203 023.0664 337.0989 14.53123707102951
1 40090U 14040E   16173.82612204 -.00000028  00000-0  33067-4 0  9999,2 40090  47.0072 325.7877 0017148  27.8465 332.3333 14.53123971103108
1 40090U 14040E   16173.89487973 -.00000029 +00000-0 +32944-4 0  9993,2 40090 047.0071 325.4656 0017142 028.1661 332.0147 14.53123992103119
1 40090U 14040E   16174.85748721 -.00000031  00000-0  32410-4 0  9992,2 40090  47.0071 320.9562 0017088  32.6437 327.5499 14.53124240103256
1 40090U 14040E   16175.88885205 -.00000036  00000-0  31118-4 0  9994,2 40090  47.0071 316.1247 0017028  37.4460 322.7607 14.53124481103408
1 40090U 14040E   16177.47027733 -.00000036  00000-0  31244-4 0  9995,2 40090  47.0071 308.7163 0016946  44.8249 315.4001 14.53124932103630
1 40090U 14040E   16178.50164124 -.00000039  00000-0  30518-4 0  9992,2 40090  47.0071 303.8849 0016904  49.6620 310.5737 14.53125175103785
1 40090U 14040E   16178.77667155 -.00000036 +00000-0 +31267-4 0  9992,2 40090 047.0070 302.5966 0016899 050.9417 309.2967 14.53125266103828
1 40090U 14040E   16179.73927731 -.00000038  00000-0  30712-4 0  9994,2 40090  47.0070 298.0873 0016857  55.4610 304.7862 14.53125537103963
1 40090U 14040E   16181.18318532 -.00000041  00000-0  29936-4 0  9999,2 40090  47.0069 291.3233 0016799  62.2341 298.0244 14.53125925104173
1 40090U 14040E   16182.42082007 -.00000042  00000-0  29842-4 0  9999,2 40090  47.0067 285.5256 0016761  68.1269 292.1395 14.53126272104352
1 40090U 14040E   16183.45218197 -.00000041  00000-0  29902-4 0  9990,2 40090  47.0066 280.6942 0016734  73.0128 287.2588 14.53126530104501
1 40090U 14040E   16183.72721177 -.00000039 +00000-0 +30500-4 0  9990,2 40090 047.0065 279.4059 0016725 074.2996 285.9731 14.53126598104544
1 40090U 14040E   16184.68981574 -.00000035  00000-0  31434-4 0  9998,2 40090  47.0063 274.8965 0016700  78.8540 281.4220 14.53126816104687
1 40090U 14040E   16185.72117670 -.00000043  00000-0  29426-4 0  9999,2 40090  47.0062 270.0650 0016673  83.7474 276.5308 14.53126991104838
1 40090U 14040E   16187.23383887 -.00000058  00000-0  25993-4 0  9993,2 40090  47.0060 262.9787 0016658  90.9063 269.3730 14.53127190105050
1 40090U 14040E   16188.33395624 -.00000062  00000-0  24983-4 0  9990,2 40090  47.0059 257.8251 0016652  96.1445 264.1336 14.53127381105218
1 40090U 14040E   16189.36531587 -.00000068  00000-0  23517-4 0  9992,2 40090  47.0058 252.9936 0016659 101.0264 259.2494 14.53127562105362
1 40090U 14040E   16190.46543249 -.00000080  00000-0  20670-4 0  9994,2 40090  47.0057 247.8401 0016640 106.2298 254.0417 14.53127664105524
1 40090U 14040E   16191.49679138 -.00000082  00000-0  20193-4 0  9997,2 40090  47.0055 243.0086 0016656 111.1233 249.1432 14.53127828105670
1 40090U 14040E   16192.52814993 -.00000088  00000-0  18716-4 0  9996,2 40090  47.0053 238.1771 0016686 115.9898 244.2706 14.53127979105820
1 40090U 14040E   16192.94069320 -.00000092 +00000-0 +17899-4 0  9994,2 40090 047.0053 236.2445 0016689 117.9495 242.3080 14.53128038105882
1 40090U 14040E   16193.55950814 -.00000086  00000-0  19258-4 0  9993,2 40090  47.0051 233.3456 0016712 120.8714 239.3816 14.53128138105978
1 40090U 14040E   16195.20968054 -.00000080  00000-0  20709-4 0  9999,2 40090  47.0049 225.6149 0016760 128.6526 231.5861 14.53128422106216
1 40090U 14040E   16196.37855220 -.00000069  00000-0  23317-4 0  9993,2 40090  47.0049 220.1391 0016797 134.1086 226.1182 14.53128640106384
1 40090U 14040E   16197.40990916 -.00000064  00000-0  24523-4 0  9995,2 40090  47.0048 215.3074 0016831 138.9179 221.2975 14.53128823106537
1 40090U 14040E   16198.51002283 -.00000068  00000-0  23616-4 0  9995,2 40090  47.0048 210.1537 0016872 144.0284 216.1738 14.53129035106697
1 40090U 14040E   16199.54137928 -.00000088 +00000-0 +18764-4 0  9994,2 40090 047.0049 205.3221 0016917 148.8111 211.3780 14.53129099106846
1 40090U 14040E   16201.19154888 -.00000113  00000-0  12713-4 0  9990,2 40090  47.0049 197.5915 0017007 156.4850 203.6814 14.53129279107083
1 40090U 14040E   16202.36041879 -.00000121  00000-0  10872-4 0  9998,2 40090  47.0049 192.1158 0017067 161.8654 198.2841 14.53129413107259
1 40090U 14040E   16203.39177437 -.00000126  00000-0  96712-5 0  9995,2 40090  47.0049 187.2841 0017128 166.6357 193.4983 14.53129511107404
1 40090U 14040E   16204.49188676 -.00000120  00000-0  11029-4 0  9995,2 40090  47.0049 182.1303 0017185 171.6660 188.4512 14.53129702107568
1 40090U 14040E   16205.52324207 -.00000107  00000-0  14251-4 0  9997,2 40090  47.0050 177.2987 0017239 176.3256 183.7757 14.53129901107713
1 40090U 14040E   16206.55459726 -.00000103  00000-0  15012-4 0  9998,2 40090  47.0051 172.4671 0017295 180.9807 179.1045 14.53130024107869
1 40090U 14040E   16206.89838231 -.00000099 +00000-0 +16132-4 0  9995,2 40090 047.0052 170.8565 0017313 182.5333 177.5465 14.53130068107919
1 40090U 14040E   16207.86098033 -.00000092  00000-0  17619-4 0  9995,2 40090  47.0053 166.3470 0017369 186.8957 173.1690 14.53130244108059
1 40090U 14040E   16207.92973731 -.00000091 +00000-0 +18088-4 0  9999,2 40090 047.0054 166.0249 0017374 187.1952 172.8684 14.53130278108063
1 40090U 14040E   16208.89233547 -.00000106  00000-0  14294-4 0  9992,2 40090  47.0056 161.5155 0017422 191.4865 168.5623 14.53130276108205
1 40090U 14040E   16210.19871850 -.00000114  00000-0  12467-4 0  9992,2 40090  47.0058 155.3957 0017495 197.3308 162.6980 14.53130390108393
1 40090U 14040E   16210.47374647 -.00000121 +00000-0 +10800-4 0  9992,2 40090 047.0059 154.1073 0017504 198.5607 161.4639 14.53130416108438
1 40090U 14040E   16211.36758744 -.00000122  00000-0  10485-4 0  9995,2 40090  47.0060 149.9200 0017552 202.5486 157.4628 14.53130521108562
1 40090U 14040E   16212.88024139 -.00000125  00000-0  99456-5 0  9996,2 40090  47.0061 142.8338 0017633 209.2815 150.7081 14.53130700108789
1 40090U 14040E   16214.11786732 -.00000110  00000-0  13406-4 0  9992,2 40090  47.0061 137.0362 0017683 214.7377 145.2353 14.53130965108965
1 40090U 14040E   16215.14922230 -.00000092  00000-0  17786-4 0  9995,2 40090  47.0062 132.2047 0017726 219.2717 140.6882 14.53131205109111
1 40090U 14040E   16216.24933422 -.00000055  00000-0  26461-4 0  9991,2 40090  47.0062 127.0511 0017765 224.1147 135.8320 14.53131582109272
1 40090U 14040E   16216.86814712 -.00000036 +00000-0 +31176-4 0  9997,2 40090 047.0063 124.1522 0017792 226.8196 133.1202 14.53131827109368
1 40090U 14040E   16217.76198783 -.00000012  00000-0  36836-4 0  9992,2 40090  47.0063 119.9649 0017818 230.7317 129.1986 14.53132200109492
1 40090U 14040E   16219.13712751  .00000015  00000-0  43318-4 0  9997,2 40090  47.0065 113.5231 0017855 236.7272 123.1901 14.53132724109692
1 40090U 14040E   16220.16848215  .00000009  00000-0  41755-4 0  9993,2 40090  47.0065 108.6916 0017879 241.2261 118.6827 14.53133052109840
1 40090U 14040E   16220.85605191 +.00000002 +00000-0 +40071-4 0  9996,2 40090 047.0066 105.4707 0017891 244.2041 115.6997 14.53133266109940
1 40090U 14040E   16221.81864959 -.00000003  00000-0  39024-4 0  9990,2 40090  47.0066 100.9613 0017911 248.3987 111.4988 14.53133563110084
1 40090U 14040E   16221.88740652 +.00000001 +00000-0 +39961-4 0  9997,2 40090 047.0066 100.6392 0017913 248.6868 111.2104 14.53133619110099
1 40090U 14040E   16222.85000417 -.00000009  00000-0  37599-4 0  9997,2 40090  47.0066  96.1298 0017933 252.8493 107.0427 14.53133888110231
1 40090U 14040E   16223.88135885 -.00000004  00000-0  38784-4 0  9991,2 40090  47.0065  91.2983 0017939 257.2741 102.6137 14.53134239110384
1 40090U 14040E   16224.91271345 -.00000001 +00000-0 +39462-4 0  9999,2 40090 047.0065 086.4667 0017947 261.7131 098.1718 14.53134574110534
1 40090U 14040E   16225.94406816 -.00000002 +00000-0 +39196-4 0  9991,2 40090 047.0065 081.6351 0017945 266.1571 093.7261 14.53134869110683
1 40090U 14040E   16226.90666589 +.00000003 +00000-0 +40341-4 0  9997,2 40090 047.0065 077.1256 0017946 270.3284 089.5543 14.53135179110823
1 40090U 14040E   16227.80050663 -.00000003  00000-0  38985-4 0  9999,2 40090  47.0066  72.9381 0017944 274.1674  85.7158 14.53135409110959
1 40090U 14040E   16227.93802063 -.00000002 +00000-0 +39293-4 0  9994,2 40090 047.0065 072.2939 0017943 274.7818 085.1016 14.53135443110972
1 40090U 14040E   16228.83186142 -.00000011  00000-0  37199-4 0  9990,2 40090  47.0066  68.1065 0017934 278.6444  81.2408 14.53135667111101
1 40090U 14040E   16228.90061842 -.00000009 +00000-0 +37497-4 0  9995,2 40090 047.0066 067.7844 0017932 278.9498 080.9356 14.53135693111119
1 40090U 14040E   16230.00073023 -.00000015  00000-0  36218-4 0  9990,2 40090  47.0067  62.6308 0017908 283.7152  76.1737 14.53136007111270
1 40090U 14040E   16231.78841193 -.00000034  00000-0  31508-4 0  9995,2 40090  47.0068  54.2561 0017862 291.3631  68.5346 14.53136440111536
1 40090U 14040E   16231.85716895 -.00000036 +00000-0 +31219-4 0  9994,2 40090 047.0068 053.9341 0017859 291.6541 068.2441 14.53136444111545
1 40090U 14040E   16232.81976692 -.00000048  00000-0  28223-4 0  9998,2 40090  47.0069  49.4246 0017833 295.8523  64.0521 14.53136651111686
1 40090U 14040E   16232.88852393 -.00000048 +00000-0 +28187-4 0  9995,2 40090 047.0069 049.1026 0017830 296.1538 063.7511 14.53136667111699
1 40090U 14040E   16233.85112194 -.00000050  00000-0  27756-4 0  9995,2 40090  47.0069  44.5931 0017801 300.3283  59.5840 14.53136897111835
1 40090U 14040E   16234.95123396 -.00000054  00000-0  26780-4 0  9993,2 40090  47.0070  39.4394 0017764 305.1003  54.8214 14.53137153111990
1 40090U 14040E   16236.46388831 -.00000068  00000-0  23581-4 0  9999,2 40090  47.0071  32.3529 0017712 311.7751  48.1619 14.53137371112212
1 40090U 14040E   16237.49524347 -.00000059  00000-0  25681-4 0  9990,2 40090  47.0072  27.5212 0017671 316.3157  43.6327 14.53137633112366
1 40090U 14040E   16237.83902849 -.00000056 +00000-0 +26250-4 0  9995,2 40090 047.0073 025.9107 0017654 317.8115 042.1410 14.53137727112410
1 40090U 14040E   16238.73286959 -.00000057  00000-0  26127-4 0  9996,2 40090  47.0074  21.7234 0017613 321.7302  38.2331 14.53137938112549
1 40090U 14040E   16238.87038362 -.00000057 +00000-0 +26178-4 0  9990,2 40090 047.0074 021.0792 0017608 322.3489 037.6161 14.53137975112565
1 40090U 14040E   16239.83298163 -.00000053  00000-0  27146-4 0  9996,2 40090  47.0075  16.5698 0017561 326.5216  33.4556 14.53138241112707
1 40090U 14040E   16239.90173863 -.00000053 +00000-0 +27057-4 0  9994,2 40090 047.0075 016.2476 0017559 326.8313 033.1468 14.53138259112715
1 40090U 14040E   16241.20812170 -.00000040  00000-0  30273-4 0  9991,2 40090  47.0077  10.1277 0017496 332.6051  27.3909 14.53138646112909
1 40090U 14040E   16242.44574762 -.00000027  00000-0  33357-4 0  9991,2 40090  47.0077   4.3300 0017426 338.0829  21.9308 14.53139049113088
1 40090U 14040E   16242.72077564 -.00000020 +00000-0 +34888-4 0  9993,2 40090 047.0077 003.0417 0017412 339.3331 020.6846 14.53139131113120
1 40090U 14040E   16243.61461643 -.00000025  00000-0  33784-4 0  9996,2 40090  47.0077 358.8544 0017365 343.2898  16.7411 14.53139339113259
1 40090U 14040E   16243.75213040 -.00000023 +00000-0 +34168-4 0  9992,2 40090 047.0077 358.2103 0017360 343.9034 016.1296 14.53139385113276
1 40090U 14040E   16244.78348501 -.00000011  00000-0  37215-4 0  9990,2 40090  47.0077 353.3789 0017299 348.5161  11.5325 14.53139732113420
1 40090U 14040E   16246.50240866  .00000045  00000-0  50403-4 0  9997,2 40090  47.0076 345.3264 0017196 356.2085   3.8666 14.53140576113672
1 40090U 14040E   16246.57116560 +.00000047 +00000-0 +51028-4 0  9993,2 40090 047.0076 345.0044 0017195 356.5239 003.5522 14.53140613113689
1 40090U 14040E   16247.67127614  .00000069  00000-0  56180-4 0  9995,2 40090  47.0075 339.8508 0017134   1.4871 358.6060 14.53141187113841
1 40090U 14040E   16248.70262933  .00000082  00000-0  59416-4 0  9994,2 40090  47.0075 335.0194 0017072   6.1410 353.9680 14.53141749113998
1 40090U 14040E   16250.21528004  .00000071  00000-0  56792-4 0  9999,2 40090  47.0074 327.9332 0016984  12.9997 347.1321 14.53142413114219
1 40090U 14040E   16251.45290278  .00000035  00000-0  48137-4 0  9999,2 40090  47.0073 322.1356 0016908  18.6627 341.4873 14.53142825114395
1 40090U 14040E   16252.48425467  .00000033  00000-0  47653-4 0  9993,2 40090  47.0071 317.3041 0016852  23.4087 336.7560 14.53143253114545
1 40090U 14040E   16253.51560622  .00000027  00000-0  46243-4 0  9998,2 40090  47.0069 312.4727 0016802  28.1660 332.0129 14.53143622114699
1 40090U 14040E   16253.58436297 +.00000027 +00000-0 +46342-4 0  9995,2 40090 047.0069 312.1506 0016802 028.4859 331.6940 14.53143656114709
1 40090U 14040E   16254.61571403  .00000030  00000-0  46898-4 0  9999,2 40090  47.0067 307.3191 0016750  33.2009 326.9922 14.53144053114851
1 40090U 14040E   16255.64706476  .00000021  00000-0  44684-4 0  9994,2 40090  47.0065 302.4874 0016698  37.9622 322.2436 14.53144337115008
1 40090U 14040E   16256.54090168 +.00000023 +00000-0 +45239-4 0  9997,2 40090 047.0063 298.2999 0016653 042.1210 318.0950 14.53144639115131
1 40090U 14040E   16257.50349495  .00000008  00000-0  41698-4 0  9992,2 40090  47.0062 293.7903 0016607  46.6061 313.6203 14.53144879115270
1 40090U 14040E   16258.53484449  .00000001  00000-0  39993-4 0  9993,2 40090  47.0060 288.9585 0016570  51.4014 308.8351 14.53145170115423
1 40090U 14040E   16260.18500273 -.00000008  00000-0  37879-4 0  9990,2 40090  47.0059 281.2276 0016516  59.1029 301.1476 14.53145703115667
1 40090U 14040E   16261.49137731 -.00000008  00000-0  37874-4 0  9995,2 40090  47.0058 275.1076 0016495  65.2109 295.0488 14.53146134115853
1 40090U 14040E   16261.90391649 -.00000013 +00000-0 +36659-4 0  9997,2 40090 047.0057 273.1748 0016478 067.1600 293.1022 14.53146225115915
1 40090U 14040E   16263.14153356 -.00000022  00000-0  34475-4 0  9990,2 40090  47.0055 267.3766 0016459  73.0024 287.2662 14.53146584116095
1 40090U 14040E   16264.17288056  .00000014  00000-0  43182-4 0  9995,2 40090  47.0054 262.5448 0016448  77.8718 282.4007 14.53147118116249
1 40090U 14040E   16265.41049642  .00000013  00000-0  42933-4 0  9991,2 40090  47.0053 256.7467 0016444  83.6964 276.5791 14.53147468116420
1 40090U 14040E   16265.96054764 +.00000004 +00000-0 +40682-4 0  9991,2 40090 047.0054 254.1697 0016435 086.2926 273.9837 14.53147589116500
1 40090U 14040E   16266.44184245  .00000008  00000-0  41674-4 0  9999,2 40090  47.0054 251.9149 0016444  88.5644 271.7124 14.53147752116573
1 40090U 14040E   16267.95448240 -.00000000  00000-0  39766-4 0  9996,2 40090  47.0055 244.8283 0016450  95.6778 264.5981 14.53148171116799
1 40090U 14040E   16269.05458346 -.00000001  00000-0  39539-4 0  9996,2 40090  47.0056 239.6744 0016459 100.9093 259.3643 14.53148547116955
1 40090U 14040E   16270.15468390  .00000014  00000-0  43150-4 0  9996,2 40090  47.0057 234.5206 0016487 106.0436 254.2265 14.53149049117113
1 40090U 14040E   16272.07985818  .00000036  00000-0  48415-4 0  9991,2 40090  47.0058 225.5016 0016537 115.0804 245.1798 14.53149933117390
1 40090U 14040E   16273.24871303  .00000066  00000-0  55490-4 0  9998,2 40090  47.0058 220.0259 0016580 120.5510 239.7012 14.53150601117563
1 40090U 14040E   16274.28005497  .00000066  00000-0  55505-4 0  9993,2 40090  47.0058 215.1943 0016622 125.3475 234.8965 14.53151052117719
1 40090U 14040E   16274.89885982 +.00000060 +00000-0 +53975-4 0  9998,2 40090 047.0058 212.2952 0016645 128.2612 231.9772 14.53151302117809
1 40090U 14040E   16275.86144484  .00000051  00000-0  51916-4 0  9994,2 40090  47.0058 207.7856 0016685 132.7568 227.4723 14.53151687117942
1 40090U 14040E   16277.16780950  .00000062  00000-0  54613-4 0  9992,2 40090  47.0059 201.6657 0016753 138.8146 221.4005 14.53152328118132
1 40090U 14040E   16278.19914944  .00000058  00000-0  53663-4 0  9997,2 40090  47.0059 196.8341 0016805 143.5845 216.6185 14.53152774118280
1 40090U 14040E   16278.88670904 +.00000053 +00000-0 +52335-4 0  9998,2 40090 047.0060 193.6130 0016844 146.7729 213.4215 14.53153096118380
1 40090U 14040E   16279.23048875  .00000076  00000-0  57922-4 0  9996,2 40090  47.0060 192.0026 0016859 148.3136 211.8766 14.53153397118436
